id,pr_mean,pr_std,qr_mean,qr_std,sr_mean,sr_std,tr_mean,tr_std,por_mean,por_std,tor_mean,tor_std
0,40.121212121212125,5.2929774845519875,15.701492537313433,7.582412732564697,-24.65671641791045,7.310904223238889,-83.61194029850746,5.904602869051555,59.40909090909091,9.469212108799365,-102.46268656716418,6.1845458772435355
1,42.696969696969695,11.46664424368363,14.971428571428572,10.42109320913451,-10.38888888888889,5.54916298882482,-66.38888888888889,11.762175199855626,62.96969696969697,13.767517433139826,-92.25714285714285,4.231466190630498
2,41.92857142857143,1.0326308782000686,16.642857142857142,3.096245257384749,-9.1,0.4725815626252608,-78.83333333333333,23.207877015262632,61.392857142857146,11.511917072923934,-120.33333333333333,5.467073155618908
3,46.416666666666664,11.715078128444366,16.614285714285714,10.451647658408227,-12.73972602739726,9.076580427325379,-61.986111111111114,5.933644784792798,64.73333333333333,7.926467617349414,-81.13888888888889,4.975790153766634
4,38.41860465116279,7.04877544416787,10.577777777777778,9.855599398624763,-10.521739130434783,5.033535927352369,-62.37777777777778,5.900240631209277,62.02325581395349,17.44024798747976,-83.75555555555556,6.726912963959871
5,51.2962962962963,17.47551687322245,27.48148148148148,16.223828772131284,-10.448275862068966,8.096769074213585,-78.17241379310344,18.414890836451637,71.14814814814815,17.002622245915816,-103.75862068965517,13.466830701096146
6,41.925,2.1953074955458973,15.1,4.448595283907045,-9.268292682926829,0.5421002627047041,-72.07317073170732,2.341463414634146,73.35,20.911181219625064,-93.975,2.361011435804579
7,60.303030303030305,24.1779825316777,31.333333333333332,24.543126927208753,-10.465116279069768,0.4987816416169121,-66.16279069767442,5.730092870541433,83.9090909090909,15.599851662782772,-91.97674418604652,9.97552440095728
8,41.610169491525426,12.469647147023553,15.333333333333334,11.380783023246783,-13.181818181818182,10.178570910747931,-82.48484848484848,7.167355338812269,60.271186440677965,16.304133310272526,-105.25757575757575,7.638242313399084
9,48.75,12.62355602303355,20.076923076923077,8.835779870343067,-27.076923076923077,10.186427912151908,-62.46153846153846,21.95665444816703,65.08333333333333,14.133048346183337,-95.84615384615384,16.70949133252464
10,55.625,4.3714271125114275,13.25,4.100304866714182,-24.26923076923077,3.5033796024771933,-94.57692307692308,2.1514409647610764,76.375,11.20755883321609,-114.42307692307692,3.7741333893010043
11,47.266666666666666,20.697718607507337,17.393939393939394,10.485023645410235,-20.272727272727273,20.085080739682358,-41.90625,28.631668846532506,61.86666666666667,19.61416721544801,-97.70967741935483,17.34692228607621
12,42.5,1.5545631755148024,20.96,11.694374716076101,-9.48,0.8541662601625049,-107.48,1.6521501142450705,59.5,3.1885210782848317,-127.96,1.7771887913218447
13,50.74193548387097,9.280460715536265,18.96969696969697,7.288367022012995,-22.263157894736842,7.82937858166721,-69.63157894736842,2.507053760803064,74.83870967741936,11.684278862155596,-90.84210526315789,4.451648516587474
14,27.933333333333334,6.087875016967926,8.96774193548387,0.3094084853750142,-26.066666666666666,11.304669634958625,-74.51724137931035,1.6737463585533239,51.03333333333333,10.647326216264606,-94.58620689655173,9.550292435960598
15,46.375,23.259070811191062,34.7,27.129504234320244,-14.642857142857142,13.27783944804889,-81.07142857142857,20.59980681502442,61.25,26.219029348928995,-102.53571428571429,24.438672723570644
16,48.470588235294116,19.30595046050287,8.61111111111111,0.48749802152178456,-59.611111111111114,16.697101840635195,-96.73333333333333,6.276587891167904,78.29411764705883,20.696020378700126,-120.6,8.987398585426893
17,45.58139534883721,16.572929114925653,21.355555555555554,13.229857739313342,-16.266666666666666,11.507292373872223,-66.29545454545455,9.63794476736835,65.34883720930233,18.236028383561408,-92.3409090909091,12.83451168072415
18,44.4,14.249210504445502,11.107142857142858,5.524874179008744,-47.964285714285715,28.459849089622413,-96.38461538461539,29.328480412622973,77.2,15.7403938959608,-129.2,17.19069515755544
19,33.18181818181818,11.660486359871973,13.833333333333334,9.405967373014976,-12.461538461538462,5.569358264583986,-61.61538461538461,11.73121058438335,58.72727272727273,16.287702606517197,-95.15384615384616,16.056851659248167
20,34.542857142857144,10.659249121618966,13.114285714285714,9.232772153186335,-34.68571428571428,26.48856511086724,-46.58064516129032,30.997163443116058,58.02857142857143,12.129034149006056,-81.29032258064517,21.585828009684583
21,35.1764705882353,18.67913366840326,13.972972972972974,10.338818183511208,-14.81081081081081,5.77898259930988,-70.4054054054054,6.205749119400797,71.6470588235294,24.940968367611287,-92.29729729729729,10.11518757722392
22,45.166666666666664,6.851196164823256,14.333333333333334,4.777260953959101,-34.54838709677419,7.2549814240326835,-81.76666666666667,6.636682571553016,65.76666666666667,10.932164571676653,-100.13333333333334,8.739692341394074
23,37.372549019607845,4.279274193148424,13.058823529411764,5.34830654783759,-21.98076923076923,2.7975977649472537,-69.48076923076923,1.3515003716010845,54.745098039215684,7.928215033526733,-89.0576923076923,2.18749471681526
24,36.5,6.7703940279807675,9.264705882352942,0.44117647058823534,-9.882352941176471,1.6585731976319629,-69.93939393939394,1.7045286194454827,57.14705882352941,15.679008733937637,-94.3030303030303,3.442029426782883
25,44.69230769230769,10.687049066579572,17.76923076923077,4.9482529341770425,-15.678571428571429,7.382670690922916,-97.96428571428571,22.188288646518565,72.92307692307692,12.347292063516402,-129.85714285714286,20.129428147640468
26,35.15384615384615,14.916929741049538,11.615384615384615,1.146128032750103,-16.074074074074073,13.721909828003039,-92.62962962962963,14.74762541626215,61.03846153846154,27.64539295215913,-115.11111111111111,11.506305303110771
27,42.25,1.242836617236094,14.5,4.187566630599958,-11.392857142857142,0.48838551182776224,-79.5925925925926,1.063162969956098,57.32142857142857,6.251020324878237,-102.29629629629629,2.224689987804623
28,45.03846153846154,23.99115344844808,16.607142857142858,15.007948574277673,-18.310344827586206,18.39809481942471,-66.10714285714286,14.809117089806259,75.57692307692308,20.81636389759652,-95.32142857142857,16.501198163052482
29,66.0,7.042726744663604,34.25,13.15532211692287,-11.333333333333334,7.937253933193771,-60.11764705882353,10.436825937043235,80.5,3.0083217912982647,-80.76470588235294,8.61277718252642
30,43.4,16.17322890870383,20.125,11.975887232268013,-13.03125,4.405141704587947,-69.09375,21.42918479404898,57.36666666666667,17.636105642182525,-92.70967741935483,20.654131115929477
31,50.0,13.824993120526631,24.964285714285715,14.467900782809664,-20.1875,25.8050836803526,-72.27586206896552,5.782831615931454,75.47826086956522,9.310440914312467,-103.86206896551724,7.431174492640537
32,53.25714285714286,4.600266185732282,12.0,5.742075284374855,-19.457142857142856,6.677650815081847,-71.38235294117646,1.7659309473268325,70.05714285714286,5.121064940268672,-92.76470588235294,3.614178155130738
33,50.48936170212766,19.073064822420005,30.54237288135593,20.629353805614723,-36.310344827586206,28.994177118477523,-76.36538461538461,21.04485031669437,70.08510638297872,17.208149711053895,-102.13461538461539,19.721160878369524
34,52.04761904761905,21.950108342234387,12.428571428571429,1.6204475740165292,-9.785714285714286,0.41032590332414487,-41.829268292682926,9.338883933486967,85.23809523809524,19.732508256330917,-81.17073170731707,2.1057695311365245
35,57.5,31.109573374695376,38.611111111111114,31.155771516132162,-23.3125,17.21815448153489,-93.44827586206897,5.493483329938658,79.77777777777777,29.233837995559483,-120.72413793103448,5.25814017024466
36,50.05714285714286,16.637209342130596,24.142857142857142,13.596518161737182,-16.486486486486488,14.557660974917233,-71.08108108108108,18.16200128628879,75.74285714285715,16.336362345818532,-97.21621621621621,22.73006716335321
37,37.10344827586207,2.0735581211548837,15.96551724137931,2.370548585144443,-10.620689655172415,0.5517241379310344,-75.27586206896552,1.5734116615930804,60.275862068965516,13.738685756861994,-96.03448275862068,2.8221141331876036
38,42.72,17.181043817727335,19.0126582278481,11.881795106764853,-12.634146341463415,7.993155906426312,-64.71951219512195,11.023560566664676,72.38666666666667,19.74564480813146,-91.48780487804878,14.535275763565789
39,46.03125,1.6295009780604612,20.90625,7.112310520323195,-15.633333333333333,10.891842003179363,-70.06666666666666,13.616003655829251,63.625,8.594147718069546,-98.83333333333333,16.623443953913064
40,51.285714285714285,9.267289412833964,19.303571428571427,9.748479080746653,-22.321428571428573,8.569270561674646,-92.79591836734694,8.251108996177756,74.71428571428571,13.011964666790174,-118.95918367346938,8.329831278575178
41,43.18421052631579,7.5458432724594,14.447368421052632,5.240014907677934,-20.92105263157895,6.558969667752175,-67.55263157894737,12.285415761919225,76.21052631578948,19.55176381158601,-99.78947368421052,13.89274307864748
42,70.8157894736842,21.231623959454414,22.358490566037737,6.8020372631408215,-18.037735849056602,8.829543598433578,-45.924528301886795,17.708167880477113,85.23684210526316,19.072485294026542,-93.26415094339623,14.722785502694391
43,55.03448275862069,20.92759728637612,17.483870967741936,8.911286673477578,-26.35483870967742,22.558237730153355,-52.41935483870968,33.87145928982801,69.65517241379311,19.50645492115272,-102.06666666666666,15.686370587941056
44,53.98275862068966,1.8335134851854016,20.275862068965516,7.014254214659715,-9.982758620689655,2.806957976113477,-79.20689655172414,8.976518449379864,75.1896551724138,7.257473904004122,-100.01724137931035,10.105463492092378
45,47.294117647058826,1.524880164331261,17.0,3.8577652781340226,-11.235294117647058,0.6443794794178425,-81.92857142857143,17.7279613110165,63.529411764705884,5.917249431150408,-96.42857142857143,18.646004113153978
46,44.27272727272727,22.464480687565057,17.863636363636363,12.596159063003924,-15.113636363636363,14.901519002941995,-65.04545454545455,13.468742509729275,67.4090909090909,21.61262066249316,-90.5813953488372,14.851564099196304
47,57.57142857142857,26.25619460436033,27.727272727272727,9.630358334604821,-22.727272727272727,22.21830084776925,-49.18181818181818,27.20233339529461,79.71428571428571,18.827899402704684,-112.54545454545455,12.992050970872615
48,41.1578947368421,11.462814745238472,20.44736842105263,6.188688188610319,-10.609756097560975,5.290940479727946,-62.707317073170735,7.868566369062578,65.52631578947368,15.549135772405425,-87.78048780487805,12.08811590379203
49,47.371428571428574,15.888155002634985,19.205128205128204,16.56870619522126,-21.951807228915662,17.015870419450014,-76.09333333333333,15.304180982841112,70.58571428571429,18.81829873678646,-101.85333333333334,17.267073354283937
50,46.39393939393939,3.4810255710968194,14.972222222222221,4.468942897071291,-25.333333333333332,8.875115591792413,-68.38709677419355,19.733183807591292,65.75757575757575,7.113922768301023,-97.38709677419355,13.804341110924629
51,55.095238095238095,13.089089465602592,32.4,24.099792530227308,-27.703703703703702,11.174755991419413,-90.18518518518519,11.145625406698683,81.71428571428571,19.700478256565624,-113.0,10.266810965796896
52,50.083333333333336,10.831730650680383,16.62962962962963,15.874853509147728,-19.321428571428573,7.226210088621694,-86.14285714285714,2.279008019077688,74.125,15.706454352696325,-112.14814814814815,7.677305197083364
53,51.8235294117647,12.147308073215461,33.76470588235294,12.031964348765559,-19.71875,9.87178547363647,-76.875,5.146297212559725,66.0,10.278475510674207,-102.4375,5.814515779495314
54,65.4,20.232152628922115,11.35,0.5722761571129799,-27.833333333333332,4.827582785986746,-89.79166666666667,1.4135996211406145,96.85,22.616973714447298,-109.83333333333333,2.034425935955617
55,53.0,25.385910352879694,13.444444444444445,5.230489909306587,-12.0,4.376973239219325,-107.42105263157895,6.02027967066476,89.77777777777777,38.46723794427835,-141.52631578947367,27.199784095607182
56,39.91111111111111,1.2617839614736344,17.6,3.7794767421488977,-9.088888888888889,0.6261779023824608,-67.26666666666667,0.9285592184789413,58.0,12.720936373640983,-83.5,1.1579762911688178
57,41.65,1.1736694594305501,17.125,4.621620386834038,-9.025,0.35266839949164713,-59.282051282051285,4.819558006911581,61.1,12.236829654775782,-93.82051282051282,8.199036199993875
58,51.733333333333334,16.798677196599606,36.53846153846154,21.07537894399852,-26.2,14.390737761954155,-93.6896551724138,9.044348390687324,69.46666666666667,15.274670391060997,-111.41379310344827,11.616033038150361
59,41.07142857142857,10.17675422374994,17.5,13.709029870855195,-27.21875,8.702493805657088,-71.03333333333333,7.364252998249193,62.357142857142854,15.655246235491717,-95.5,10.049046389251735
60,52.54545454545455,19.331385861826952,31.05263157894737,22.635495377162147,-28.09375,12.860694418945657,-81.9,9.231648462400056,72.81818181818181,13.030162085213757,-103.86666666666666,4.356859215331868
61,45.666666666666664,8.22428652765022,20.307692307692307,11.213896704087338,-15.76923076923077,22.653421701652476,-84.5,24.898640679609553,78.08333333333333,17.773849392357928,-120.34615384615384,23.270883603091633
62,41.18518518518518,11.975397734172855,25.057142857142857,19.113111217385914,-13.257142857142858,13.91472571906233,-56.666666666666664,22.469732728470287,62.370370370370374,16.271192785952746,-94.65625,16.387131717829696
63,56.23529411764706,10.723966626561856,19.852941176470587,7.2279374364181574,-21.45945945945946,7.324872822785258,-75.24324324324324,22.79924774174537,75.29411764705883,16.181924214390477,-96.32432432432432,17.9369075252812
64,46.31481481481482,1.274014856504953,26.545454545454547,10.754818255204471,-18.272727272727273,12.82250088421209,-82.81481481481481,1.5761424319224604,58.94444444444444,5.939250066971814,-103.5925925925926,1.0974468437058558
65,39.44444444444444,22.744284317951237,9.975609756097562,5.34419130699477,-49.65,13.997410474798544,-87.16666666666667,11.292819744323282,69.11111111111111,25.3199282272304,-111.8,10.155364521839115
66,35.958333333333336,10.795366161254353,9.470588235294118,0.554940066591565,-60.6764705882353,1.8742934078064495,-102.0,7.393691004272944,65.33333333333333,6.517071598672384,-119.16666666666667,4.099457958749615
67,41.74074074074074,2.1010154968419013,19.444444444444443,3.675074535231384,-22.6875,4.216318743880732,-79.5625,10.225389662501865,72.33333333333333,10.722078294946506,-100.61290322580645,3.259501439759775
68,41.4375,14.322049216156186,27.157894736842106,22.495059476049956,-14.064516129032258,7.963365652022038,-69.6774193548387,9.2366279867751,77.25,18.39667089448523,-97.7,8.80965379569481
69,62.625,13.972629494837397,25.444444444444443,19.27641685878318,-30.6,20.385615843857487,-85.61538461538461,12.118253628552141,86.625,11.444840540610429,-106.0,14.946056850708665
70,47.31428571428572,3.535707070699709,22.428571428571427,7.423074889580903,-10.971428571428572,4.494350194796728,-71.6470588235294,3.7170699477599007,62.6,6.753623366121965,-97.44117647058823,5.6941206854634565
71,48.4,13.519368821558697,20.333333333333332,17.14457663334117,-18.391304347826086,14.645786247942302,-65.71428571428571,23.11491552500011,73.4,10.01864927689024,-90.38095238095238,25.01899505133419
72,39.578947368421055,12.084421417561948,23.186046511627907,19.10954444828794,-10.093023255813954,2.9634514249935626,-64.32558139534883,10.310800231124912,67.34210526315789,17.711542944153788,-85.0,15.101245612452605
73,43.0625,15.870447181790436,16.25,6.452282111349786,-17.305555555555557,13.362092826026844,-75.41666666666667,10.092282530065567,74.15625,22.545938346795417,-100.38888888888889,18.883087344349203
74,43.44736842105263,14.80699935560536,13.210526315789474,4.663169775439303,-20.07894736842105,13.50123109191269,-73.86842105263158,21.939115575696466,71.89473684210526,19.361912522002967,-98.21052631578948,22.734344404720918
75,41.44,28.47887638232941,25.72,22.031831517148092,-13.4,7.4619032424710525,-70.04,37.89720834045695,53.88,32.371987890767535,-86.88,41.57433823887038
76,45.861111111111114,1.6692110208415127,21.333333333333332,5.259911279353167,-9.472222222222221,0.4992277987669842,-73.86111111111111,0.8548156974127287,66.88888888888889,11.819893254306905,-94.77142857142857,2.1920077461504723
77,52.735849056603776,15.002076514629598,21.754716981132077,10.116128837443172,-27.90566037735849,12.811056767780633,-69.60377358490567,16.67597936095057,69.37735849056604,11.940459861398688,-86.64150943396227,16.542791098972707
78,47.28,1.5879546593023368,19.12,5.623664285854908,-10.36,0.6248199740725324,-72.44,8.224743157083996,63.8,5.744562646538029,-91.74,9.939436603751744
79,43.733333333333334,3.2550814975289875,15.71111111111111,7.437509207380959,-19.333333333333332,6.2325311426774626,-75.64444444444445,2.531188175590055,61.37777777777778,9.09038292528951,-96.77777777777777,6.602655657263603
80,45.074074074074076,6.300652088098007,16.464285714285715,5.301496708188997,-18.285714285714285,12.360239083613296,-84.03571428571429,12.957298392514277,63.333333333333336,13.909762092914512,-104.5,14.373835356547774
81,44.32142857142857,2.2047606191500932,17.392857142857142,5.087374327786427,-16.214285714285715,6.416258048655679,-82.46428571428571,2.337308324565168,76.60714285714286,15.575482761869889,-99.67857142857143,5.471050900803581
82,46.21818181818182,2.17164293976962,19.09090909090909,4.513707314282603,-59.642857142857146,16.15707338623438,-95.625,25.549645300864746,66.0909090909091,8.908163217006436,-118.35897435897436,21.898937076988616
83,32.77142857142857,9.991669999942708,13.222222222222221,7.1340774966631155,-10.675675675675675,5.3527161786711925,-75.27027027027027,18.516097669323496,57.05714285714286,14.601257983265604,-101.1891891891892,15.211727051295865
84,43.54545454545455,18.164385582266945,19.444444444444443,15.578554426669097,-15.742857142857142,17.296313161468596,-79.37142857142857,19.71668722432957,77.54545454545455,20.90250225573398,-104.38235294117646,21.517454892526278
85,64.57142857142857,19.204591287778353,37.625,21.59824935035245,-33.7,30.206125206653038,-58.8,27.447404248853843,82.57142857142857,17.003000935609176,-95.11111111111111,25.123890553479367
86,51.46153846153846,19.77805848998167,10.5,0.6454972243679028,-27.97222222222222,9.041527990061288,-87.8,11.081000470560923,71.8076923076923,21.229549853500156,-119.42857142857143,16.36945886929282
87,49.38461538461539,16.92534949775932,23.055555555555557,16.302597687424687,-9.282051282051283,0.552324595603539,-41.84615384615385,22.662561990567866,67.57692307692308,23.42939159544149,-90.38461538461539,29.36779623365195
88,41.56666666666667,14.768622895254053,17.366666666666667,4.7151057487846675,-11.666666666666666,3.7267799624996494,-70.73333333333333,10.708044743192952,66.86666666666666,17.91039425088745,-92.8,17.218981773999683
89,40.5625,1.0588171466310885,17.166666666666668,3.7211855936276845,-9.729166666666666,0.567875548768292,-64.74468085106383,1.4508703932963678,67.4375,14.475419179307613,-83.36170212765957,2.9994718110551766
90,38.3125,2.2560682059725057,12.6875,1.3331705629813464,-18.303030303030305,0.869860611782262,-71.87878787878788,1.6284883445508367,57.21875,8.73832927037543,-96.40625,3.334098219534032
91,48.888888888888886,11.554487130093927,24.0,16.635303824497264,-34.25,19.11151485361639,-75.86666666666666,17.501872915649784,71.14814814814815,14.157065252750822,-99.41379310344827,15.805972771947275
92,58.049180327868854,11.053411652707196,24.723076923076924,14.967151409061618,-24.89855072463768,14.036334762030108,-76.59420289855072,15.65230810463142,76.80327868852459,9.82272319112912,-101.79710144927536,17.522308522173375
93,38.8,15.569200364822851,22.615384615384617,13.978216357761054,-11.642857142857142,6.8202130555026645,-67.28571428571429,18.860118812792592,62.96,17.135880485110768,-94.21428571428571,14.607623114703655
94,41.17391304347826,15.530201079112143,21.125,17.37649873632008,-10.423076923076923,0.5665738408713937,-72.84615384615384,1.2307692307692308,80.43478260869566,21.14098859717266,-94.57692307692308,7.616647136993248
95,49.0625,9.499794405670052,21.228571428571428,10.31250479282511,-23.142857142857142,15.7192200045365,-77.12121212121212,15.440516508391605,65.875,8.974791083919447,-103.45454545454545,12.71384573125838
96,38.78947368421053,19.215067956296615,9.68421052631579,0.9206766149755737,-15.31578947368421,7.291326004441653,-67.89473684210526,12.4811214781285,56.73684210526316,20.193386372414004,-93.42105263157895,13.172202746987924
97,38.68421052631579,1.5350626564370076,9.421052631578947,1.6107900254228813,-22.25,5.931905258852336,-73.83928571428571,1.1144631269021374,69.87719298245614,18.890330001332664,-92.75,2.3394901764517595
98,38.21621621621622,10.79573272837188,16.289473684210527,14.195825729560235,-17.102564102564102,5.803601321349779,-71.48717948717949,4.465662697378599,82.27027027027027,18.397486092440687,-101.07692307692308,14.077413470510976
99,50.81481481481482,8.524635484927881,20.392857142857142,13.414648937726584,-33.44444444444444,23.192165556710666,-87.11538461538461,23.50176249213421,68.5925925925926,12.404477265948236,-109.11538461538461,18.06894259193195
100,43.0126582278481,13.4394974955846,16.176470588235293,16.979694773525118,-14.67816091954023,14.804856498059275,-67.24418604651163,7.8768664034297124,75.87341772151899,13.519200681007618,-86.70930232558139,9.544103596815091
101,47.958333333333336,5.438896691629859,17.46153846153846,16.760142208940394,-13.0,0.7385489458759964,-80.01818181818182,2.0135081018046734,77.5625,10.42614152423289,-105.03703703703704,14.08172306765702
102,61.92857142857143,21.39580828678594,27.352941176470587,23.733672223906563,-21.944444444444443,12.185930968959527,-82.38888888888889,16.114654782694917,80.57142857142857,19.956074212108543,-118.55555555555556,20.822589822439962
103,61.833333333333336,12.739919762524236,28.23076923076923,13.35407656660488,-23.857142857142858,28.712508829172453,-73.76923076923077,31.39366385399313,82.33333333333333,11.974509964457372,-104.84615384615384,26.311290802023358
104,47.90909090909091,16.317612043737203,19.40909090909091,11.138218769416046,-13.818181818181818,17.0497570327566,-66.95348837209302,14.61116726211471,66.52272727272727,16.275314040209427,-98.51162790697674,11.630697339615233
105,58.0,0.0,43.0,0.0,-27.282608695652176,8.882476748897629,-70.28888888888889,1.6278441397166612,82.0,0.0,-87.24444444444444,1.285051759537863
106,45.75,3.462296925452813,17.083333333333332,5.7714575474677305,-19.90625,6.751663568151185,-78.734375,1.847652120767056,72.8,10.44956139430423,-97.5,6.27743976474486
107,50.333333333333336,9.5024363347668,18.925925925925927,3.9993140701312857,-13.444444444444445,2.7125679146074897,-78.55555555555556,11.373566929128172,87.51851851851852,17.895520586573387,-99.92592592592592,13.735398781914443
108,47.55555555555556,17.883021812205076,20.333333333333332,9.309493362512628,-32.666666666666664,21.73067468400883,-77.27272727272727,10.46284255736295,79.66666666666667,16.579773487261182,-106.36363636363636,14.290955355002607
109,52.666666666666664,15.546346480407829,27.533333333333335,17.095288499726728,-23.391304347826086,11.8458913458185,-89.43283582089552,4.555540764784395,65.06666666666666,15.720333612518814,-107.98507462686567,5.921104519071937
110,45.0,10.216878945383241,22.807692307692307,10.344151936719646,-16.153846153846153,4.825352180788367,-85.11538461538461,1.4498520634592895,64.15384615384616,10.981425953687953,-107.76,3.4903294973397574
111,37.166666666666664,6.4035580387434266,12.1,5.424327915358117,-13.3,16.901972271503304,-73.20689655172414,3.3257543644633065,57.333333333333336,13.94831730193845,-94.34482758620689,5.2867815779576235
112,43.9,15.610573339887297,21.05263157894737,17.970659374044963,-11.069767441860465,5.419153580340021,-69.16666666666667,7.721080194187817,71.7,19.891623027462256,-91.95238095238095,11.114024561342006
113,51.75,15.731735441457182,33.32,17.377502697453394,-12.696969696969697,13.985890830848604,-72.0,12.36931687685298,65.3,12.779280104919838,-99.25,6.041522986797286
114,37.267857142857146,10.524615825069631,15.067796610169491,7.828380369710574,-33.559322033898304,27.30137588042205,-71.875,37.03138750727936,59.089285714285715,12.41151076580913,-102.73214285714286,22.749796758455236
115,54.708333333333336,11.64216176470485,16.884615384615383,8.719240100432726,-29.384615384615383,10.601440116530334,-90.53846153846153,12.326428047182478,82.16666666666667,17.00408447664528,-110.92307692307692,13.219807623769245
116,26.233333333333334,8.819234030735826,9.935483870967742,5.752617826923936,-76.70967741935483,17.077042783178893,-89.5,38.252450901870326,57.2,12.386551847332923,-107.5,28.59341416014068
117,73.66666666666667,18.78211055147096,32.43181818181818,14.16204551107824,-26.456521739130434,35.967199140170166,-45.56818181818182,22.153798901884162,98.39393939393939,21.328511851850067,-115.54545454545455,19.206360860940347
118,44.68181818181818,2.400499259365617,15.090909090909092,0.7925270806437588,-17.363636363636363,0.5677270907634907,-94.68181818181819,1.0611470481753411,77.13636363636364,18.83974390519211,-117.0909090909091,1.4112886087509113
119,39.138888888888886,2.5511737797180705,20.194444444444443,3.657712129828065,-12.527777777777779,15.482043561478125,-72.54285714285714,2.960143405241009,57.80555555555556,10.041080742088264,-90.94117647058823,3.4636021411801243
120,41.8,12.949131244990914,14.96,4.959677408864412,-13.129032258064516,5.116336488492087,-68.7741935483871,1.3844686279919314,62.36,13.157142546921046,-88.38709677419355,7.160273104157315
121,42.15,10.734407296166845,15.195121951219512,10.8272905247379,-18.585365853658537,7.081324148449878,-80.475,7.41615634948455,64.925,16.953447289563265,-108.0,6.87386354243376
122,54.964285714285715,16.450102350652376,20.714285714285715,12.339996361591103,-17.428571428571427,13.813628289866939,-87.60714285714286,18.655407652846336,74.03571428571429,18.002940519452338,-114.64285714285714,19.13899214713678
123,48.34285714285714,11.600351859547455,14.428571428571429,10.373828923334539,-24.5,8.170067319184096,-84.75,12.047072027859901,75.45714285714286,14.136766365237353,-111.48571428571428,9.509007544943683
124,55.041666666666664,8.800942973467231,20.84,9.413522188851525,-13.423076923076923,7.448144203155972,-85.1923076923077,1.41473647367304,81.83333333333333,10.593499054713803,-105.76923076923077,2.832608098387995
125,42.0,1.3008872711759818,21.115384615384617,4.236534533326856,-11.222222222222221,3.1308895119123044,-78.48148148148148,2.0434243295012924,61.80769230769231,15.203793126841308,-98.88888888888889,2.514157444218836
126,47.297872340425535,19.554522678275536,13.46938775510204,10.660057128951191,-10.145833333333334,4.051695032808971,-52.48936170212766,22.269024704613884,66.93617021276596,15.99654783944143,-81.12765957446808,22.413537912530696
127,47.175,11.759862881853683,14.926829268292684,11.754376961427537,-13.731707317073171,1.126713118287912,-72.1219512195122,6.348401457909794,72.35,13.001057649283768,-94.09756097560975,9.93590404407728
128,53.07692307692308,14.953577078934034,28.2,16.44870815596167,-19.4,18.93515249476486,-62.1,30.1627253410563,68.92307692307692,16.739917923066585,-91.3,29.91003176193566
129,32.266666666666666,5.977364711048581,15.466666666666667,3.4032664048267245,-20.566666666666666,16.11765767377161,-78.37931034482759,10.535371597470569,64.73333333333333,22.580128923950415,-98.0,12.853570932401848
130,38.51851851851852,5.266036322126289,19.25925925925926,4.282545042833262,-17.071428571428573,22.86908170345245,-79.57692307692308,0.5665738408713937,56.22222222222222,10.13367445819587,-100.0,0.8320502943378437
131,47.372262773722625,12.104778147654862,17.557142857142857,8.264615995375733,-12.056737588652481,2.82534890745741,-55.673758865248224,3.8435659674460316,62.4014598540146,10.310125314476693,-73.11347517730496,6.113689091385122
132,24.482758620689655,4.29611444058042,11.625,7.622950544244663,-10.303030303030303,4.569230745447458,-76.63636363636364,2.67217062849074,54.89655172413793,18.864937057365424,-101.9090909090909,4.938185388493376
133,42.0,13.914021704740868,14.971428571428572,6.830543648247352,-20.4,2.154065922853802,-62.325,1.4897566915439582,72.68571428571428,25.14503237343759,-84.575,3.910802347345107
134,41.964285714285715,17.781374972660785,17.032258064516128,16.08341937437784,-31.833333333333332,17.326440937352242,-75.53571428571429,30.44020149977557,69.32142857142857,16.58323932561465,-102.42857142857143,25.219647345767896
135,34.233333333333334,5.245209454561585,14.59375,9.85475575230051,-14.916666666666666,16.272633809900324,-68.05882352941177,15.489923055424638,55.46666666666667,14.598477850637563,-94.44117647058823,16.004027391052666
136,45.0,12.358674771400983,13.871794871794872,4.658488184277237,-25.605263157894736,7.3360661826356965,-92.8157894736842,3.7965029834107984,65.13157894736842,18.879355269755955,-113.02631578947368,3.9635632699647734
137,45.58620689655172,7.303835748895849,24.2,14.99199786552813,-12.721311475409836,9.653218519655969,-81.32786885245902,13.6894374879649,65.46551724137932,10.108404692240834,-104.9672131147541,17.943414896136964
138,58.625,23.644965108876775,30.13953488372093,18.996427320589987,-21.75,10.289281713599749,-75.56818181818181,11.596233180086633,76.675,18.154045692351886,-98.20454545454545,13.659128724800171
139,48.541666666666664,20.087266212426442,21.77777777777778,8.599454475950822,-23.413793103448278,21.77711111169218,-54.892857142857146,31.263099295351708,70.16666666666667,17.329326459950934,-98.29629629629629,22.145670615795755
140,71.57894736842105,23.80914417320345,22.476190476190474,9.494956293282128,-20.333333333333332,14.35380597722242,-52.333333333333336,32.31442746239243,94.78947368421052,25.913985143909862,-105.4,25.074688432760237
141,60.523809523809526,23.371979657414045,22.615384615384617,18.051373105830958,-34.285714285714285,28.251241619816014,-65.89285714285714,32.9234385525335,87.57142857142857,20.07028466491226,-114.92592592592592,20.529880528464638
142,46.63333333333333,13.300334164557253,19.0,12.633289357883005,-28.166666666666668,14.969042127745587,-99.0,20.68072309403875,65.86666666666666,12.162053920105581,-121.73076923076923,18.68268983332657
143,40.515151515151516,2.264632047458592,11.878787878787879,2.519711091634837,-10.984848484848484,1.3539216243645518,-81.46969696969697,1.5395758661289076,60.72727272727273,10.113815115887135,-99.72727272727273,2.7277777310225004
144,53.61538461538461,22.65416176698868,25.857142857142858,17.22756847747988,-15.534883720930232,12.415947803941513,-68.11627906976744,20.6591488853318,74.35897435897436,21.94805894050207,-91.88372093023256,20.26247454105177
145,54.975,18.49119723003354,26.88888888888889,16.313896219988138,-23.25531914893617,6.305917805223047,-63.61702127659574,4.991708834122208,75.525,13.133901743198782,-87.51063829787235,8.34080546247115
146,59.38095238095238,14.545417181976338,32.51851851851852,14.823330885666465,-25.38235294117647,11.193524141170284,-76.82352941176471,4.9850989029972474,74.52380952380952,10.608258452370503,-101.88235294117646,6.811602151875323
147,43.483870967741936,17.705240645242057,25.65714285714286,19.549121802917547,-14.58974358974359,17.69067253684971,-69.47368421052632,20.72976101381178,74.38709677419355,18.74218532952117,-100.39473684210526,17.26044988387921
148,40.407407407407405,9.150022300151978,10.62962962962963,0.4829038818668629,-12.464285714285714,0.5658206970626736,-78.48148148148148,1.3976268343787563,60.22222222222222,16.1711524895261,-102.03703703703704,4.333175052506568
149,41.75,10.998421603929255,24.25581395348837,18.479521064034216,-9.042553191489361,5.477060272253179,-56.59574468085106,10.317635335363214,69.80555555555556,14.871336046316388,-80.12765957446808,7.6592789541102615
150,25.545454545454547,4.142103909052552,10.424242424242424,3.6765456698431764,-54.6764705882353,11.496087795510094,-87.86666666666666,18.176419400482104,42.27272727272727,9.444487657223023,-113.73333333333333,15.119376824312422
151,44.90909090909091,19.801076855264697,26.347826086956523,21.109669524841337,-22.923076923076923,7.549442551621722,-77.07692307692308,9.722784805738437,69.4090909090909,19.987857884473698,-96.92307692307692,11.289624497819895
152,41.86153846153846,2.4612499830959758,20.227272727272727,5.092464589203002,-10.636363636363637,4.731059089695757,-76.84848484848484,2.7260940213805527,61.676923076923075,11.112166156352709,-97.5,5.135290850693086
153,47.8780487804878,6.212478088301033,15.853658536585366,3.8417537637078865,-14.609756097560975,4.509491609334465,-74.73170731707317,2.4695648895311493,75.65853658536585,17.187076477935904,-94.0,5.094233947532752
154,49.270270270270274,8.560274839767668,12.307692307692308,2.3441563585926968,-11.256410256410257,0.741376015117998,-73.28205128205128,6.740420431034977,68.78378378378379,14.512129381882378,-94.7948717948718,10.8702829137327
155,48.2,10.675204916066015,27.333333333333332,13.658534165698585,-21.833333333333332,18.252092726284538,-49.333333333333336,26.268908533769643,65.3,9.716480844420989,-92.0,14.393285471589406
156,56.35,8.091816854081658,25.19753086419753,12.638779978125545,-27.135802469135804,12.369569477043303,-81.65432098765432,12.31696661172104,75.7125,12.358391632813714,-107.37037037037037,18.95507648505233
157,41.03030303030303,1.5272246264671696,19.0,4.5159649460485625,-19.833333333333332,4.28026950912055,-71.87692307692308,6.467689380076918,70.22727272727273,7.869764646562596,-97.4,8.976550648131026
158,55.8,20.717142660125695,22.92,16.375396178413517,-9.64,0.48000000000000004,-78.48,2.26486202670273,85.8,18.67832968977687,-100.04,3.944413771398736
159,41.53846153846154,0.8426500884694863,18.85,3.4967842369811724,-9.225,0.41758232721225164,-68.3076923076923,8.67993219326536,61.38461538461539,16.75098984387212,-90.74358974358974,3.8143988249516125
160,44.23529411764706,11.201519916641072,18.323529411764707,3.2332881481759324,-22.17142857142857,1.6984987368802111,-107.0,3.5727728562494625,68.55882352941177,12.893662776433528,-124.02941176470588,4.63036838909013
161,53.888888888888886,7.29070099425661,26.88888888888889,11.48858800379697,-14.54054054054054,20.982096093207005,-66.45714285714286,13.078538269443804,78.0,19.30601518237832,-89.88571428571429,10.806800579982504
162,40.9375,8.01146639199092,23.72222222222222,18.585554592375576,-11.321428571428571,0.6575697371257846,-79.22222222222223,2.298684540619689,72.6875,19.575874022633062,-104.77777777777777,6.983225049986963
163,75.4090909090909,3.613850765509266,53.38709677419355,12.696652897401203,-16.055555555555557,2.120592742665813,-46.628571428571426,11.32149842249745,80.95454545454545,2.055530737199093,-78.94285714285714,7.305351686627148
164,41.26923076923077,2.158305822553569,18.076923076923077,4.313869197787677,-10.0,0.5547001962252291,-84.42307692307692,1.7358898609841165,71.34615384615384,17.55418492223503,-108.11538461538461,4.9484024079022255
165,57.09090909090909,18.549464807053038,31.083333333333332,20.989911597929346,-14.636363636363637,17.63058324516629,-69.8125,7.2259839295420525,75.04545454545455,12.899884681398838,-94.46875,8.211974393378245
166,50.22857142857143,15.618826943853396,30.41860465116279,24.13742877401078,-31.391304347826086,18.823526284332,-79.24444444444444,18.075343003422038,71.71428571428571,14.744628907932986,-100.22222222222223,13.42450311745717
167,52.76923076923077,12.416823860911428,16.214285714285715,8.07269269494007,-22.2,21.482395893692427,-78.18518518518519,23.795482044002537,73.0,13.820274961085254,-98.51851851851852,25.74859991932013
168,46.833333333333336,3.8908725099762504,19.666666666666668,6.674994798166928,-20.0,13.30413469565007,-81.1923076923077,17.473098511644498,82.0,15.874507866387544,-105.04,14.569776937208063
169,46.18518518518518,12.259650883305008,24.25925925925926,16.78092522190463,-20.925925925925927,8.414827856014933,-83.88888888888889,5.438772555786852,71.22222222222223,16.452700630130344,-109.33333333333333,12.546210878484684
170,35.48275862068966,13.061184108688094,13.516129032258064,6.894930197976161,-21.516129032258064,21.156667473021262,-57.25806451612903,36.968136010960436,57.93103448275862,13.980111573928895,-93.2258064516129,24.764320949534866
171,42.35,13.653845612134335,25.103448275862068,19.086635200626834,-27.838709677419356,20.839009285771887,-81.2,10.182992356539081,64.8,14.434680460612904,-102.9,9.086069924156794
172,51.041666666666664,18.669224155158552,38.0,17.715468885633193,-21.62162162162162,5.547589451436963,-64.13513513513513,6.187005397811554,64.16666666666667,12.844151284620647,-84.24324324324324,8.52153204537143
173,51.421052631578945,5.958768766092223,9.68421052631579,0.46482951928041294,-21.444444444444443,1.617802197617893,-93.44444444444444,2.078698548207745,65.10526315789474,10.774701055040218,-109.11111111111111,1.791612832955233
174,38.483870967741936,8.190753904967343,15.806451612903226,3.4772936717966103,-9.625,0.4841229182759271,-82.28125,2.225342319172491,56.29032258064516,11.946638205456411,-105.46875,2.0613159480050602
175,30.11111111111111,3.937787810370967,18.34375,7.589504986328159,-62.121212121212125,13.701929914404285,-87.33333333333333,15.159888595310397,57.111111111111114,7.145748973694901,-108.4,11.842297074469968
176,39.09090909090909,3.8875374799996725,13.764705882352942,5.235955014464392,-13.8,7.312611415512636,-67.57142857142857,9.393875555870627,58.06060606060606,11.178820325737183,-91.88571428571429,13.773206761310016
177,38.2962962962963,1.7599413882246995,15.222222222222221,1.8921540406584891,-9.481481481481481,0.4996569467863719,-84.55555555555556,1.257078722109418,54.592592592592595,7.59268292629189,-107.03703703703704,2.873654035743826
178,40.14705882352941,6.808871172492443,11.529411764705882,0.6056253024110001,-20.058823529411764,10.189213375141,-75.41176470588235,6.915956175901465,62.794117647058826,11.32093171120154,-94.17647058823529,9.185892598837102
179,34.59183673469388,14.898182833099023,13.22,12.076903576662358,-30.714285714285715,22.940028290287344,-80.5625,25.97346903572952,58.285714285714285,14.497008839968418,-98.25,25.485698603988343
180,49.48571428571429,2.3948925245366715,15.314285714285715,3.240559286573217,-16.272727272727273,4.633689068136239,-59.483870967741936,12.636023689951996,67.34285714285714,4.996815312307042,-85.35483870967742,17.01716095326918
181,45.55555555555556,6.743080586977226,18.25,7.606192652481704,-11.277777777777779,5.047612808222159,-84.34285714285714,14.554219529828764,64.33333333333333,9.404490653110589,-101.17142857142858,10.46759820803693
182,54.148148148148145,18.82807931374623,21.333333333333332,12.104483405685619,-25.862068965517242,9.141508733588687,-79.55172413793103,12.699677451501511,82.07407407407408,12.274411582565445,-111.96551724137932,17.201609304466135
183,54.666666666666664,24.45312977014508,23.10810810810811,12.767746068276432,-48.21621621621622,26.804734490167696,-71.0,35.814003645820684,74.2,23.21838352110959,-121.10714285714286,12.087003899449446
184,51.7027027027027,11.710159287270002,24.11111111111111,14.925328542406207,-11.209677419354838,2.8349039738768957,-69.59677419354838,11.39532965654217,79.35135135135135,9.017149475324006,-95.06557377049181,9.241511572583637
185,42.470588235294116,9.72938331313857,15.147058823529411,6.490410813342369,-11.323529411764707,8.355063939049511,-77.1470588235294,11.599017080418234,64.41176470588235,12.806518668835215,-104.08823529411765,17.02829418257055
186,40.9,20.49121763097547,14.76923076923077,9.807013551173437,-31.307692307692307,21.875116229615134,-69.9,29.17687440422637,62.6,20.33814150801395,-111.5,28.341665441536776
187,49.40909090909091,9.27194738253312,14.673913043478262,4.149669173959308,-16.846153846153847,4.134212860549316,-63.82692307692308,7.740306975243676,70.04545454545455,10.168924465910267,-88.57692307692308,9.323968604223438
188,54.05128205128205,19.092149974899026,22.65909090909091,15.322210827034695,-24.2,14.957123906538836,-66.11363636363636,12.8314526724744,74.38461538461539,14.603503943101243,-97.18181818181819,13.00746765808138
189,61.96296296296296,15.105754315593535,43.3,15.7403938959608,-13.609756097560975,17.194551106248447,-72.125,9.284900376417616,81.44444444444444,17.229030912179578,-92.95,8.823123029857399
190,62.766666666666666,8.361352894252354,37.38709677419355,15.000381542147172,-20.724137931034484,13.418711978181394,-75.17241379310344,14.205557352347856,79.56666666666666,10.032225852499312,-103.10344827586206,9.553280092365487
191,43.758620689655174,1.568112689779596,14.10344827586207,2.26433864267338,-17.75862068965517,8.532514576257968,-98.85714285714286,3.8425650446607897,62.55172413793103,11.37324812397133,-126.25,7.443237582818764
192,40.628571428571426,1.4159441935272992,20.0,5.419541361723201,-9.555555555555555,0.8958064164776167,-72.58333333333333,1.7380544678845173,65.05714285714286,17.6083468148211,-95.30555555555556,3.062492126470101
193,49.41935483870968,2.2255726852464957,18.612903225806452,4.163415311394106,-15.612903225806452,4.74971930820799,-72.45161290322581,1.8980246043039546,68.03225806451613,8.106086406930814,-93.48387096774194,3.3299323614358554
194,27.161290322580644,3.8361335893986803,9.661290322580646,0.473270991971652,-59.403225806451616,5.798942276799848,-99.41509433962264,6.229673247023871,50.46774193548387,3.757649153288417,-117.39622641509433,7.7199560626413914
195,52.640625,13.67407125216828,21.06153846153846,8.253441096950315,-13.476923076923077,11.771030531067092,-86.64615384615385,17.89665269023213,67.421875,15.577231669471152,-108.50769230769231,17.75484599237678
196,38.883720930232556,13.083291852189262,19.466666666666665,13.073467617872295,-17.066666666666666,12.515590277729613,-64.3409090909091,12.52623280417791,62.16279069767442,17.92092480036615,-89.20454545454545,16.42832856193359
197,66.625,27.583679504373595,41.27777777777778,26.099820253862873,-57.0,27.506362900245463,-111.25,38.0024670251814,93.8125,15.855672289436358,-131.75,29.623681405254143
198,50.2962962962963,12.286140384263811,20.51851851851852,14.022126352120859,-31.892857142857142,24.921790932140215,-98.88,18.612511920748364,71.48148148148148,17.446999891460422,-127.6,20.525106577067998
199,41.125,11.526464115243668,22.88888888888889,17.265536928578236,-35.833333333333336,9.3526585643988,-78.9090909090909,2.3531234737354154,67.125,14.295431962693538,-102.36363636363636,1.9198829165402613
200,40.76744186046512,7.239546463060089,16.372093023255815,4.650697651160465,-19.30952380952381,1.281518727695037,-64.45238095238095,3.8803680541705914,60.41860465116279,10.246343779304855,-92.85714285714286,13.170261284914783
201,55.23076923076923,16.413661505699107,33.0,16.63663961795704,-27.34375,17.214836215819773,-88.22222222222223,5.704665623552638,72.3076923076923,11.11744724008595,-107.5925925925926,7.2839715421335764
202,31.96923076923077,4.892597959458698,11.36923076923077,3.160181254632427,-18.03076923076923,6.579617082075944,-73.67692307692307,2.740621447256035,49.784615384615385,12.0556304211796,-92.44615384615385,3.2724056981453935
203,46.30434782608695,18.67324238305732,16.72340425531915,12.921534273665563,-9.1875,0.44046613566387444,-59.416666666666664,1.5115297622680877,74.26086956521739,17.05927617431884,-77.33333333333333,2.8674417556808756
204,44.0,9.815953401298856,12.588235294117647,3.465100347064268,-10.764705882352942,0.7692174606248248,-85.44117647058823,10.672094387509743,62.088235294117645,11.951784624454314,-108.67647058823529,13.096296261865287
205,33.3,1.715614564327703,12.2,2.87981480886069,-19.733333333333334,7.715496671562297,-76.9,1.57797338380595,53.03333333333333,11.923319821071459,-95.0,3.723797345005051
206,46.6,13.425349157470729,23.741935483870968,22.068760203035048,-22.161290322580644,23.67535369384407,-69.74074074074075,11.047347905610625,72.8,14.647866738880445,-97.55555555555556,12.163495274136897
207,61.77272727272727,19.74595889193491,28.583333333333332,21.779035536241935,-11.407407407407407,6.550426953906413,-87.03703703703704,12.723502550271935,85.86363636363636,16.262884275511453,-107.11111111111111,9.174575712596896
208,43.25806451612903,16.05427838049466,20.36111111111111,16.798069958212093,-11.81081081081081,7.180445811040463,-78.72972972972973,7.394843523548338,79.7741935483871,21.015677216444033,-101.45945945945945,9.97996532137883
209,35.45454545454545,6.035706426435575,11.121212121212121,4.0732503271628016,-17.085714285714285,7.857194805023077,-71.68571428571428,5.125685618648933,51.93939393939394,11.908589703386358,-94.54285714285714,8.722197813273759
210,42.18181818181818,7.78481250802638,18.88,15.598256312806251,-9.846153846153847,0.6007884366082041,-85.3076923076923,13.184399962336697,73.13636363636364,16.739434807840748,-106.5,8.603442960189296
211,43.39473684210526,8.339946591032477,15.736842105263158,6.163065755075557,-27.63157894736842,7.385694040122,-68.75675675675676,15.059172306685857,69.1842105263158,17.303567114992422,-102.0,18.23569413377348
212,32.92857142857143,1.386891988496257,16.285714285714285,1.6078040967746792,-11.714285714285714,1.2205719636167902,-68.80952380952381,1.418216439222422,63.785714285714285,24.593394113330625,-89.53658536585365,1.5787855934324155
213,50.36842105263158,12.757703663672515,24.0,14.963288408635316,-23.714285714285715,9.74113935422173,-76.2,1.9390719429665313,73.26315789473684,13.222158854156266,-98.44117647058823,7.963856501759863
214,35.4,0.7571877794400367,11.933333333333334,1.7499206331208914,-17.033333333333335,0.4068851871911235,-71.56666666666666,0.6155395104206461,51.5,8.785404562872067,-92.0,1.1254628677422756
215,52.64179104477612,17.793761687768942,20.231884057971016,5.527650987158361,-22.304347826086957,19.666276842974735,-41.1044776119403,27.479237387774756,65.4776119402985,14.371778116763053,-97.49253731343283,12.157392118142745
216,43.266666666666666,4.057366414587451,17.933333333333334,6.010731144285934,-10.366666666666667,7.377819611661851,-88.2,5.1536394906900505,61.5,10.310997365272996,-108.6,6.606057825965498
217,50.4,18.555861607589126,26.0,19.27932332039451,-12.766666666666667,1.1455226851626388,-73.06896551724138,13.434210150884246,73.08,20.391998430757102,-97.03448275862068,13.606496315137145
218,46.13793103448276,15.54465012290465,28.387096774193548,17.312455742307165,-27.676470588235293,9.034966676052006,-78.73529411764706,5.298772463446337,66.24137931034483,13.150731387589719,-101.17647058823529,8.420809616781282
219,42.628571428571426,8.780125981151862,13.571428571428571,5.05560912981506,-11.972222222222221,5.946456045929612,-75.86111111111111,2.9828470532714007,64.94285714285714,18.969061814503345,-98.63888888888889,4.583501680409967
220,42.833333333333336,8.401388774085707,15.157894736842104,9.309096614516006,-13.166666666666666,6.474308199851677,-88.66666666666667,4.772607021092117,61.166666666666664,10.792229715041383,-107.33333333333333,7.287737036358482
221,39.421052631578945,11.263895696444806,16.710526315789473,7.214415009792409,-25.92105263157895,11.003304716376823,-76.97297297297297,10.236359378392,61.578947368421055,19.09757711133917,-100.78378378378379,10.669823917934965
222,29.137931034482758,15.882595414436897,11.727272727272727,3.653746332047857,-33.888888888888886,17.902168983701046,-62.07142857142857,20.36616341496105,77.03448275862068,10.367331843827879,-85.64285714285714,18.68386294891604
223,48.741573033707866,17.992837582414232,23.607843137254903,15.352177378140986,-14.264705882352942,10.155580394482088,-66.99,11.58835191043144,67.5505617977528,15.800733332402222,-93.68,11.070573607541752
224,34.333333333333336,9.226428568356454,15.095238095238095,7.207170780382297,-9.928571428571429,1.9197328328858327,-72.76190476190476,10.899562079035068,55.80952380952381,17.80347490859191,-96.23809523809524,14.235785765874748
225,36.375,12.841380053042066,15.0,2.9860788111948193,-10.48,1.4176036117335482,-73.4,2.383275057562597,77.58333333333333,23.72220595888071,-96.8,9.333809511662428
226,40.65,12.985665173567352,20.166666666666668,13.199326582148887,-23.423076923076923,8.504175792936065,-88.58333333333333,12.439576180704695,68.0,16.80773631397161,-118.04166666666667,18.088852844285682
227,34.648648648648646,12.651709031474475,20.785714285714285,20.60228340822087,-8.976744186046512,0.628337492377037,-65.62790697674419,2.0462473402287387,71.89189189189189,17.419752354623782,-85.97674418604652,4.521207762560093
228,36.45,3.6806928695559487,16.17391304347826,10.015866429833448,-10.96875,3.1571780813726678,-72.15625,2.18101717955178,58.9,14.53581783044903,-94.4375,4.936708797366926
229,39.91304347826087,8.187546447147435,18.56,8.304601134311028,-15.633333333333333,13.765859540504145,-65.96551724137932,1.751506910234523,63.869565217391305,17.78935770726563,-85.93103448275862,3.4931562102425033
230,60.97560975609756,13.10276047042266,33.06521739130435,15.898321177315825,-24.914893617021278,7.679289049634191,-76.86666666666666,4.282263160733793,81.29268292682927,9.990834586196135,-97.4,8.734096658753236
231,42.4,2.5245461638348656,12.5,1.7654083569153813,-11.225806451612904,1.0382888348020052,-77.03225806451613,2.8566150843007034,66.36666666666666,11.394394333277315,-103.25806451612904,8.281217543081311
232,44.029411764705884,4.402441128427881,13.029411764705882,7.172190141001918,-20.176470588235293,11.441592310604157,-81.79411764705883,9.963992265578698,60.44117647058823,6.7527387754049935,-100.0,10.281336603425704
233,54.875,2.185415673657226,25.375,10.131685035899343,-15.73076923076923,11.811199679533933,-84.57692307692308,1.6213260698736915,77.66666666666667,10.322575044801349,-104.23076923076923,2.3089740030467127
234,41.111111111111114,8.052298191997084,15.962962962962964,3.8052739374937254,-25.423076923076923,21.690432270266214,-85.68,4.451696305904076,67.62962962962963,18.81124200548044,-107.6,9.907572861200668
235,27.14666666666667,14.811431020967856,11.463636363636363,9.823605404356176,-28.514018691588785,18.458523591986232,-58.694736842105264,18.333790307408098,45.46666666666667,18.306525855248694,-86.90425531914893,20.482514155922804
236,37.774193548387096,18.4210778246172,24.82857142857143,23.635911798164507,-20.605263157894736,12.850434098103271,-73.73684210526316,7.228176630113702,75.3225806451613,24.027386386498158,-98.28947368421052,11.175414497756936
237,48.89655172413793,4.2128279271620315,21.448275862068964,6.049144749446999,-9.89655172413793,0.9946348346107559,-74.10714285714286,9.13915940849472,69.75862068965517,7.726600592640506,-100.35714285714286,17.904936042719548
238,40.7,13.087780560507575,11.826923076923077,4.388451425863087,-15.81132075471698,9.034643186141333,-58.8235294117647,16.628237125329726,61.14,16.528774909230265,-84.46,20.865483459531916
239,41.806451612903224,5.710315255060339,14.64516129032258,1.910047915237092,-21.96875,7.875930004608979,-78.87096774193549,2.8595277693135888,61.74193548387097,9.080172450882921,-98.48387096774194,2.650270439541127
240,28.387096774193548,5.677785911920463,10.258064516129032,0.6704712803492427,-68.16129032258064,11.744859614628252,-100.68,17.717155527905714,55.87096774193548,1.6989927848082178,-124.58333333333333,7.164243776483941
241,40.74193548387097,4.669515012016833,16.193548387096776,4.035482581676388,-10.636363636363637,8.234510461128535,-73.58064516129032,13.656557431288805,61.516129032258064,10.373262676901412,-98.06451612903226,10.128004879066015
242,52.07142857142857,15.995375607228688,32.333333333333336,16.69996673316713,-21.62857142857143,20.163737910680453,-70.3125,34.01510464117375,70.75,10.39445250396301,-93.34375,26.607810619017492
243,48.13333333333333,8.531249745624741,21.647058823529413,1.1852612752711698,-12.117647058823529,0.582323231565392,-31.735294117647058,6.3999486373371495,63.93333333333333,9.080871225946453,-93.23529411764706,2.555948350870639
244,46.333333333333336,13.080095140666558,24.454545454545453,17.58975409253389,-14.411764705882353,14.473337854500567,-64.45454545454545,17.69966770633281,68.1,14.190019967098943,-95.42424242424242,22.414862903250903
245,47.0,14.827402060099802,24.96551724137931,22.71484818749043,-25.133333333333333,8.425094790103088,-104.16666666666667,5.692587773197315,66.85185185185185,16.692654635883024,-128.4,9.562426470305537
246,45.08571428571429,1.4416543784620417,18.485714285714284,4.866042267278282,-15.527777777777779,5.315000319384913,-81.65714285714286,10.411375254685497,63.94285714285714,7.8045512624470135,-105.4,10.480458005259122
247,35.666666666666664,20.189656317585555,10.633333333333333,7.730818556631346,-33.806451612903224,25.61176563655564,-72.70370370370371,30.426371133552106,65.3,19.002017436753043,-95.74074074074075,27.019324487255407
248,52.6764705882353,1.4083905757426918,24.235294117647058,8.228568682374453,-11.558823529411764,1.6304307707688468,-68.24242424242425,1.2316606929031257,68.32352941176471,7.486146374687887,-88.57575757575758,3.9160145404000257
249,39.916666666666664,15.934544933013374,19.52,8.89548199930729,-12.928571428571429,1.279748061940637,-83.25925925925925,1.9737648288109966,62.25,18.733325919334238,-109.14814814814815,5.7265056483876
250,48.72727272727273,7.45195816150167,26.555555555555557,11.823809417264913,-11.466666666666667,8.905928113091615,-72.0,5.090097337879788,66.72727272727273,10.537876064744871,-91.36363636363636,4.563147384162249
251,24.513513513513512,15.936735773510277,8.08108108108108,3.3882019338842846,-42.4054054054054,22.054550868807908,-85.30555555555556,25.27055757689002,43.486486486486484,28.99638525619173,-114.05555555555556,29.293480924795503
252,53.11764705882353,4.332490380259415,11.450980392156863,4.2900419372245,-17.923076923076923,11.838409056713779,-97.62745098039215,1.7030628039692912,73.52941176470588,9.125170836276665,-117.90196078431373,4.234567838962538
253,48.45454545454545,16.266885696037022,20.272727272727273,14.238813210829495,-17.307692307692307,11.478304721950051,-76.65384615384616,18.638137715844707,92.68181818181819,18.146841357097642,-110.96153846153847,19.148168760064376
254,29.575757575757574,5.805067290243997,11.0,0.5855400437691199,-56.55882352941177,1.7010580871672065,-95.33333333333333,6.073622386096199,55.78787878787879,9.660157398045055,-109.28571428571429,4.609956689630837
255,52.78260869565217,6.093164536123426,23.458333333333332,14.436583063715442,-28.433333333333334,12.768929303412856,-95.66666666666667,2.4944382578492945,81.73913043478261,11.508852514494139,-116.23333333333333,4.2322833343506465
256,49.109375,2.6758012088671683,20.953125,4.715101031194878,-20.640625,6.220849990907593,-84.1875,5.749660316053462,68.9375,6.025661270765226,-107.265625,9.885662262052806
257,33.34375,7.868486889961754,12.3125,2.6743866119168334,-54.87096774193548,21.634413946428296,-91.95454545454545,28.994477958158097,54.9375,9.423831160945106,-110.63636363636364,22.31091346189421
258,29.0,6.782329983125268,12.571428571428571,1.2020390838835788,-9.257142857142858,0.43705881545081016,-75.85714285714286,2.1399980926941717,45.82857142857143,13.793343558782702,-99.02857142857142,4.292756119562445
259,52.8125,22.19577310548114,23.37037037037037,16.857019964544385,-33.964285714285715,21.406744836377996,-58.72,28.25387760998479,71.375,18.61744813340432,-103.08,17.81442112447104
260,50.65625,8.271220341491333,12.545454545454545,5.747678894316931,-21.941176470588236,17.29661846664321,-70.375,6.243746871871088,70.09375,12.120126275641686,-93.51612903225806,9.227836456113103
261,41.8,14.783774890061062,19.833333333333332,8.795516534639177,-28.42105263157895,24.31875124363629,-48.5,22.12545399049959,57.733333333333334,14.924104291008186,-88.78571428571429,27.96471902601708
262,36.24,12.48448637309521,19.892857142857142,18.125237507240495,-10.285714285714286,0.7953949089757174,-69.10714285714286,3.2986933096334385,66.12,19.8943610100953,-98.07407407407408,10.800980497076027
263,47.340425531914896,14.266873691362996,16.48936170212766,9.076207710331802,-16.97826086956522,16.172291293167998,-77.69565217391305,7.549458849645799,62.702127659574465,15.168437125649,-96.43478260869566,6.533033698104358
264,68.14285714285714,1.8070158058105026,48.714285714285715,3.9175169145148816,-32.25,38.123975396068026,-57.5,10.372238588334406,96.28571428571429,6.605501726683939,-101.16666666666667,6.439893028787219
265,40.44,7.430100941440836,19.79310344827586,9.241507976458909,-20.205882352941178,7.513828082725037,-67.94117647058823,4.438741054097289,55.48,11.43370456151461,-88.55882352941177,2.658960173479898
266,61.7037037037037,7.868431133637829,34.67857142857143,9.636439663472974,-14.464285714285714,11.663380246545605,-73.89285714285714,10.516447273927927,79.70370370370371,7.220417628297086,-104.67857142857143,13.802312361724475
267,30.862068965517242,12.875328286222546,8.933333333333334,3.7853518844209044,-48.733333333333334,24.746627155140867,-90.55555555555556,28.7393565913357,53.689655172413794,18.076663272117113,-112.96296296296296,16.81815923666259
268,44.26315789473684,9.232905143892786,24.19047619047619,13.42924685906898,-20.238095238095237,7.354329867530659,-76.47619047619048,2.2172279479662507,66.0,13.932166491895464,-96.4,2.782085548648711
269,50.333333333333336,17.18203195847983,16.0,6.676183683170241,-21.4,32.87004715542708,-60.125,14.598266164171688,75.66666666666667,11.294049564064943,-101.25,19.727835664360143
270,34.25,13.089322256818996,18.24137931034483,13.515393962425659,-12.727272727272727,5.706310845990988,-71.39393939393939,16.316824174692883,63.035714285714285,18.3234473964316,-93.6969696969697,17.17906556968587
271,40.86666666666667,1.2927146286443545,18.4,3.9519334227410483,-9.177777777777777,0.3823255674241168,-69.08888888888889,4.920804912578259,70.4,15.488203396276937,-89.35555555555555,8.351062621821264
272,41.06666666666667,0.9285592184789412,17.57777777777778,3.1657113568772703,-10.022222222222222,0.25724082006200505,-65.68888888888888,1.0503379820530199,57.06666666666667,9.240971569892181,-82.91111111111111,0.7549016778428012
273,42.294117647058826,15.349898278575978,27.9,17.586642658563346,-12.380952380952381,5.455239425378928,-69.38095238095238,26.1579018207577,64.70588235294117,14.219972308578782,-108.28571428571429,7.771393557344092
274,48.04,9.860953300771685,20.51851851851852,18.20942037511917,-27.433333333333334,10.245920597432368,-104.6,15.858961714647863,67.0,12.046576277100478,-129.56666666666666,12.74802816996504
275,43.75,10.5741429912783,16.90625,6.620797605840251,-32.44117647058823,20.699802750510322,-77.25806451612904,24.22737420295545,66.28125,12.85552987774133,-99.3225806451613,18.18433763643192
276,23.140350877192983,5.713752558340081,8.913793103448276,0.7259828714285276,-58.741379310344826,25.110487124202596,-104.62068965517241,23.643784330250735,57.175438596491226,19.42337424117901,-123.3103448275862,17.0144025162373
277,53.05263157894737,12.785574454338132,17.394736842105264,8.33994659103248,-12.473684210526315,3.753853052848802,-61.76315789473684,8.180317232705638,73.1842105263158,15.481491943536447,-85.29729729729729,9.996931596447318
278,59.708333333333336,8.691371040034797,30.791666666666668,7.245568569055771,-24.025,7.257711416142143,-83.1,3.8910152916687437,75.54166666666667,7.921380175757814,-105.975,6.559296837314195
279,46.03225806451613,1.2043970775867399,12.548387096774194,0.9101119986881218,-10.25,0.5,-69.46875,0.9995115994824673,64.19354838709677,10.520086332402748,-87.90625,2.0669932117692116
280,42.857142857142854,6.5011772874187175,17.568181818181817,4.735733250668539,-10.553191489361701,0.538260027262703,-78.04347826086956,2.694249284318203,64.02380952380952,13.121208015013048,-99.0,3.0
281,32.35897435897436,17.553562250039423,14.95,15.367091461952063,-17.285714285714285,19.6071970681877,-58.21951219512195,35.36259026154544,58.666666666666664,23.205142371436388,-93.14634146341463,19.20691056480397
282,51.96402877697842,6.4767543074354865,19.33103448275862,9.669757456868968,-10.289655172413793,7.776992807150669,-52.75714285714286,2.4607531616253144,65.63309352517986,5.50492766161358,-70.65,4.401176790684185
283,35.80555555555556,13.560193878580474,17.75,9.967656026702901,-24.4,16.556742260653643,-76.6969696969697,10.501038472412228,56.916666666666664,13.219041400780752,-98.0909090909091,12.568270863841496
284,36.875,7.321842322803735,12.242424242424242,3.293982604048774,-13.911764705882353,13.782699400631435,-78.4375,4.534158549279017,56.625,12.670709332945808,-99.96875,4.700295037282234
285,53.78947368421053,11.159508324239969,25.94871794871795,9.443349899834459,-10.73469387755102,0.5258815806826582,-69.48979591836735,2.6351040639296284,73.1842105263158,12.178184254853116,-91.22448979591837,7.699099619031659
286,57.25925925925926,7.81542914910221,17.62962962962963,1.7877805016514323,-77.5925925925926,28.480349637964174,-99.9090909090909,34.16126074279446,78.48148148148148,13.97450156898302,-122.27272727272727,22.00450742705771
287,47.903225806451616,11.16548494738593,19.419354838709676,6.12911714712011,-11.75,7.00446286306095,-80.171875,12.017636372614001,64.64516129032258,9.87028249782592,-101.171875,13.588316083473147
288,33.55882352941177,7.361230621504517,16.0,6.1165157324969215,-10.675675675675675,6.908882078201176,-70.45945945945945,13.181876572707171,54.6764705882353,10.174132679425146,-97.30555555555556,8.71722255857922
289,46.375,1.1388041973930374,19.375,3.4798527267687636,-12.03125,0.3045873232752801,-80.9375,15.049787166269162,64.71875,5.298787449737912,-103.625,18.36564387654296
290,33.794117647058826,20.59594393501775,10.823529411764707,4.375537534946213,-52.64705882352941,12.592907324319222,-83.81967213114754,16.046559507372585,60.85294117647059,21.190497805191693,-105.54098360655738,18.808416123249323
291,36.275,14.50514994751864,16.023255813953487,10.413516199259194,-48.095238095238095,18.926939132974216,-80.33333333333333,21.99339450174533,65.175,12.73555554343822,-104.3076923076923,20.388727209874055
292,36.62222222222222,2.81495126374933,13.148936170212766,11.788885359405375,-9.127659574468085,0.3923210407358675,-63.723404255319146,1.4975459025334272,76.42222222222222,14.70674658317496,-82.76086956521739,1.1264562093940536
293,26.870967741935484,4.949694910662357,9.193548387096774,0.8198880662670217,-56.774193548387096,23.167983577759056,-92.72,28.29066277060331,54.645161290322584,13.262969032408641,-112.08,19.074422664919638
294,52.04761904761905,16.208393447241757,27.541666666666668,22.54990607272875,-14.035714285714286,6.570943305064149,-74.57142857142857,5.473498303048004,76.0,17.435595774162696,-97.17857142857143,8.281017757621392
295,81.45,22.588658658716326,44.25,16.093088578641453,-14.916666666666666,11.782461070968532,-89.125,15.95648379186342,105.4,19.176548177396263,-114.3913043478261,6.302098549274178
296,47.458333333333336,4.3106376816223175,23.0,5.946427498927402,-17.076923076923077,24.259689700791682,-86.12,6.224596372456611,68.5,11.61177563223357,-110.25,10.381273203867304
297,48.111111111111114,17.69564360143863,16.51851851851852,5.646174518565779,-10.62962962962963,1.51897012254888,-73.33333333333333,20.74894017819991,73.0,17.10317276175735,-107.11111111111111,26.600380578359783
298,36.69444444444444,11.236892226660371,13.864864864864865,3.0328130030498457,-10.447368421052632,0.5937112722462358,-72.02631578947368,9.00434644200485,64.05555555555556,18.85904505129869,-96.37837837837837,14.560871950708787
299,39.8421052631579,9.975038097248113,20.05,14.691749385284247,-9.9,0.30000000000000004,-90.5,14.844190782929193,55.8421052631579,8.106288383553888,-107.45,15.470859704618874
300,34.689655172413794,8.175250489786174,15.733333333333333,12.25542963569844,-23.696969696969695,12.889941694122188,-64.96969696969697,17.154352479737664,49.827586206896555,9.752343539807775,-86.81818181818181,20.073281722689426
301,39.074074074074076,13.156961052715067,13.555555555555555,2.0245407953653998,-14.185185185185185,3.839724498576129,-75.66666666666667,1.2765694770084506,62.51851851851852,22.161645831331228,-94.51851851851852,2.5585060798771173
302,36.16,2.540551121312067,20.666666666666668,12.806248474865695,-12.407407407407407,8.48204753084423,-75.11111111111111,10.278828775091759,50.64,6.869526912386325,-97.03703703703704,3.2940066954606166
303,28.3,7.716432681837725,15.96774193548387,15.409431278295104,-19.694444444444443,2.8069303562239227,-58.361111111111114,1.5303009467599242,54.13333333333333,21.11829117666063,-80.58333333333333,3.911343900900445
304,29.62264150943396,15.510466843447144,10.018181818181818,9.30784792838018,-65.16666666666667,22.151623968559154,-89.27272727272727,29.801639905327896,60.22641509433962,21.706134694479037,-117.81818181818181,21.070523063008196
305,28.76,11.057232926912592,10.67741935483871,0.5320136291119562,-66.78125,16.4767532735518,-100.25,26.244443856430514,43.24,13.530055432258953,-122.08333333333333,15.761019073087319
306,58.75,17.245340985735414,40.083333333333336,21.266007043061833,-11.365853658536585,0.6535493174133786,-73.1219512195122,1.7695958192406882,83.57142857142857,15.194991118853633,-95.3,6.867313885355758
307,59.270270270270274,17.0779590030758,29.210526315789473,18.48635043361914,-10.575,6.272509465915537,-69.175,19.257320036806785,83.32432432432432,14.575162238314608,-95.95,21.165951431485425
308,27.9375,9.896140346114741,9.59375,0.7008644216251814,-30.4375,29.002087748125994,-42.857142857142854,28.230826977556546,57.125,14.205522693656858,-75.07142857142857,24.77892043570873
309,39.611111111111114,10.71934330953414,14.789473684210526,4.947928299787073,-14.1,13.217034463146412,-82.0,7.3006848993775915,64.61111111111111,16.145652627423647,-103.5,7.088723439378913
310,42.79545454545455,3.2162905331123977,11.733333333333333,6.115190557583268,-11.369565217391305,3.8917901081310493,-73.17391304347827,11.026261828266279,65.02272727272727,12.057605363729483,-93.8,10.054518055746549
311,44.25,8.341912250797176,19.952380952380953,11.515935917039114,-14.0,0.9128709291752769,-79.6086956521739,11.904471686083497,71.7,20.65453945262397,-102.65217391304348,1.9695220265923699
312,51.43478260869565,14.005669929358335,19.782608695652176,9.074361981352741,-11.043478260869565,3.5810887446911304,-63.21739130434783,15.245687976944797,71.43478260869566,15.645046686485351,-85.8695652173913,17.463762102350277
313,50.92,7.604840563746225,24.8,7.26636084983398,-11.28,0.664529909033446,-88.4,14.237977384446149,77.08,16.453376553157714,-109.68,17.471622706549038
314,31.785714285714285,12.207600509685827,11.266666666666667,0.4422166387140533,-20.625,1.899835519196333,-65.21875,6.613123198421454,56.214285714285715,10.427837547563126,-86.375,1.0231690964840563
315,34.54838709677419,13.51185551040371,12.90625,3.2534536937691305,-10.105263157894736,0.5977798258737129,-70.73684210526316,7.489235118440319,69.90322580645162,25.479093059655007,-94.78947368421052,2.9661058533906046
316,38.6,10.762899237658969,30.5,27.95681193078591,-11.266666666666667,0.5120763831912406,-77.79310344827586,0.7133848574336965,68.0,27.077666073722085,-99.65517241379311,1.0915304683685803
317,50.666666666666664,20.8539897594894,19.24,14.238763991302054,-26.074074074074073,18.49309365767529,-66.34615384615384,27.7861923481268,67.79166666666667,21.690971944311045,-97.0,22.385709727413158
318,59.64705882352941,2.471988398758905,13.588235294117647,4.095317606435166,-10.025641025641026,0.5304656632199283,-58.82051282051282,1.7227258494605975,91.94117647058823,9.899320168192741,-83.53846153846153,0.9830917698810672
319,37.52,6.493812439545818,15.92,8.456571409265104,-8.52,1.6029971927611104,-85.88,4.819294554185291,52.84,7.074913427032164,-107.875,2.4206145913796355
320,46.666666666666664,8.09252055226855,20.5,6.163062009531734,-9.818181818181818,0.5195887333176438,-65.93939393939394,2.7517420811506645,61.7,11.10300259689543,-86.66666666666667,4.9216076867444665
321,53.370370370370374,15.139225842891872,21.666666666666668,12.00308602293902,-12.11111111111111,2.8196838978776713,-84.14814814814815,21.24409060090673,79.37037037037037,18.55152613897434,-112.55555555555556,20.66905601480653
322,46.74193548387097,2.257142668972374,20.580645161290324,5.746102148965641,-10.741935483870968,2.4752678830001136,-74.56666666666666,1.6058919293927874,68.3225806451613,11.893036989101711,-93.8,2.8913664589601917
323,47.214285714285715,21.79016348010716,21.756756756756758,14.701361226560135,-32.529411764705884,26.108636495496643,-60.88235294117647,32.59354384454107,70.28571428571429,21.707235697634395,-93.82352941176471,27.49060865120743
324,45.41379310344828,4.860234430129323,17.896551724137932,3.6326567421028515,-27.482758620689655,7.341993949100789,-84.0,3.039963702142647,69.24137931034483,13.755638774608144,-109.86206896551724,5.870582053801494
325,27.724137931034484,11.572549421752582,8.290322580645162,1.1127863426232474,-40.5,22.96192500641007,-97.66666666666667,2.772884579078056,67.6896551724138,14.600669442082305,-119.4,6.406246951218786
326,33.970588235294116,1.886255146449878,14.852941176470589,2.7130659121367873,-9.323529411764707,0.467822756487849,-78.73529411764706,14.176012928907536,54.029411764705884,10.58713229549034,-104.52941176470588,9.17873275284213
327,46.235955056179776,8.025272541712622,15.112359550561798,8.591134968704582,-25.67391304347826,12.888407915686646,-74.46428571428571,11.169096852019681,69.14606741573034,12.35482034099956,-99.76190476190476,11.14687554730563
328,41.3,2.8419476889391664,16.966666666666665,4.1189265052384165,-10.129032258064516,1.8792918275650976,-73.3225806451613,8.581251494463865,61.166666666666664,11.248950568336983,-95.90322580645162,12.240479746843357
329,61.3,12.522379965485793,39.92857142857143,22.51178829513324,-29.25,18.737329051921993,-71.29411764705883,24.814048928408543,77.7,14.290206436577463,-95.3125,20.587370977130615
330,50.65,11.533754809254443,28.413793103448278,11.798647617941906,-16.970588235294116,12.88748890366989,-42.0,17.25565344336678,72.0,10.516653460107925,-91.12121212121212,12.02713491602792
331,48.19230769230769,2.304163969346178,26.071428571428573,8.211179536933479,-16.823529411764707,7.014567146241808,-69.05882352941177,9.46803034510964,68.11538461538461,9.216736127939816,-93.9090909090909,11.492721376075346
332,48.6271186440678,7.828453762267327,13.935483870967742,3.5780286865811903,-48.04838709677419,26.61277126066988,-88.73469387755102,27.299379906394137,72.88135593220339,10.795612331826064,-110.10204081632654,23.415715024760253
333,62.7037037037037,16.60614525880865,30.11111111111111,6.291283407507585,-36.74074074074074,13.362724806944051,-96.96296296296296,3.716644060533956,81.70370370370371,15.486708314897877,-123.25925925925925,9.886738564931468
334,32.44642857142857,6.745156047271317,14.879310344827585,6.754507016919675,-11.303030303030303,6.69230606848142,-70.29230769230769,1.7604464199836178,58.57142857142857,16.169699554211554,-90.24615384615385,2.46845183017004
335,43.5,2.7838821814150108,19.166666666666668,4.374801582802229,-26.25,4.111178141881681,-85.53571428571429,1.5693980387657023,78.16666666666667,17.449132420330308,-106.03703703703704,3.4045882057130066
336,62.57692307692308,25.854880623801108,20.923076923076923,8.15203172845734,-26.653846153846153,19.924747479709186,-60.42307692307692,31.62420333678606,82.0,23.856945448943087,-102.92,19.923694436524567
337,53.06666666666667,20.563614036015707,29.0,10.997607395295244,-24.55,14.630362264824477,-49.0,26.639898846022593,74.8,21.292252111977255,-95.05263157894737,19.34853097704136
338,39.714285714285715,1.3850513878332367,12.714285714285714,4.216101303821058,-11.928571428571429,6.329796721112949,-66.35714285714286,1.6303874586447609,56.0,11.109841197270617,-88.42857142857143,5.864107357649654
339,45.8,17.656726763474595,16.153846153846153,9.058325145294235,-30.11111111111111,27.76132846289405,-92.26923076923077,14.359552415104384,75.12,21.75926469345874,-115.65384615384616,17.939947490902288
340,32.6,2.0712315177207983,14.925,2.5630792028339666,-10.675,0.6077622890571609,-66.125,1.122218784373172,59.4,21.50209292138791,-85.125,2.749431759473219
341,36.964285714285715,5.226868379940755,15.857142857142858,2.1992577597629506,-11.107142857142858,0.724040533311189,-85.14285714285714,9.43668482085543,64.14285714285714,18.999462935481485,-105.71428571428571,7.534952568137481
342,29.26923076923077,16.03495626701885,11.346153846153847,0.7307692307692307,-66.0,26.41666140904259,-104.6,34.93765876529222,53.69230769230769,12.715130994725055,-132.08,26.61115555551844
343,46.0,11.283363227082859,20.114285714285714,11.186143031374458,-13.205882352941176,6.506916735130694,-73.97058823529412,8.576593640689097,67.51428571428572,11.598944357314661,-96.63636363636364,9.499021263197472
344,44.93103448275862,9.577023634118593,20.586206896551722,7.068713199870355,-14.793103448275861,8.359917960102436,-92.96551724137932,9.767937553179085,63.96551724137931,14.247765120865724,-110.41379310344827,10.65935639313249
345,31.263157894736842,7.979197329788305,15.631578947368421,2.252729953582389,-10.405405405405405,0.49097032769148524,-81.4054054054054,1.5675675675675675,52.8421052631579,20.440576667874012,-104.1891891891892,3.3030521335031753
346,45.30769230769231,17.148153591498797,19.79310344827586,17.57227304658624,-22.17241379310345,13.913696961595798,-77.32142857142857,18.738908283928104,68.42307692307692,15.332652630461258,-99.82142857142857,17.667673408614654
347,18.723076923076924,4.376537768629067,7.476923076923077,0.5293738625872386,-46.38461538461539,14.870406654925082,-52.8235294117647,28.67512817370738,63.215384615384615,15.945573109021447,-71.94117647058823,17.349251851085324
348,46.19753086419753,2.799557959315349,16.16867469879518,7.563098869420982,-11.120481927710843,0.5890075451364009,-50.426829268292686,7.276809954725501,59.39506172839506,2.800701024878862,-68.3170731707317,8.170258450072893
349,44.5,5.267826876426369,17.4375,4.89858078937155,-22.705882352941178,7.266075126976396,-74.91176470588235,6.599321030400304,59.96875,9.088056637009917,-96.1470588235294,5.219490356804492
350,60.27777777777778,19.169726003825104,24.444444444444443,12.338837610579326,-30.027027027027028,11.278984251962864,-90.89189189189189,10.27929901854387,80.80555555555556,18.45086484640346,-115.13513513513513,13.86647164178939
351,43.0,27.743467699622556,9.32,0.46647615158762407,-76.64,13.31729702304488,-118.95454545454545,7.35760134287399,65.35,26.87615113813732,-148.45454545454547,11.535428717758146
352,51.52173913043478,19.697427696148313,24.21875,9.245723251184842,-14.735294117647058,11.241490437946208,-36.205882352941174,14.01213636095238,65.04347826086956,20.554229990695273,-96.23529411764706,7.723374847250512
353,31.083333333333332,6.957709552878893,12.54054054054054,1.717864711575211,-12.18918918918919,0.5113753494168783,-70.77777777777777,13.06205511972053,59.55555555555556,21.83707912453857,-94.41666666666667,10.199060414240781
354,51.785714285714285,13.696603183837597,13.928571428571429,5.417752376800414,-10.928571428571429,1.0326308782000688,-72.21428571428571,20.31599852132224,68.57142857142857,13.510389048613588,-101.64285714285714,12.13382016665546
355,55.86363636363637,10.203811473907255,28.391304347826086,15.74729550398992,-18.258064516129032,9.671933929226435,-68.03225806451613,1.3556065412548834,77.63636363636364,12.264306875665493,-90.64516129032258,5.202656809478331
356,42.666666666666664,9.207484877955421,18.61111111111111,10.045114284449644,-20.0,17.09416644109298,-95.42105263157895,12.00576961944234,66.5,16.27967376140498,-127.05263157894737,14.306692155883319
357,45.829787234042556,14.65971342922743,14.584905660377359,11.056346187997006,-47.18867924528302,17.043846456395688,-79.26923076923077,19.464084661652507,65.08510638297872,14.638668971050674,-95.11538461538461,14.505508033626725
358,46.833333333333336,2.576604138956718,14.833333333333334,4.249182927993987,-9.458333333333334,0.49826086429589156,-85.875,0.9270248108869579,71.33333333333333,12.38839062276542,-105.16666666666667,1.1055415967851332
359,42.54545454545455,3.8815094618562167,15.0,4.51260859854213,-11.045454545454545,0.4745593867686614,-76.63636363636364,1.9434143933119954,65.36363636363636,8.610487551107,-94.57142857142857,3.2597316362142537
360,48.333333333333336,13.867857091759358,40.27272727272727,15.657842893487436,-9.382352941176471,0.728201082537644,-76.70588235294117,10.46992727589976,60.80952380952381,12.696527637860555,-94.67647058823529,12.6716928351329
361,39.470588235294116,20.080575865869974,13.883333333333333,7.188165428134096,-38.88333333333333,26.090286613135465,-69.02,38.14524347805373,59.07843137254902,19.73634364021122,-106.52,21.154895414537034
362,48.05,18.974917654630282,25.818181818181817,19.39924169941693,-12.673913043478262,9.162908091217043,-75.23913043478261,3.3633884480612686,71.4,14.964624953536257,-95.06521739130434,3.991306715922382
363,88.72,12.863965174082212,52.0,16.572265988693278,-11.08,2.296432015105172,-93.28,2.5380307326744487,105.48,12.00706458715035,-115.32,5.497053756331659
364,92.33333333333333,21.431026314408953,81.56666666666666,22.899320708022955,-34.4,15.379206741571554,-88.48,13.090821211826247,106.73333333333333,20.253285055900328,-118.72,12.649173886068608
365,40.96969696969697,5.723343208643897,13.61111111111111,8.049422953016148,-20.789473684210527,1.0552598766191272,-91.42105263157895,1.5666185332776017,67.18181818181819,14.486052948527705,-115.10526315789474,3.9188443092602703
366,49.291666666666664,19.451819038046004,18.208333333333332,9.987405263074534,-26.75,5.924876932617813,-81.20833333333333,2.5654623798103575,79.91666666666667,23.498079117711352,-106.375,11.689783644989614
367,40.75609756097561,7.882615907898688,16.048780487804876,3.051998301890292,-17.13953488372093,14.712091839547998,-83.2,21.628915830434035,76.53658536585365,10.350203393725806,-113.85,19.813568583170476
368,45.05,12.652964079613914,20.024390243902438,10.153667617743459,-9.536585365853659,0.6284926208158599,-62.34146341463415,15.61520484171314,74.075,19.94164925476326,-92.29268292682927,12.772386186592724
369,40.16129032258065,3.2037958755961644,15.03225806451613,3.3551488690373636,-17.428571428571427,2.8212025225902138,-72.82857142857142,1.7482352618032406,60.483870967741936,8.469569695212403,-92.08571428571429,2.6226641696829534
370,38.56521739130435,16.41533240590087,15.043478260869565,2.8049375854416194,-11.678571428571429,1.3901071754306116,-76.0,1.558387444947959,65.8695652173913,22.562578383004563,-98.28571428571429,2.3277386766857604
371,41.888888888888886,11.174817368077054,19.846153846153847,13.988160674415147,-13.179487179487179,0.9301721613957464,-79.05128205128206,6.3848728194418305,70.13888888888889,17.640157434699603,-107.94871794871794,8.512279871618105
372,41.958333333333336,10.822350201730163,21.653846153846153,14.228742059357039,-24.74074074074074,8.690533771241036,-73.74074074074075,4.599457235230105,66.45833333333333,16.43162389689129,-98.4074074074074,6.183965282227656
373,47.07692307692308,9.691086614168382,33.15,25.076433159442754,-9.193548387096774,0.39507899077148045,-87.12903225806451,3.367222800180616,83.38461538461539,10.550526501907648,-111.12903225806451,5.569165892743266
374,23.487179487179485,1.1738998094625226,10.435897435897436,0.4958738360465055,-59.0,7.514089330154285,-95.42105263157895,16.25233842113573,46.205128205128204,3.2199656566052517,-119.5,9.400059101469049
375,28.405405405405407,15.711003992656488,10.131578947368421,8.033387738654023,-48.270270270270274,15.34054625449868,-92.37142857142857,11.684142402139294,54.24324324324324,18.51428288004843,-115.74285714285715,13.720355799515774
376,50.95238095238095,17.84717181936996,23.535714285714285,17.502004258404938,-37.607142857142854,25.021903669891028,-79.24,26.371621110580215,73.71428571428571,14.537776266524059,-106.72,24.48594699005942
377,71.14285714285714,28.02258564305673,21.63157894736842,15.208067548494014,-24.55,11.191402950479443,-104.94736842105263,34.013114628904574,96.07142857142857,17.048101216910954,-135.42105263157896,33.98500565570473
378,40.666666666666664,8.401539060544716,16.575757575757574,9.629595488625876,-14.4375,16.465755183106545,-79.83870967741936,5.542194593815053,56.78787878787879,11.13214721251319,-107.96774193548387,5.866712389062835
379,26.041666666666668,8.652933831301894,8.541666666666666,1.11725730648266,-32.48,25.482731407759257,-75.27272727272727,44.980987719239195,54.958333333333336,19.547973395953065,-103.22727272727273,37.584972599288356
380,61.148148148148145,14.953517370700109,31.814814814814813,10.67720672667833,-23.0,11.376262779960284,-91.51724137931035,23.703078062382342,77.81481481481481,15.246218807582075,-111.55172413793103,24.485866728403582
381,39.62068965517241,4.270296711837991,17.9,6.268173577685927,-16.06896551724138,5.613598234353967,-73.44827586206897,1.6730357890632004,64.20689655172414,16.791581039821253,-92.93103448275862,2.911700942425455
382,59.275,15.620479346038008,29.444444444444443,18.360047876426993,-23.176470588235293,8.606212717983107,-69.17647058823529,2.1209125149788175,78.75,10.862205116825956,-88.50980392156863,7.5806061866866346
383,65.66666666666667,21.755064428376862,28.15277777777778,21.782803948057428,-13.258823529411766,6.9420338453535795,-68.96428571428571,6.625072198297393,88.16666666666667,12.759528030282137,-91.93975903614458,9.381280254797042
384,46.916666666666664,2.8710721961587025,23.541666666666668,6.976025412479198,-21.933333333333334,8.694570464120442,-83.72413793103448,3.027421250710065,73.08333333333333,15.088396940106733,-106.24137931034483,5.775424584563956
385,34.15625,5.868929709708577,15.727272727272727,8.243538249138762,-12.242424242424242,4.978927126918999,-65.45454545454545,7.532116725671874,62.4375,15.509951442541656,-87.42424242424242,2.6858811886254954
386,44.74074074074074,1.7552586090478202,20.62962962962963,2.390539194534063,-26.103448275862068,6.588102272860481,-79.39285714285714,4.708194116297107,64.66666666666667,10.077477638553983,-102.5,6.103277807866851
387,35.111111111111114,0.9558139185602917,10.037037037037036,0.42873470010334164,-22.74074074074074,8.728805410578676,-90.11538461538461,0.7507392806131974,53.51851851851852,11.009660304815714,-109.38461538461539,1.076923076923077
388,51.3,21.35439064923183,26.333333333333332,22.2952767437268,-11.24,0.6499230723708769,-89.04,1.907459042810618,80.9,22.407364860688105,-109.48,9.26982200476363
389,31.741935483870968,2.488265906538954,12.03225806451613,1.4252078731854532,-21.161290322580644,3.911082468703917,-74.80645161290323,2.3748596541039944,62.87096774193548,16.670897832670757,-95.16666666666667,4.6981083663770695
390,26.157894736842106,13.175987560689558,8.575,0.4943429983321297,-56.175,14.958087277456299,-90.6774193548387,16.83197245025303,46.578947368421055,18.315411369358014,-116.5,17.4790350610858
391,38.23684210526316,11.375028537908253,17.17948717948718,10.349957995385578,-19.142857142857142,7.203079462389443,-64.95,4.857725805353777,64.3157894736842,15.08241440806913,-87.875,9.171116344262568
392,70.0625,13.27812463226641,45.5625,11.196923405561012,-10.241379310344827,1.7351373276426383,-83.57142857142857,2.290174220268771,90.375,9.266033401623373,-103.10714285714286,4.056205877719841
393,50.148148148148145,23.491060086297768,14.196428571428571,12.55618749413034,-13.655737704918034,11.751365802590065,-66.45901639344262,11.902023206563133,85.31481481481481,23.46062428053382,-96.71666666666667,17.75208125513425
394,37.5,18.317114037606107,14.466666666666667,10.362539371323143,-27.4,26.52495680172417,-61.53333333333333,41.024166319648984,56.46666666666667,18.48915598097677,-97.7,28.721826775700276
395,41.19512195121951,14.415810277633986,17.0,13.78742264731933,-20.09090909090909,8.273226758147969,-69.61363636363636,13.892797200333227,68.46341463414635,16.07011703476379,-96.6590909090909,15.60294724755286
396,30.09090909090909,15.476989050931213,15.0,13.80217374184226,-35.0,26.43545598875369,-80.45454545454545,28.275796384134342,52.81818181818182,19.511386800430998,-99.9090909090909,28.429992311112525
397,36.9,6.112010034895776,14.166666666666666,2.9221377258590824,-11.09375,3.9159878622768995,-64.4375,7.668676140638618,64.83333333333333,17.212560013612798,-90.875,11.94976464203375
398,51.27272727272727,14.894116648657,26.0,20.899024636791804,-19.23076923076923,13.989852620072913,-85.75,7.959533068382005,70.9090909090909,14.08064142040118,-103.5,11.905880899790658
399,40.9375,18.796504828025874,20.666666666666668,22.098265391956293,-12.173913043478262,1.3721507685269125,-82.26086956521739,2.769671010197041,83.125,25.52174318106034,-108.6086956521739,5.4272991956908285
400,42.791666666666664,10.824275059123153,14.916666666666666,5.259251108496553,-11.583333333333334,2.5317429218272185,-66.5,13.079882772155619,71.08333333333333,20.47949516521885,-93.45833333333333,18.56964181728399
401,41.32258064516129,6.2856061722934715,18.387096774193548,5.001144510008643,-10.838709677419354,0.5141089500164266,-72.6774193548387,12.227380952320647,60.61290322580645,11.099774538119519,-96.35483870967742,8.764107105751402
402,56.24242424242424,1.670244094487354,19.272727272727273,10.927509703475867,-16.727272727272727,2.9053005610198506,-75.84848484848484,3.4033959165695,68.3030303030303,4.680616693924569,-100.48484848484848,5.455723778449577
403,50.208333333333336,1.632461502013311,18.25,4.13571839789252,-23.125,4.003253884862496,-78.78260869565217,1.3499282344573933,65.66666666666667,2.592724864350674,-99.8695652173913,3.1801606170277816
404,56.541666666666664,19.189795827180884,25.37037037037037,14.959570572535753,-28.25,21.579793789561567,-91.04,32.92838289378936,77.66666666666667,18.222391598128812,-116.28,26.362882998640345
405,48.07142857142857,13.322721116918409,37.77777777777778,30.904073006564392,-13.783783783783784,11.932547212572745,-66.72972972972973,13.14091742374804,77.07142857142857,16.529040615639776,-88.5945945945946,14.070209010260054
406,54.46666666666667,4.410089442277661,25.466666666666665,6.746521737573782,-20.727272727272727,4.223116236122522,-95.06060606060606,7.160241209494628,76.43333333333334,10.861808730082153,-112.06060606060606,8.481492842938192
407,46.34920634920635,20.004887283939752,16.796875,9.00204783559691,-8.6,0.6516251872168421,-59.92307692307692,2.4887914416914665,57.38095238095238,16.567733578204574,-79.50769230769231,6.224327154055293
408,55.241379310344826,12.832220149279388,22.75862068965517,12.639989012472835,-19.0,7.254011969604987,-85.06896551724138,12.097110040982454,75.58620689655173,12.341455906343802,-111.20689655172414,11.433101701049448
409,39.65625,6.29786360105552,13.5625,3.8563057127255873,-11.0,0.5504818825631803,-63.21212121212121,1.5908369392008108,64.875,13.594001434456302,-83.24242424242425,5.846678948694658
410,47.359375,3.9344916583181364,17.796875,6.890164383697606,-13.615384615384615,13.59376815104549,-71.875,4.985917668794783,65.671875,7.9334235349170035,-95.515625,8.10091080430929
411,129.33333333333334,65.47942849136327,42.55555555555556,54.07425164861762,-36.333333333333336,23.678400846904058,-226.25,72.3943195285376,291.44444444444446,17.957425645188373,-316.625,25.139299413468148
412,45.26086956521739,17.833084522641684,11.821428571428571,7.810494640585336,-43.5,33.70406927530095,-85.65384615384616,38.44470785596084,70.91304347826087,19.03066871149843,-114.32,20.522611919538896
413,69.0,19.695177074603823,39.054545454545455,15.742724936609674,-14.072727272727272,10.400794629528068,-39.8,13.312195365699285,88.575,18.158864914966465,-103.25454545454545,12.298142035310097
414,41.758620689655174,6.349885540178266,17.448275862068964,4.6355910004982235,-12.32258064516129,7.306148964749436,-80.35483870967742,2.913244362548551,67.86206896551724,15.028075192626758,-105.58064516129032,6.558787228318019
415,46.0,24.289915602982237,17.833333333333332,18.54349241947458,-38.432432432432435,25.001124883385224,-67.0625,29.576106805156083,70.87096774193549,26.097511852089028,-102.46875,21.255858567404424
416,37.44,8.649069314093857,17.928571428571427,1.0326308782000686,-58.142857142857146,3.9434782119549316,-97.27272727272727,7.592950188298581,61.56,5.477809781290328,-127.81818181818181,8.809273851182285
417,56.30769230769231,21.82759233131883,22.153846153846153,10.737039800086384,-12.296296296296296,4.696845393766888,-59.82608695652174,41.605447149552155,73.34615384615384,21.42956675625867,-95.8695652173913,41.655214557255185
418,42.56410256410256,7.621813741323606,18.076923076923077,3.229547998735136,-20.575,5.403181932898429,-59.175,3.774172094645394,66.07692307692308,13.964028173855732,-90.725,12.23516959424756
419,39.61538461538461,4.3947251867956005,16.423076923076923,6.007515017575115,-22.06896551724138,20.453363325957877,-73.35714285714286,17.450366933748096,72.26923076923077,14.311258860684298,-103.28571428571429,12.659996453557229
420,57.34782608695652,5.0356010448404005,25.91304347826087,4.461556011257496,-27.96,3.1302396074422165,-84.36,1.1959933110180843,90.43478260869566,14.239644862927806,-106.36,1.6463292501805342
421,60.8235294117647,18.24743428900315,23.235294117647058,11.414796443856163,-12.352941176470589,5.487324178832395,-69.3529411764706,9.585167318620554,85.29411764705883,20.939028310177015,-95.47058823529412,9.475154178840722
422,57.629629629629626,14.762686065307552,23.185185185185187,11.978490095404615,-27.03448275862069,25.483575181728447,-85.64285714285714,34.877555498501046,77.03703703703704,15.685524068226874,-112.46428571428571,28.34542309093448
423,44.794117647058826,1.5863278306072708,17.294117647058822,5.393511416315337,-13.735294117647058,5.270946022519899,-78.6969696969697,1.5469392749212385,58.85294117647059,7.670157422041137,-97.63636363636364,3.226952608963427
424,35.542857142857144,1.917481341207145,10.742857142857142,0.49815987926179134,-16.194444444444443,4.101621931521212,-70.91666666666667,2.113120388850995,53.457142857142856,7.918668203836361,-94.41666666666667,3.294566233461799
425,43.03846153846154,6.247958246381029,22.357142857142858,11.8056109109013,-10.75,0.57476703355111,-72.71428571428571,13.703120454994243,69.73076923076923,18.181896516775844,-96.42857142857143,8.21335398442496
426,40.416666666666664,12.316147936753602,19.846153846153847,12.449978810688307,-16.05,5.7963350489770695,-64.45,2.011839953873071,69.25,21.254247941424687,-87.625,8.398474563871703
427,59.0,16.09838174279769,32.09090909090909,18.25802212455737,-12.875,2.587026929379231,-74.41666666666667,21.264047644374347,90.52631578947368,14.669583358101107,-108.29166666666667,20.358207121999282
428,51.696969696969695,18.474363643421785,22.424242424242426,14.50398127794322,-14.923076923076923,9.701664185511774,-78.27027027027027,11.908771803712586,76.0909090909091,17.486555244674946,-106.89189189189189,10.6815926127647
429,47.16,19.615667207617488,28.6875,23.238488413621056,-14.644444444444444,8.979372795606,-62.333333333333336,8.81160850494644,65.92,19.5077830621524,-85.75555555555556,10.973008410652337
430,35.22222222222222,11.836332431631801,18.344827586206897,7.883968290445887,-9.71875,2.2532528569825447,-64.875,0.81967981553775,56.333333333333336,22.03532517471788,-84.5625,2.8932842497756766
431,44.041666666666664,10.321818180706128,23.185185185185187,15.199992780302956,-17.214285714285715,11.860369612576953,-82.32142857142857,11.826282991191912,69.08333333333333,15.77687301787722,-111.10714285714286,13.826318810035252
432,36.833333333333336,6.558497456650333,14.346938775510203,9.047608817957492,-11.959183673469388,3.9432669749399185,-61.38775510204081,5.9891613890516116,62.895833333333336,13.883802888217943,-84.16326530612245,10.90655473908014
433,47.15625,13.89718805865057,17.0625,6.538049690083428,-13.777777777777779,5.716016051951993,-73.38888888888889,3.3522610758990194,68.65625,11.137238703444405,-98.25,7.084313657652377
434,,,,,,,,,,,,
435,51.44444444444444,10.130018951147983,20.29090909090909,8.465271788092867,-16.19298245614035,15.13267476327038,-95.14285714285714,16.144911373721012,74.85185185185185,12.73578715071913,-118.71428571428571,14.044208625564039
436,31.160714285714285,2.5479458513132673,10.357142857142858,2.9545882685637768,-23.666666666666668,5.719567316886624,-87.35714285714286,5.588344284019613,49.107142857142854,10.796293298145981,-105.75,6.980201593486702
437,46.03636363636364,10.570909716358614,29.581818181818182,7.905558249717058,-35.03508771929825,15.782474082037963,-98.84210526315789,16.60985701184185,60.09090909090909,10.40327348355092,-120.47368421052632,16.352590076684073
438,39.8125,16.348619016601983,19.529411764705884,13.258150199511347,-14.631578947368421,12.469797306907045,-74.57894736842105,26.98014043401804,61.75,17.37275165309169,-97.3157894736842,19.569182624403545
439,42.3,1.2288205727444508,12.2,0.39999999999999997,-12.714285714285714,3.1794407585949713,-59.51219512195122,0.7689698912407048,80.2,13.253678734600443,-77.1951219512195,0.9682650361599613
440,38.0,10.748643325244974,9.272727272727273,0.508874412840808,-49.55882352941177,20.987659085997052,-85.80645161290323,29.624988748971553,57.833333333333336,11.410764897917911,-102.7741935483871,22.38765454357689
441,42.40277777777778,1.009121210402373,13.319444444444445,1.5530113121939806,-10.108108108108109,0.5591394828534378,-69.28378378378379,6.097230807573067,59.958333333333336,13.879879022047225,-95.8082191780822,2.9593480133789156
442,42.833333333333336,3.5126754602281274,19.9,4.742362280551751,-11.193548387096774,0.46968450898583997,-79.06451612903226,3.252150493194468,68.96666666666667,10.30366709262074,-107.76666666666667,6.631658079914019
443,22.444444444444443,2.4695678634325406,10.72972972972973,9.80526237268663,-57.189189189189186,11.850049236613048,-84.64285714285714,20.299919573581505,40.74074074074074,7.705662144224387,-101.78571428571429,17.493584829990724
444,50.22857142857143,19.45410087401437,20.36842105263158,13.579049367221975,-13.463414634146341,6.956651707137564,-63.025,20.111548299422402,78.94285714285714,18.689864108873646,-92.85,21.319650559988077
445,39.96666666666667,18.05820835212865,20.09375,18.556264735595363,-11.176470588235293,1.2240383556873418,-59.911764705882355,8.388955088331826,71.73333333333333,16.808595684615916,-85.91176470588235,14.990914203293908
446,51.28947368421053,6.112575022623625,26.763157894736842,7.8386163203192,-79.89473684210526,2.303195419688533,-105.62857142857143,2.178934395992871,65.28947368421052,8.855292484506064,-125.82857142857142,7.0609012548407915
447,28.8,2.9933259094191533,8.76923076923077,0.696568087549032,-55.08,9.494924960209007,-84.85714285714286,14.267130769995882,54.6,10.914210919713803,-108.33333333333333,11.877683489610467
448,58.95,23.480790020780812,27.318181818181817,19.37990140615779,-22.291666666666668,11.656468757256157,-61.65217391304348,28.913076168664094,80.6,17.17963911145982,-80.6086956521739,28.902744161027464
449,48.473684210526315,3.3618356679308024,21.666666666666668,12.574855232844,-13.178571428571429,9.392449746732636,-76.07407407407408,17.57086377422268,75.94736842105263,14.532988551316173,-106.03703703703704,12.885482734260465
450,44.34615384615385,19.181205359759183,20.666666666666668,17.903219054830686,-21.575757575757574,21.58426798448534,-51.75,28.041264236834973,65.03846153846153,15.680661213567321,-94.15625,19.863769429227172
451,34.535714285714285,2.8968226788419518,10.655172413793103,6.742944522413221,-9.068965517241379,0.6395598962410831,-60.89655172413793,9.844812488665278,51.0,9.246621004453464,-85.24137931034483,14.921992962053425
452,36.97435897435897,11.456690307161765,10.9,4.846648326421054,-17.925,8.364769871311465,-70.425,9.267921827464884,59.97435897435897,18.732239012868696,-89.925,11.518219263410469
453,37.69444444444444,9.527210867487936,13.86111111111111,3.8525084020225475,-14.583333333333334,0.5951190357119042,-66.25,6.1344881159265805,68.16666666666667,18.612271937264044,-90.66666666666667,5.868938953886336
454,51.65217391304348,20.075095312247992,18.67391304347826,12.318339717013123,-20.130434782608695,8.593750751847363,-70.65217391304348,14.301440169656901,70.80434782608695,16.794952095168863,-93.30434782608695,15.181323716727093
455,49.733333333333334,14.93973077252584,22.90909090909091,21.091953997104632,-22.44736842105263,7.443461872928457,-62.05263157894737,2.405556817268724,70.86666666666666,18.231352726065673,-85.05263157894737,7.7355888709299565
456,73.78947368421052,35.892498772641126,14.761904761904763,8.933109957609345,-40.23809523809524,28.901976801571006,-81.2,38.733189902201445,96.63157894736842,33.40691785640842,-132.7,33.325815818971336
457,33.44230769230769,1.8750739630382331,22.927272727272726,4.267656565608751,-25.069444444444443,4.916882449753233,-79.90140845070422,2.4039575913009896,53.65384615384615,12.912255084258007,-98.92957746478874,3.6974446587559067
458,61.22222222222222,22.67537958902062,32.0,27.85677655436824,-32.833333333333336,20.9715415636418,-90.4,32.22793819033418,94.22222222222223,12.899420984230069,-119.8,34.22805866536985
459,41.1764705882353,10.620376054700353,20.444444444444443,19.55397720903239,-11.783783783783784,5.463070788461105,-72.8108108108108,10.394483562533303,72.52941176470588,21.620027880100714,-103.89189189189189,14.01501855401532
460,56.05714285714286,17.554719116673617,19.833333333333332,18.999268991785506,-25.81081081081081,12.291147853589672,-81.4054054054054,16.252167355604154,83.2,17.49579541326593,-110.02702702702703,19.55793401802255
461,39.166666666666664,19.531313888784393,15.419354838709678,13.062564569492242,-16.15625,10.729950416357942,-69.03225806451613,21.25495596244934,66.08333333333333,16.25811763055271,-100.0,18.963122105813696
462,50.52173913043478,14.273324359789946,18.291666666666668,5.310988347023764,-10.5,4.797836050682721,-87.11538461538461,2.7361809864357554,88.69565217391305,20.003118849447052,-111.53846153846153,3.8152605438883826
463,34.13333333333333,12.955650847753226,11.617647058823529,3.1343890096265676,-43.121212121212125,27.693952491317813,-57.72,35.888181898781106,53.93333333333333,12.630474610595158,-91.28,27.16692106220357
464,50.96774193548387,3.4123482688020355,21.34375,7.959308131835329,-16.636363636363637,7.737426483982986,-92.38709677419355,16.39960152811517,70.35483870967742,9.156518521009954,-111.63333333333334,12.243320174237413
465,45.833333333333336,5.927806414592913,20.09090909090909,10.311404796172218,-11.916666666666666,5.397401638237093,-74.08333333333333,14.324367350776788,61.56666666666667,9.39391055714049,-94.72222222222223,16.818658803561515
466,46.77777777777778,9.007541422004996,22.14814814814815,9.39150011171924,-10.241379310344827,0.5020765440883116,-83.03448275862068,0.7183678157241261,66.18518518518519,13.402700217264227,-104.10344827586206,1.7487892873249606
467,65.12,22.617373852859224,37.53333333333333,23.77776739355952,-18.594594594594593,13.56358291869826,-74.75,7.47356452214515,87.08,18.607353385153946,-94.44444444444444,7.857920436110746
468,33.869565217391305,18.672938679848947,8.529411764705882,3.1145008171862383,-46.84313725490196,30.99232830374387,-91.32608695652173,34.48758714808542,64.56521739130434,21.95217348248038,-121.19565217391305,24.450144095972107
469,24.41176470588235,3.0206899003453573,10.583333333333334,0.4930066485916347,-58.55555555555556,0.8642416214502247,-98.17647058823529,4.889788809557742,47.0,3.4725816807401038,-115.05882352941177,3.733325094734689
470,53.6875,1.8614090764794289,15.5,5.165994579942956,-10.4375,0.5555121510822243,-80.9375,1.5599979967935855,72.8125,6.894007814762034,-102.0,4.866980583482946
471,46.416666666666664,22.03201584563297,13.285714285714286,10.9376712814577,-25.25,20.222203144069145,-86.16666666666667,12.99893158002696,65.83333333333333,20.93972832255047,-110.33333333333333,17.346149108343585
472,40.857142857142854,12.336688273236883,17.46875,7.8261755307110255,-16.181818181818183,1.1665682760557672,-83.96969696969697,9.372703269326268,63.642857142857146,15.395301430061346,-108.8125,5.264488935309865
473,34.92,11.675341536760284,16.074074074074073,8.082564343380348,-32.44827586206897,16.931069597547687,-91.89655172413794,9.185238635933677,56.68,15.622342974086825,-112.65517241379311,10.222611388043816
474,54.3,2.8301943396169813,30.066666666666666,6.228607834464742,-11.3,4.1645327869202005,-90.3,8.571853164086905,75.06666666666666,8.793684602536578,-111.73333333333333,11.069276800626538
475,63.05,18.131395423408538,38.04545454545455,30.43992186217315,-16.695652173913043,10.182827755412948,-83.47826086956522,10.902211842666691,89.4,24.54872705457454,-123.30434782608695,27.6930925033799
476,54.79245283018868,12.183128591848272,27.478632478632477,12.744429512534909,-11.699186991869919,3.529054686639781,-63.0,2.596883064924673,70.5377358490566,7.5212585863455805,-78.0909090909091,4.269824933024501
477,33.09090909090909,13.276462737111771,10.782608695652174,5.038603341154134,-47.82608695652174,34.02639918078064,-96.95238095238095,41.41023129898972,59.81818181818182,14.43051175189181,-132.47619047619048,22.13512409770638
478,54.05882352941177,26.750416353516915,10.851851851851851,11.755861276334564,-43.44444444444444,30.17029853316415,-104.5925925925926,37.407920788556375,84.88235294117646,16.834426746267084,-128.57692307692307,28.540353451699385
479,34.464285714285715,6.444721776423727,19.242424242424242,12.862984956915582,-10.382352941176471,0.6423626372894574,-67.08823529411765,2.4777557095891,54.464285714285715,11.992504036323043,-89.23529411764706,5.224708399008626
480,52.629629629629626,1.6363497803240388,29.14814814814815,3.566341664358732,-8.925925925925926,0.37770514915502107,-72.37037037037037,0.7768954430890012,71.0,9.572336685973266,-92.33333333333333,1.0886621079036347
481,52.674418604651166,17.033784391863456,23.488372093023255,13.03817666847213,-25.816091954022987,11.539565855329025,-64.50574712643679,20.436542413556957,70.26744186046511,16.161556753968227,-86.13793103448276,22.230336740172216
482,56.18421052631579,17.462524178724014,30.58695652173913,15.401264892938418,-14.391304347826088,3.3717384296245734,-70.56521739130434,4.337160832062354,77.5,13.861628217569004,-93.84782608695652,5.941626886359557
483,35.355555555555554,1.3191841848582961,12.88888888888889,2.1727833887253896,-14.521739130434783,2.194252674947051,-62.02173913043478,1.1885162550292734,59.666666666666664,16.410024036816306,-80.17391304347827,5.005667865035321
484,39.61764705882353,1.3064254302654597,14.470588235294118,2.291099069900053,-15.444444444444445,8.18007214191376,-70.6470588235294,10.919174588879057,55.11764705882353,11.424341159745538,-102.70588235294117,17.01647888469345
485,44.659574468085104,1.057427543811845,16.851063829787233,6.084436802917072,-8.25,0.4330127018922193,-69.74468085106383,7.926438617277188,75.46808510638297,11.559008762312837,-88.42553191489361,2.922725927062974
486,49.24242424242424,2.4249998816657645,23.727272727272727,5.853114826145483,-12.212121212121213,0.5369710650505863,-73.59375,2.815796679005784,72.66666666666667,8.888762625365862,-101.875,3.4346579160085215
487,45.829268292682926,8.889298688418647,15.816091954022989,7.8572446043860475,-12.505494505494505,10.893463738774358,-59.31460674157304,7.725043915540752,69.86585365853658,16.723550063018664,-79.8314606741573,9.630517919329202
488,45.625,18.472530281474707,21.11111111111111,9.042424016753772,-35.5,31.887388660026012,-75.83333333333333,41.0233673248146,82.875,32.90492934196942,-129.55555555555554,24.051385319820334
489,53.875,14.911719384430489,29.041666666666668,14.9846565044233,-10.416666666666666,3.914893215515449,-74.20833333333333,23.02712018227396,76.66666666666667,18.586883069041516,-103.16666666666667,23.18344716003688
490,30.083333333333332,1.102396379610246,13.041666666666666,0.9195031871130795,-10.347222222222221,0.5044172165926355,-70.5,0.97182531580755,45.72222222222222,4.955979055147603,-90.83333333333333,2.068278940998476
491,30.066666666666666,1.0306416555826872,11.8,0.9092121131323904,-20.78125,7.100767454120716,-79.96875,1.310638560969423,48.43333333333333,14.181404099108882,-102.1875,1.911110606427582
492,42.93103448275862,1.740610960568823,14.366666666666667,5.192836946752282,-20.0,6.051859218455102,-79.9375,1.818954026356906,57.689655172413794,5.528006738579792,-96.40625,4.263649954850891
493,51.46666666666667,22.36624440734047,23.210526315789473,12.102974612046156,-19.38888888888889,18.24566581376669,-63.214285714285715,35.149026752282246,75.93333333333334,22.188485502370117,-110.57142857142857,22.974253557637343
494,38.193548387096776,1.5116612275948362,14.741935483870968,1.4134775677552676,-20.875,2.057759704144291,-65.78125,1.340111352649473,58.645161290322584,13.855355054406324,-86.75,3.082207001484488
495,60.0,8.329742816234807,23.846153846153847,7.346858604937673,-11.487179487179487,2.122792003673764,-64.7948717948718,6.369717971374047,88.02564102564102,12.690572271930298,-94.23076923076923,9.783454212667476
496,59.608695652173914,14.991995343703692,39.83870967741935,19.0349369355803,-11.67741935483871,8.479147464655117,-86.03225806451613,14.405384009096451,76.69565217391305,12.277355552287222,-108.6774193548387,6.948599751141296
497,57.421052631578945,19.0961990967993,30.133333333333333,16.341630545600058,-18.285714285714285,14.191690584023211,-71.0625,27.43280142001542,71.57894736842105,9.195627046955721,-88.46875,27.28894507740268
498,35.46153846153846,2.73482905148172,13.576923076923077,3.884615384615385,-12.535714285714286,11.518563101288604,-80.5,10.115405507018913,52.46153846153846,13.431394821979781,-99.17857142857143,9.000212582523385
499,28.685714285714287,8.524825690958407,17.324324324324323,15.895017159141677,-21.452380952380953,4.221274807179986,-68.76190476190476,2.3785702369032715,66.71428571428571,19.37534726482736,-88.45238095238095,5.73710720598548
500,34.666666666666664,3.0804040139061124,16.8,2.9484459183327973,-10.0,1.6263951827039393,-70.64516129032258,13.236187900421925,65.73333333333333,15.880666092943189,-98.41935483870968,14.840602964770687
501,48.1764705882353,20.24042342651035,14.675,12.450677692398918,-22.27906976744186,14.226286808017392,-63.853658536585364,22.09575720845769,75.17647058823529,19.584613690997468,-93.82926829268293,22.71767597936965
502,43.8125,20.997674722454388,14.904761904761905,10.141403875320137,-22.045454545454547,22.058758872049136,-62.86363636363637,29.945853339509377,73.0625,21.483914767797792,-97.68181818181819,25.82878303478217
503,43.372093023255815,8.115512724532218,21.891304347826086,17.90461230456939,-8.41304347826087,0.4923805066480923,-56.84782608695652,12.486457692591788,70.06976744186046,12.947829752308065,-85.32608695652173,9.553179183610956
504,34.785714285714285,16.90172675636838,11.068965517241379,6.902928086777721,-44.333333333333336,29.393120888322755,-85.0,38.06472220998174,55.892857142857146,18.360165120861687,-108.73076923076923,39.20317657096728
505,37.24324324324324,7.386640261054963,14.263157894736842,5.779656748714752,-26.025641025641026,7.911326445517696,-89.34210526315789,7.370911233353194,63.945945945945944,22.127329250970664,-108.52631578947368,8.152290095121362
506,51.26315789473684,13.301531788573739,27.894736842105264,13.61073390976133,-16.178571428571427,7.686042876672028,-74.42857142857143,1.8598880808987908,89.21052631578948,13.90031785841953,-97.0,3.6742346141747673
507,36.92156862745098,11.454673054885063,14.622641509433961,9.917064414802075,-11.537037037037036,2.8396202338873286,-87.16666666666667,7.99478997014097,67.47058823529412,18.126302999737508,-121.48148148148148,15.25431419333286
508,38.22222222222222,12.847635128499787,18.229166666666668,11.876516716005394,-15.4,15.007997867803684,-60.666666666666664,5.233439489369194,61.733333333333334,16.52930058344205,-83.44680851063829,9.040825867562495
509,22.29032258064516,1.348680320023669,10.129032258064516,0.49134020037831666,-74.93548387096774,14.76905108418138,-107.04761904761905,20.091401123191247,50.193548387096776,10.062448091915673,-120.66666666666667,15.618466888158643
510,46.12,1.8181309083781618,19.4,5.184592558726288,-15.423076923076923,3.575268434495265,-77.96153846153847,1.2854442282360308,68.64,9.983506398054745,-97.8076923076923,2.842253044129587
511,45.1764705882353,7.602130460815086,22.11111111111111,15.687535352377655,-22.580645161290324,3.908420962802828,-73.80645161290323,1.5328521768408676,68.88235294117646,16.488435708420816,-91.54838709677419,1.5416520187546479
512,65.84848484848484,17.550138067524266,29.558823529411764,14.293542714169895,-15.405405405405405,6.610636226728327,-85.91891891891892,19.781752960307006,86.45454545454545,17.598365814439788,-111.64864864864865,19.24973319045174
513,46.333333333333336,22.244433344430576,18.903225806451612,11.718072170823337,-13.64516129032258,9.49889089314073,-35.67741935483871,13.957047235494294,59.592592592592595,23.6365367821989,-90.51612903225806,7.232859461053469
514,65.88461538461539,17.37887073227125,43.911764705882355,23.25101850654494,-10.0,0.4417261042993862,-69.1219512195122,1.6259349573169715,89.6923076923077,9.54249294459436,-87.92682926829268,3.007229045454685
515,34.76,18.834606446644962,15.2,8.508818954473059,-61.48,25.89072420771578,-93.0,32.3962960845835,63.88,22.59437098040129,-131.56,20.24268756860116
516,38.333333333333336,11.450376024878446,15.857142857142858,9.869557399666215,-30.857142857142858,23.117269805608665,-86.35714285714286,25.938408208835085,60.666666666666664,10.16530045465127,-107.28571428571429,23.27914017628097
517,44.84848484848485,17.0899956772894,26.12121212121212,17.840637262292553,-17.666666666666668,8.108392673399072,-71.42622950819673,4.324762919280284,65.6969696969697,17.683213831861114,-94.75409836065573,9.159167650823896
518,54.84615384615385,15.676273859887035,22.24137931034483,4.938624493784318,-25.517241379310345,20.90804281751349,-49.37931034482759,21.571714866532897,71.11538461538461,16.170549971801595,-102.41379310344827,24.444895442578048
519,43.73913043478261,7.622719994425976,18.625,6.606893495937911,-18.5,7.783529619223745,-64.5,11.131786319664362,66.17391304347827,9.34671378619963,-94.16666666666667,11.271892279273944
520,49.0,6.528452316986961,22.379310344827587,10.610384610999795,-12.344827586206897,0.6032019201564105,-77.58620689655173,2.5122766344947562,75.82758620689656,11.191341990704833,-100.37931034482759,5.384612771294658
521,41.95652173913044,11.573877110975484,18.608695652173914,2.746367251713697,-11.91304347826087,0.7753284565272611,-93.0,1.5954480704349312,56.869565217391305,15.762653572195608,-115.63636363636364,3.4317429251230678
522,47.51851851851852,11.883291632684728,13.964285714285714,5.979023707077596,-21.96551724137931,30.116420951689424,-88.53571428571429,18.321498189786972,75.48148148148148,20.069085070899234,-111.96428571428571,13.95012069291656
523,30.2,2.1084862545708676,9.971428571428572,0.6540298938434056,-18.942857142857143,3.070066143008808,-67.28571428571429,1.99386815112776,68.31428571428572,19.402166931367564,-85.91428571428571,5.871828279755699
524,60.0,16.505182599158935,27.05,17.69879939430921,-29.90909090909091,21.264372873870705,-96.63636363636364,13.559784975988421,88.3157894736842,21.665040069633765,-117.72727272727273,14.737650664452527
525,52.0,7.378647873726218,31.29310344827586,4.616345101132143,-22.527272727272727,10.117230209273586,-61.68518518518518,16.888330481346813,73.02777777777777,11.736661722783943,-103.20370370370371,11.347017277566545
526,48.450980392156865,8.509081021070662,29.072727272727274,15.167974090712606,-11.542372881355933,5.502917666475699,-86.15254237288136,7.482892487335234,65.94117647058823,11.637349884806556,-107.44067796610169,6.512754595539271
527,47.75,12.47747971346778,14.583333333333334,6.969676383368807,-26.416666666666668,17.932551098181452,-84.83333333333333,24.91596988992312,72.75,10.059199769365355,-116.0,11.037127426019046
528,39.294117647058826,12.154712017215928,19.86842105263158,12.620307471088806,-20.128205128205128,9.309987708767911,-77.13157894736842,13.264854736902917,67.94117647058823,23.342641083081492,-97.02702702702703,12.532091748541587
529,41.51111111111111,1.4082648460226543,12.8,5.635601121442148,-8.866666666666667,2.186829262247563,-67.71111111111111,1.3923955731396038,59.022222222222226,9.758162142281801,-85.31111111111112,3.613691385840629
530,48.10344827586207,4.581407911791,13.741935483870968,4.479110956828332,-23.91176470588235,6.11828333795193,-75.3529411764706,7.881035886455448,64.82758620689656,6.6595483201772225,-92.94117647058823,9.129593691334689
531,42.357142857142854,4.219125550177816,18.689655172413794,3.8336392026723574,-11.827586206896552,2.4078745172546334,-82.3103448275862,2.2758620689655173,62.285714285714285,11.275311661378788,-102.82758620689656,7.14417517990629
532,42.0,22.499895177952894,13.60344827586207,11.599553581142999,-11.788135593220339,8.415936954913107,-62.439655172413794,10.474343690330334,61.594339622641506,14.774262617290125,-81.11304347826086,12.602115224379771
533,50.68421052631579,18.003077607012077,21.894736842105264,17.076899560955393,-12.552631578947368,7.006378178492465,-65.62162162162163,8.86643031662306,76.3157894736842,19.002915653238574,-93.91891891891892,14.177215024760354
534,43.36,19.909555494786918,21.129032258064516,15.918627626623108,-33.12903225806452,27.184841525028148,-70.0,38.56768941311712,65.84,19.201416614406345,-106.46666666666667,23.840768071147004
535,34.793103448275865,13.808741135524235,9.084745762711865,5.779238515299341,-36.435483870967744,21.266072455183036,-53.422222222222224,25.694347747565793,73.27586206896552,3.5418342386507136,-73.4888888888889,19.43035680146144
536,44.86666666666667,18.94858540601089,15.333333333333334,8.447221765501101,-17.5625,14.594385692792965,-50.9375,28.97082314588248,63.166666666666664,15.187897228458658,-88.40625,26.31166492142791
537,52.32432432432432,11.108930067570192,20.972972972972972,7.933802082592937,-19.77777777777778,10.239116474229576,-73.38888888888889,2.0853693754581624,71.89189189189189,17.741056039416538,-97.55555555555556,11.959293096083258
538,50.8235294117647,14.649775320973948,20.555555555555557,6.961977865698018,-9.842105263157896,0.6698906348083082,-66.78947368421052,6.886897914219901,80.41176470588235,16.620535927967907,-91.94736842105263,13.747626337549967
539,35.21052631578947,1.9487903770077493,15.0,1.1920791213585393,-10.026315789473685,0.5373836278068983,-78.13157894736842,2.178496012240155,65.84210526315789,20.74852729813736,-103.28947368421052,3.966357833054626
540,41.2,20.788458336298053,16.61111111111111,16.58023887004208,-26.35,7.4784690946743915,-74.95,23.650528535320305,64.73333333333333,26.689490232840505,-104.8,25.67995327098552
541,36.779411764705884,7.018558567103476,11.956521739130435,6.827979060207263,-17.119402985074625,8.926770718712826,-74.2089552238806,5.298654612209371,61.89705882352941,13.68999173492892,-94.95522388059702,6.929135622302795
542,45.22222222222222,25.481050814620733,35.04545454545455,21.47403775540737,-29.545454545454547,10.949168805012604,-79.03030303030303,6.85116600774995,62.22222222222222,22.96992128742755,-100.81818181818181,8.440359555225571
543,42.142857142857146,10.664072813873311,12.428571428571429,5.982286778652526,-13.114285714285714,9.691738539517425,-84.34285714285714,17.525398478686142,70.25714285714285,19.692410223437946,-105.51428571428572,17.019940286233048
544,42.82608695652174,7.9161484591448374,14.0,3.7878524373260003,-13.827586206896552,6.2038306604273155,-76.82758620689656,1.0194307240754816,73.95652173913044,18.52020814248133,-97.75862068965517,8.740137978922668
545,56.111111111111114,12.969575033254168,24.866666666666667,11.723859811891684,-14.806451612903226,3.430596250618173,-38.935483870967744,5.99427406280881,73.22222222222223,11.443365644946885,-94.53333333333333,5.149325737954005
546,36.375,1.0413332799829265,17.275,2.9153687588365216,-15.6,5.102940328869229,-68.07692307692308,0.997037030524286,58.575,22.92911631528786,-88.43589743589743,2.5699932335027333
547,24.243243243243242,7.936931823990337,8.837837837837839,0.43579771612424595,-61.24324324324324,0.9974401128241048,-95.0,2.280350850198276,39.351351351351354,6.5149151794533084,-110.4,0.4898979485566356
548,52.80952380952381,17.884867366732795,29.477272727272727,20.40887578343799,-10.755555555555556,13.763325753700267,-63.18181818181818,2.025661814105199,77.16666666666667,11.745144217863514,-81.52272727272727,3.816761099316566
549,57.333333333333336,28.32745036964048,33.666666666666664,26.641654936917448,-18.153846153846153,20.037834037126075,-85.88461538461539,11.150463678102646,82.61111111111111,27.9704981262776,-105.65384615384616,11.841719949439218
550,37.945945945945944,23.012271633343982,11.1,7.080960386840192,-33.609756097560975,29.579061520411976,-72.16216216216216,32.6401456620305,62.351351351351354,26.554600778361813,-102.0,26.372333988481188
551,60.75,19.986627473833043,28.38888888888889,17.47423146899739,-9.871794871794872,0.6067774136512426,-72.23076923076923,14.539885970105429,81.80555555555556,14.662536244995355,-98.64102564102564,13.307964030623474
552,41.513513513513516,6.6965970447345216,16.135135135135137,4.63921103591899,-10.864864864864865,2.279902346914934,-72.08108108108108,3.6493492820796214,61.13513513513514,9.569552397570463,-94.37837837837837,6.161569435694436
553,37.57575757575758,16.812748235013743,15.848484848484848,10.863118621701798,-18.294117647058822,22.59037980016208,-86.57575757575758,12.848842190571109,56.93939393939394,18.547137970733324,-104.66666666666667,13.936363306911248
554,38.1,18.576598181583194,18.636363636363637,13.818779891363434,-9.767441860465116,0.4743273966132823,-60.906976744186046,3.18290457877686,64.5,25.609568524284043,-78.0,3.923690716303886
555,48.18867924528302,18.135815293744436,13.696969696969697,7.692912316422997,-10.723076923076922,7.626891074062963,-54.9375,4.080728335726357,64.39622641509433,10.276075204527922,-73.66666666666667,5.611778995297614
556,47.1,13.910068296022132,21.727272727272727,18.377807313520638,-32.10344827586207,29.640774371645104,-55.08,3.958989770130759,80.75,13.080042048862076,-94.44,16.380671536905925
557,52.5,1.5438048235879214,20.933333333333334,6.4183763955969075,-10.933333333333334,0.44221663871405326,-69.7,7.668767828015136,71.4,6.096993794759293,-89.86666666666666,6.931730583980373
558,72.52380952380952,14.083489312021156,36.26086956521739,14.00067511199665,-22.17241379310345,22.862511047891964,-94.34482758620689,9.628534683049509,85.85714285714286,12.717763034379885,-111.48275862068965,8.202693794934696
559,44.77777777777778,14.179623704282909,13.7,1.7916472867168916,-26.083333333333332,8.371164129850095,-71.18181818181819,2.622219109428356,67.44444444444444,11.02634331560469,-99.45454545454545,8.392243565704925
560,33.3125,14.919445155567951,13.9375,9.708042735278827,-45.34375,25.47745250093698,-80.5,31.63576186171954,52.75,12.932517156377562,-105.85714285714286,15.72012878381064
561,41.029411764705884,4.040131725558164,16.058823529411764,3.9922069414016828,-22.605263157894736,6.264097673854553,-75.21052631578948,1.6726577454811264,80.32352941176471,16.25119106627771,-96.13513513513513,3.7787611452100673
562,62.4,12.777659074672927,38.13513513513514,14.997589287655465,-49.56818181818182,16.889208129443766,-94.84615384615384,21.048830239181225,79.02857142857142,13.263237515318615,-112.82051282051282,18.49306425063301
563,36.13333333333333,4.177186719418812,16.80952380952381,10.24750398235984,-11.956521739130435,12.876711685975202,-66.36764705882354,6.249480947304876,57.266666666666666,10.43210855430909,-87.47058823529412,8.454846483866158
564,39.666666666666664,17.059373441666086,17.866666666666667,10.871164713232075,-12.46875,12.798887585938866,-78.46875,23.68277904802348,67.26666666666667,18.21525612105291,-110.84375,15.278885297609246
565,51.22222222222222,14.573779939617419,31.22222222222222,17.899582724979794,-21.545454545454547,8.907235428302466,-88.6875,3.8522517765587443,72.77777777777777,19.07166471658225,-117.3125,6.756651815063434
566,42.529411764705884,14.021486230944545,15.764705882352942,10.304364647849365,-15.083333333333334,1.9632031648982913,-79.77777777777777,9.021921177243518,65.0,13.315183725621619,-101.57142857142857,7.936482539641906
567,43.62068965517241,19.44118236986035,19.3,12.559591288466887,-10.969696969696969,5.328510215838368,-72.48484848484848,13.941699414088683,64.17241379310344,15.514329228651238,-96.66666666666667,14.08344540030721
568,45.755102040816325,9.890276841928937,31.576923076923077,9.307453906673516,-28.89189189189189,12.398308044515229,-85.03030303030303,16.348449742990365,65.95918367346938,12.92830967954998,-104.43076923076923,11.455558584600189
569,42.86486486486486,6.580734215843725,18.17948717948718,7.486301318362948,-8.853658536585366,0.47168486843448093,-64.46341463414635,1.1282959518263784,58.729729729729726,14.126166344859092,-82.7560975609756,6.483677396034423
570,36.108108108108105,3.783204588875099,17.43243243243243,3.1239315193080843,-15.864864864864865,3.2810855336360545,-67.83783783783784,7.379714758691516,46.91891891891892,7.5957967693319315,-90.33333333333333,2.5055493963954847
571,37.24324324324324,1.6506412415786451,11.432432432432432,2.3543007286900073,-11.432432432432432,6.113965142110979,-76.10810810810811,9.996712388725967,56.08108108108108,10.27297261744775,-96.94594594594595,12.723559645442474
572,48.264150943396224,12.509846602374944,16.264150943396228,9.888340653662597,-17.517857142857142,7.71360364048147,-85.96363636363637,1.9814011237564042,77.67924528301887,14.949946153630119,-107.0,6.051295879246181
573,39.3,3.0016662039607267,21.333333333333332,4.798147790785755,-13.0,6.090712125322324,-68.13333333333334,1.4772346537440226,61.733333333333334,11.53814928352415,-88.9,4.90815647672321
574,33.642857142857146,9.56822974265163,16.93548387096774,10.230994918576267,-10.732394366197184,1.5560671486911695,-59.28169014084507,10.397972579457125,55.767857142857146,15.426080734805412,-87.17142857142858,12.180747606156936
575,62.76086956521739,20.816156750287792,31.6734693877551,20.576772872365083,-22.38,24.738544823816945,-52.191489361702125,27.389731184835433,91.26086956521739,18.907595417219177,-104.91489361702128,23.22125749085884
576,26.904761904761905,2.942379372528649,8.047619047619047,0.5753831415997415,-67.04761904761905,5.415816259774439,-98.56,10.492206631590896,43.642857142857146,3.1230436052902326,-121.64,10.639097706102714
577,48.07692307692308,12.979045469593483,26.40740740740741,20.541303033534675,-20.678571428571427,9.441752150605806,-77.67857142857143,7.846990193828511,69.46153846153847,14.887348188803625,-101.25,8.407585860400118
578,42.5,2.077658938966323,17.5,4.193248541803041,-10.5,0.7187952884282609,-74.03333333333333,1.251221625274897,67.76666666666667,13.901278917982891,-93.43333333333334,2.9403325586667157
579,28.75862068965517,9.463742689005754,8.0,0.3713906763541037,-63.13793103448276,29.324256333494375,-92.14814814814815,37.633420631434724,57.44827586206897,13.247214949713019,-120.1923076923077,22.184574042423872
580,27.733333333333334,3.539617053988876,8.766666666666667,0.4229525846816507,-71.23333333333333,1.2297244497131143,-107.66666666666667,4.09800570932384,47.5,2.539685019840059,-126.42857142857143,7.228063223242009
581,28.208333333333332,3.201290972231186,13.166666666666666,2.034425935955617,-16.44,9.453380347790942,-72.6,2.1540659228538015,51.041666666666664,12.667146372495354,-92.48,5.456152490537631
582,41.0,4.15187851918806,11.952380952380953,2.999622047242595,-13.833333333333334,18.21291622613791,-103.02380952380952,7.899632587110482,72.64285714285714,22.685029076853464,-122.35714285714286,7.2925971223642705
583,42.65853658536585,2.0315770168740293,21.829268292682926,3.7540380796721804,-23.725,8.261317994121763,-74.17948717948718,2.2517434256512967,62.80487804878049,9.365790142061048,-97.17948717948718,9.943099127024514
584,45.56521739130435,18.892892813589572,12.5,10.509519494249012,-54.766666666666666,19.266003448792613,-99.27586206896552,28.022031420767703,68.17391304347827,22.651714924833325,-121.72413793103448,20.05491865323496
585,31.291666666666668,3.473860724515785,13.082191780821917,1.6448626928374932,-8.837837837837839,1.2083831841139543,-72.16216216216216,6.042701711461806,57.55555555555556,12.345589505848377,-90.46575342465754,1.2722775584658967
586,41.471698113207545,10.424216677661043,10.927272727272728,0.534434125698148,-23.403508771929825,11.121118915564818,-86.17543859649123,2.1531112292512558,73.62264150943396,18.24800471397615,-107.47368421052632,3.7979923743624875
587,46.40625,18.96519736088976,14.242424242424242,8.54942955045541,-15.181818181818182,10.001377315618404,-60.121212121212125,29.664546307362787,66.90625,15.965508477261224,-84.3030303030303,28.242976974692684
588,72.28571428571429,22.470388678145707,44.0,31.018021327267533,-34.3448275862069,20.874461978726735,-87.39285714285714,17.63182853679732,85.0,18.69682937215368,-112.44444444444444,12.925236105969658
589,44.72727272727273,2.0928844424038795,22.833333333333332,23.348209543536502,-19.416666666666668,4.2122506520333705,-81.0,3.415650255319866,71.36363636363636,14.778809936544144,-117.16666666666667,12.435388570080505
590,45.19047619047619,15.742831215949613,17.58730158730159,12.208031341150194,-13.161290322580646,6.294374212117073,-59.41935483870968,16.149052091523348,65.06451612903226,11.878241109804224,-79.20967741935483,14.082862035884189
591,48.5,14.56193668438371,33.642857142857146,18.561123514551834,-22.363636363636363,9.828277637628785,-77.86363636363636,4.277801628974806,61.4,13.944174410842686,-102.22727272727273,5.915555903961399
592,56.63636363636363,17.73340997104341,21.305555555555557,13.37040563758558,-14.894736842105264,11.445039085454887,-69.21621621621621,21.148298935024126,82.63636363636364,13.927992702333436,-100.91891891891892,19.3521817729114
593,23.916666666666668,1.3514395616855712,8.375,0.4841229182759271,-83.41666666666667,13.692810360023087,-124.16666666666667,13.921406378507726,42.375,5.081112903029545,-151.91666666666666,11.89158198988773
594,45.833333333333336,18.51050752650745,17.372093023255815,10.679306779640346,-12.095238095238095,1.5554745686724831,-76.76190476190476,14.133394300985174,63.666666666666664,19.177533151523367,-100.5952380952381,16.287680889335796
595,40.32,15.340717062771219,11.0,5.59532772120564,-44.96153846153846,32.65493338771667,-98.73913043478261,41.6217098360776,65.88,20.478906220792165,-130.17391304347825,25.74566603276558
596,32.666666666666664,7.345444544447637,11.483870967741936,0.9112546381822927,-16.0,4.499158170416355,-71.27272727272727,1.973655695507125,64.63333333333334,19.37091175505743,-95.87878787878788,3.131052449233816
597,36.45161290322581,2.029439930325913,13.806451612903226,3.4957979830049206,-13.0,1.346291201783626,-75.25,1.346291201783626,55.096774193548384,12.381971385874882,-94.65625,2.868028231642778
598,48.8125,5.8786557774715815,15.707692307692307,5.434145823255239,-13.452054794520548,3.105633837277688,-95.0,12.992305415129373,71.875,14.453048986286596,-111.8,10.743237075348512
599,43.21153846153846,6.967883848446656,21.14814814814815,10.200594404262644,-11.948275862068966,11.119139159487034,-72.25862068965517,11.476453171945058,65.88461538461539,16.324419940400105,-94.06896551724138,11.319592518810666
600,51.07692307692308,19.536795810279237,30.142857142857142,23.576189995287145,-11.243243243243244,13.979532152797642,-64.44444444444444,20.585113883101226,74.53846153846153,20.096365475514318,-96.36111111111111,20.50088450365249
601,47.1,16.576791004292723,22.862068965517242,14.303903826749497,-13.862068965517242,15.771480454268767,-84.86206896551724,18.263821668158016,69.4,15.435025105259788,-104.65517241379311,16.267750754958286
602,50.666666666666664,9.88077070018476,24.705882352941178,10.99339216439934,-22.742857142857144,13.67446600084125,-60.9,9.860189315288697,64.85185185185185,3.21689640749755,-74.36666666666666,8.432015707343583
603,33.22222222222222,5.513171657802346,11.473684210526315,6.402042610330514,-13.0,7.6708607902345545,-70.21052631578948,10.185536429396864,71.66666666666667,20.28683207293725,-92.10526315789474,14.09327849064789
604,30.045454545454547,1.4294713812287623,15.043478260869565,1.5173850753578388,-9.25,0.9682458365518543,-67.29166666666667,1.2068956964966866,46.68181818181818,10.554561115014613,-87.875,1.7633419974582356
605,49.78787878787879,1.965730271542649,19.852941176470587,5.374954735465639,-12.857142857142858,3.818323170808712,-70.54285714285714,6.216764694381324,68.27272727272727,6.306671442464368,-91.37142857142857,10.011666663835502
606,42.55172413793103,12.455676470497023,18.482758620689655,4.013947147180281,-16.848484848484848,5.5820123020895895,-67.78787878787878,7.987708647656916,66.10344827586206,13.787412619127753,-94.0,8.842048302391149
607,41.588235294117645,4.123944763842614,18.529411764705884,5.191822156144995,-9.205882352941176,0.5830655176940885,-75.88235294117646,7.854428147388666,63.44117647058823,9.549225950985544,-98.32352941176471,10.506918136148352
608,33.09375,4.095419506900361,12.3125,3.3488570811547036,-13.787878787878787,15.12725330224083,-87.3030303030303,5.362523425023914,53.53125,13.635854334712585,-107.81818181818181,5.288378026272358
609,44.93333333333333,2.8627880738111853,21.941176470588236,9.142470950815495,-11.157894736842104,5.3730630085811235,-67.78947368421052,6.8177704904047465,70.86666666666666,11.188486145239766,-96.73684210526316,8.896138164295063
610,43.52,6.759408258124375,13.923076923076923,3.709894015934614,-11.615384615384615,6.833609942927018,-78.8076923076923,1.7763235751931523,67.68,18.83766439875177,-102.46153846153847,5.562448058397208
611,61.2,19.187495928338333,34.5,19.809891927565335,-35.26086956521739,27.388060539465396,-90.08695652173913,33.158267437139905,78.35,13.972383475985763,-114.26086956521739,30.126136841337402
612,37.145833333333336,2.466353442950859,9.979166666666666,0.5199993322645285,-13.5625,0.6424643310462198,-70.97916666666667,0.9011470314117571,83.5625,8.361385077645132,-93.41666666666667,3.855911767086425
613,62.723404255319146,7.03396661090925,21.574468085106382,9.760416543367668,-46.604166666666664,19.525346329977236,-67.71875,29.3728556398165,86.53191489361703,7.78938465826788,-87.5,19.992185973524755
614,46.0,6.734771180756096,23.29032258064516,15.042292096247996,-16.774193548387096,19.685772949206243,-81.18518518518519,6.627870654301492,68.60714285714286,10.13247708296124,-101.5925925925926,7.2839715421335764
615,49.34615384615385,10.873193245820048,19.423076923076923,6.270646371560093,-18.11111111111111,7.430334887689106,-83.66666666666667,2.5092421756969365,73.38461538461539,13.78984275884281,-106.96153846153847,10.977181820032825
616,44.04347826086956,10.780329352351886,21.692307692307693,17.520908895394385,-12.096774193548388,0.6403042981057808,-68.70967741935483,5.017347637477053,63.56521739130435,15.156648955538842,-96.1,11.628556803547607
617,41.1,21.31877107152286,13.833333333333334,10.081611423224407,-21.5,16.55186653263872,-65.38461538461539,21.113387883733726,83.5,21.85520532962342,-94.53846153846153,21.262518067157824
618,38.765625,5.165214744749244,14.65625,5.434895209431365,-23.203125,3.2121823164906127,-70.015625,7.461342430111019,54.296875,9.53559071239821,-88.390625,8.220814260727158
619,40.62162162162162,1.9361615879537637,10.486486486486486,1.1768400571393103,-9.894736842105264,0.3831636783831852,-73.10526315789474,1.0205641805087007,57.945945945945944,6.229597817680618,-94.16216216216216,1.778452310958065
620,43.2,12.975361266646875,17.636363636363637,17.243036682950795,-23.076923076923077,18.449354954167152,-73.08333333333333,15.73985563960342,70.5,9.447221813845593,-98.27272727272727,16.766258915349272
621,36.0,8.336666000266533,17.884615384615383,16.47218383325922,-12.076923076923077,5.188174993513,-78.46153846153847,9.503969896152988,54.625,18.156294822090402,-96.84615384615384,10.939316205926879
622,33.666666666666664,13.686976778431873,12.25,12.08784808924117,-60.892857142857146,14.193407135795443,-80.22222222222223,33.07828350302012,51.833333333333336,13.700162205041385,-98.22222222222223,28.885897280998474
623,56.214285714285715,28.443373748626964,18.742857142857144,7.933087516914231,-31.65714285714286,23.636464392535355,-56.833333333333336,33.43260218542507,79.21428571428571,25.4114107423883,-105.16666666666667,19.760369992037656
624,55.57142857142857,12.6158306771084,18.694444444444443,7.51598091640755,-41.473684210526315,25.936904049823504,-84.70967741935483,29.961473701197587,75.77142857142857,14.509279226531874,-107.45161290322581,24.942305956563064
625,67.33333333333333,13.635853766321636,40.77272727272727,14.993731472554602,-37.5,12.710534697946123,-90.92307692307692,2.4949653446502853,86.0952380952381,12.946427203065063,-113.61538461538461,9.872560742851967
626,45.86363636363637,13.07772378910536,18.4,17.31126800670592,-49.57692307692308,40.70075890137589,-65.61111111111111,25.22375178915674,67.86363636363636,17.937506299132135,-100.61111111111111,28.813844837525373
627,41.96551724137931,6.925628359992848,12.758620689655173,3.962367564751234,-14.551724137931034,4.665250903527658,-81.86206896551724,1.136362555398902,66.20689655172414,15.148413619788542,-100.44827586206897,5.580669882522458
628,65.64,22.55460928502199,34.24,18.885507671227693,-15.76,13.32750539298334,-99.52,23.353149680503485,82.04,17.77746888620537,-124.16,21.68627215544433
629,61.25,9.297176990893526,31.375,15.531721572317732,-28.8,13.45213737664019,-88.22222222222223,4.4416657980681515,84.75,6.299801584177076,-112.77777777777777,9.658361694266992
630,22.166666666666668,7.043121151560261,9.233333333333333,1.6265163865007801,-17.466666666666665,1.5860503004493758,-90.23333333333333,2.044233080861595,64.0,23.36236289419373,-115.33333333333333,3.884441901855257
631,28.4025974025974,12.339630738397046,8.38961038961039,0.5382956305470833,-63.33766233766234,4.636418203323985,-101.01428571428572,12.336349144057234,55.62337662337662,14.870906802138702,-123.8840579710145,11.914594912906956
632,42.72222222222222,21.85636331332252,12.833333333333334,13.613572825653266,-45.675,25.575757564537554,-67.42857142857143,37.41889187813764,79.25,19.375492825273433,-94.35714285714286,26.589759422049102
633,21.972972972972972,8.64771954468887,11.227272727272727,9.409530073194256,-61.47727272727273,15.067256244711631,-69.25,41.233329964968874,44.08108108108108,14.089249070543264,-102.125,11.741353201398892
634,35.48780487804878,14.765024512000522,19.15909090909091,15.089043559390705,-9.710144927536232,1.4655606759660411,-71.6376811594203,2.576206707504264,59.51219512195122,15.056190609488327,-92.66666666666667,3.352120966767967
635,48.851851851851855,4.052467960471089,21.032258064516128,8.106086406930814,-21.70967741935484,10.57749756486152,-72.87096774193549,7.6316063310752495,64.55555555555556,9.073091405597157,-93.29032258064517,7.234298005879852
636,38.083333333333336,16.935129497913827,14.162162162162161,13.120055853361489,-12.756756756756756,9.175188061716215,-72.62162162162163,14.089197225229846,56.638888888888886,17.314336990832157,-91.54054054054055,13.216686002814969
637,35.38095238095238,5.4683173217239105,10.0,1.558387444947959,-9.372093023255815,0.5292933338019089,-70.4186046511628,1.08333159989322,49.595238095238095,14.630463202330239,-89.76190476190476,1.3058389715049608
638,36.03225806451613,16.18937100726344,13.290322580645162,6.546082543791767,-35.45161290322581,28.430831412709303,-64.75,36.816751816064844,60.38709677419355,18.85714961417234,-90.10714285714286,32.238330431019406
639,58.791666666666664,9.165056676796326,26.925925925925927,14.613352407545152,-9.82857142857143,0.44629998148038025,-69.62857142857143,15.003020104128968,82.625,8.449913707646171,-91.14285714285714,13.788489728015605
640,56.26315789473684,17.010343928151972,24.137931034482758,15.902123341046767,-15.617647058823529,9.689335270960521,-70.04545454545455,21.764185077004736,75.05263157894737,9.997229533123171,-98.0,15.923110705683564
641,35.05714285714286,4.720428897843059,13.228571428571428,5.398866094101688,-18.17142857142857,16.08634862996876,-74.58823529411765,4.24345618749916,53.857142857142854,11.779262303224394,-96.1470588235294,5.303341637680111
642,65.3695652173913,16.7128675962333,38.708333333333336,15.55629338527944,-12.041666666666666,1.9467743977039442,-67.42553191489361,1.8305292904031862,77.80434782608695,13.586469556490819,-87.95744680851064,2.405290682734056
643,28.35135135135135,4.443131451214159,11.14864864864865,0.691305706077225,-9.573333333333334,0.4945929864264375,-72.30666666666667,0.5157087894883657,71.01351351351352,28.78273377097628,-91.06666666666666,0.6599663291074443
644,41.916666666666664,17.939520308215847,22.03846153846154,14.706044725870035,-30.892857142857142,12.09291199042494,-86.61538461538461,18.305268100650327,67.79166666666667,23.87289112268465,-113.34615384615384,22.815214740796087
645,39.875,21.970648033228333,11.9,6.232174580353154,-12.1,10.513800454640558,-59.075,31.979202225821705,61.575,18.024826628847222,-87.75,23.962209831315644
646,41.52777777777778,15.192260659645664,14.63888888888889,4.366239023447587,-22.63888888888889,8.644692584270606,-78.94444444444444,11.072850793330415,66.83333333333333,17.420454133639062,-99.75,15.162774225788045
647,43.34615384615385,12.827081650501766,22.346153846153847,17.315938206644518,-12.73076923076923,5.0654006775050515,-78.46153846153847,8.228612226347627,64.61538461538461,15.036051351225373,-102.96153846153847,6.284784857897617
648,40.40625,4.204605919405528,16.09375,4.725987826634766,-16.875,11.960220524722779,-77.80645161290323,15.35897206497948,65.375,15.261778238462254,-102.38709677419355,17.377548398593902
649,29.085714285714285,2.3466867655292654,12.17142857142857,1.8744250819264827,-19.86111111111111,5.637930953115581,-73.72222222222223,8.005592181271759,55.542857142857144,19.31741310267997,-102.13888888888889,17.910507123811392
650,87.91666666666667,5.040805711612204,13.416666666666666,10.311468803661722,-39.30434782608695,6.306896036732129,-93.08695652173913,19.370333757260735,103.125,4.639616543063302,-131.52173913043478,11.820650924537665
651,39.04761904761905,9.687872588109668,16.26086956521739,10.994929231653732,-9.10344827586207,0.30454347814923616,-82.10714285714286,14.089862834459302,75.76190476190476,17.043095968203836,-108.60714285714286,4.253899771422232
652,29.0625,11.779053177144588,9.228571428571428,1.0976784407027742,-46.857142857142854,15.321586745770269,-80.84615384615384,25.13454917300443,52.25,15.07274029498286,-103.61538461538461,18.79459194530524
653,38.515151515151516,4.404689044995545,16.454545454545453,3.610514183904601,-11.914285714285715,5.837667971625208,-62.51428571428571,2.8722457969970727,59.27272727272727,11.317116902560736,-86.2,3.169497481575634
654,51.733333333333334,15.40908822740658,26.854166666666668,15.568383537548854,-18.666666666666668,7.954938450524554,-67.15686274509804,7.468555124508875,73.28888888888889,11.79759339342322,-89.0,11.251666543228163
655,65.66666666666667,27.33841416192404,16.266666666666666,6.329472507422891,-29.066666666666666,25.993503461869516,-50.57142857142857,36.99172549506228,94.66666666666667,22.63232692902394,-112.92857142857143,17.462057994055428
656,43.03448275862069,13.58366858836994,21.6,12.451505933018705,-21.942857142857143,9.79487579486002,-73.57142857142857,8.967515069996384,62.6551724137931,12.454817270684288,-92.94285714285714,9.239489340072108
657,54.80555555555556,25.947403471514836,16.916666666666668,14.833099249089294,-16.945945945945947,1.7850118622657696,-36.24324324324324,6.81177599338645,78.27777777777777,19.29394135057703,-81.78378378378379,28.708351864293103
658,69.33333333333333,30.27797145707677,30.4375,31.994079042066517,-33.875,28.21097968876657,-99.9375,79.3130417633191,120.06666666666666,48.48706585838698,-158.75,67.8799491749957
659,54.8,16.27320321439952,23.383561643835616,16.92580921113314,-15.808219178082192,15.487208627614228,-81.87671232876713,20.871390397777127,76.77142857142857,19.07142322097303,-109.6986301369863,23.443715711095233
660,50.21951219512195,16.41610184428832,24.88095238095238,15.573485374572323,-24.166666666666668,13.974324528639873,-75.54761904761905,5.434468392770183,71.07317073170732,21.12262715079113,-99.61904761904762,10.31169558121443
661,45.8235294117647,3.8153759219250647,15.457142857142857,11.392586203674883,-15.555555555555555,11.677243882498901,-78.19444444444444,6.017656633443345,64.79411764705883,9.557194431313192,-99.05555555555556,6.620441595058462
662,37.758620689655174,2.028336713083137,15.89655172413793,3.507084726921688,-19.09090909090909,6.311910993167991,-74.81818181818181,1.0575714161584937,61.172413793103445,14.4986776222624,-95.87878787878788,2.345305766168406
663,58.729729729729726,17.382265968429554,17.275,9.208657611183074,-11.634146341463415,4.421433922360899,-74.5,18.658778095041487,79.97297297297297,14.907800400563904,-105.55,17.745351503985486
664,33.42857142857143,15.031938786246748,17.0,17.63642475846138,-26.761904761904763,25.00458007932368,-61.95,21.079551703013042,62.857142857142854,13.474086997201823,-84.75,19.71262285947763
665,41.6551724137931,2.3234317969548988,10.793103448275861,1.7690697018456083,-11.689655172413794,0.46263475396547366,-78.93103448275862,1.779791434560544,65.37931034482759,11.451287514130117,-97.79310344827586,2.5103827204415583
666,49.642857142857146,17.065450238324644,27.586206896551722,15.808154249778182,-15.033333333333333,9.610700055435897,-81.1,17.35962749216315,73.5,14.423443218791908,-113.17241379310344,16.254588668874167
667,37.60606060606061,11.390957056498527,17.636363636363637,8.882458647544855,-21.484848484848484,9.416687998220555,-79.75,10.280442597476044,59.60606060606061,13.528733493410268,-98.3125,11.490315215432517
668,46.96296296296296,6.511991681912295,19.296296296296298,5.529816920248605,-9.296296296296296,0.531581484978049,-80.92592592592592,1.4637831737310745,68.66666666666667,14.912088062051216,-104.29629629629629,8.334732392846014
669,48.36363636363637,16.64480660076468,19.653846153846153,8.398453647466244,-16.384615384615383,15.52436527397379,-41.32,15.655593249698331,83.36363636363636,16.80785923999261,-110.2,21.46997904051143
670,49.827586206896555,11.423113186135295,27.515151515151516,14.19586199229606,-20.405405405405407,12.887159877199917,-74.47222222222223,13.710268072407773,69.62068965517241,12.254242877056624,-97.80555555555556,14.908646716371686
671,46.67857142857143,1.1666059265043625,17.071428571428573,3.6540444464081894,-12.689655172413794,0.5932638115201812,-87.44827586206897,6.594596570215658,64.82142857142857,11.56056588898093,-112.41379310344827,10.952931402232984
672,63.78651685393258,20.509505557296404,21.2,10.82497113160123,-14.514851485148515,3.3878462488233008,-76.6,9.571833680126291,73.98876404494382,14.600672896624074,-99.67,5.674601307581
673,39.06060606060606,2.7845830321600347,15.575757575757576,3.0947688319240694,-11.424242424242424,1.826244748281135,-82.18181818181819,2.006875235127085,59.84848484848485,7.560347964259286,-103.66666666666667,3.6069517615433964
674,27.842105263157894,7.98197415163321,10.068965517241379,0.5206782369152241,-68.79310344827586,17.400712055079275,-105.57894736842105,4.660198657090243,56.89473684210526,17.01669377511422,-127.73684210526316,8.955105014301871
675,43.372093023255815,8.30528902879435,21.714285714285715,13.218725123004527,-19.945454545454545,3.820605291493539,-65.09433962264151,3.3995790579789307,71.13953488372093,12.63178235108024,-87.28301886792453,7.574478893566076
676,45.46153846153846,22.629508933165408,32.8125,28.684095658570097,-10.26923076923077,0.4435600997950306,-86.38461538461539,1.5951108733329016,64.53846153846153,22.26972897011472,-105.3076923076923,1.9169131991349404
677,46.75,19.760194274798458,18.694444444444443,13.463571105526952,-13.666666666666666,6.3552253216458725,-61.333333333333336,15.641824275533422,76.75,19.81494245372528,-91.91666666666667,25.644335523550705
678,42.63636363636363,6.918653669251072,16.393939393939394,9.853285543225008,-10.696969696969697,1.2181667419540474,-84.84848484848484,12.422172776619824,61.57575757575758,9.585438144710912,-104.09375,5.340642371241497
679,29.357142857142858,9.028582730553506,12.67741935483871,7.7849610883242155,-10.852941176470589,3.126098422871707,-75.6470588235294,12.557824729534818,50.67857142857143,18.23664593893408,-103.44117647058823,3.843949994093761
680,26.571428571428573,15.126675990798912,11.526315789473685,13.472656210783425,-50.891891891891895,17.82161424390571,-88.6923076923077,17.244328456200474,56.6,26.16235026576495,-113.6923076923077,17.271072370539194
681,44.84615384615385,13.254004642116827,13.892857142857142,3.1661071829420986,-16.4,9.97530283583745,-83.06666666666666,13.180625512049453,69.61538461538461,12.453226097549438,-104.76666666666667,10.682332246388063
682,59.58227848101266,12.172398320974944,34.618556701030926,12.811434405449512,-19.752380952380953,7.064034935443129,-58.28846153846154,4.0565073005345305,70.75949367088607,6.572314756812715,-76.08653846153847,5.148021608277293
683,44.31578947368421,9.136696579001148,14.875,12.765554237869972,-10.025,3.3052042296959505,-64.51282051282051,4.754872237339861,75.05263157894737,18.774208748371365,-86.1025641025641,6.246208580451524
684,47.0,17.21110752456745,14.88888888888889,7.833136325339808,-34.148148148148145,14.05729994543155,-102.85185185185185,26.580003210020852,77.92592592592592,22.886071982962214,-123.70370370370371,24.586679342631722
685,38.0,7.946247991527646,15.357142857142858,6.066384459310444,-14.8,17.747112441183216,-69.73333333333333,14.603500341432605,72.14285714285714,22.856249982560705,-93.0,21.3915871313935
686,47.68181818181818,14.075724956742059,20.375,6.047123972049302,-13.233333333333333,9.344100931722764,-71.43333333333334,2.7770888034454755,76.22727272727273,16.983767164779376,-92.83333333333333,2.4641879437701624
687,47.8,11.303096920755832,33.54545454545455,21.003738352812064,-15.071428571428571,9.18433671074436,-73.64285714285714,10.573600163055309,66.6,7.116178749862878,-93.5,10.52717571675464
688,44.407407407407405,13.587192387766036,19.296296296296298,5.930553748517954,-9.428571428571429,0.6226998490772392,-82.39285714285714,3.109194724801696,70.33333333333333,17.25409237554105,-104.35714285714286,5.664515397973382
689,38.857142857142854,15.718614122497339,19.96153846153846,19.21634074113201,-43.21875,16.88330235580409,-89.35714285714286,21.12076548550922,64.23809523809524,13.941731674586475,-107.07142857142857,8.013063313956117
690,44.53846153846154,23.437692799995958,24.88235294117647,22.69978583195465,-22.63157894736842,17.833175843489567,-89.70588235294117,15.544110690632312,67.92307692307692,24.42086604166306,-112.6875,17.101603543235353
691,34.28125,4.597787341482857,12.84375,3.123593433451287,-10.714285714285714,0.5111012519999519,-72.45714285714286,9.436533434758026,57.1875,11.753822516526272,-91.82857142857142,11.251630267364341
692,45.77777777777778,6.900527802321884,13.736842105263158,9.656424669416827,-25.210526315789473,13.320261366838357,-91.33333333333333,3.5276684147527875,66.88888888888889,8.943581738933663,-113.5,5.241395064505462
693,54.46153846153846,20.535580322250397,16.653846153846153,14.440707173426068,-22.846153846153847,10.946345746736698,-84.07692307692308,3.911748349258806,90.61538461538461,19.666599805990717,-107.6923076923077,12.148976629169004
694,55.74,16.91485737450955,25.5,13.117347857505907,-12.473684210526315,7.041494217320477,-57.035714285714285,1.8024218401350773,74.46,9.668939962581213,-78.0,6.2048368229954285
695,32.38095238095238,1.9389783877621267,13.619047619047619,1.938978387762127,-21.19047619047619,5.465206375391838,-73.76190476190476,2.7758269793885084,50.61904761904762,11.842120910732127,-97.15,4.703987670051868
696,86.21739130434783,16.19435361003584,46.869565217391305,16.08484122403042,-12.88,4.36641729567846,-89.88,13.210056775048319,109.34782608695652,13.27504587940053,-110.4,17.78988476634967
697,43.1,2.2561028345356955,15.033333333333333,4.520201568760205,-21.096774193548388,3.4016584068294367,-79.58064516129032,2.472744244740232,65.76666666666667,10.729036406976267,-95.80645161290323,4.29868212992195
698,53.85,18.262735282536404,21.0,21.860924042684015,-14.5,7.269800547470337,-86.55,18.09274716564624,78.95,14.517145036128833,-109.45,18.326142529184914
699,54.95238095238095,6.410379904618911,26.142857142857142,11.461262767151231,-14.130434782608695,9.43307938944043,-85.6086956521739,6.539107308007207,76.57142857142857,11.590519231441782,-107.0,6.820684652616245
700,52.375,19.143781627463262,9.25,0.4330127018922193,-29.375,2.7051263063549054,-89.41666666666667,1.5252504348102607,82.66666666666667,15.784134087395763,-109.20833333333333,1.4427741410983987
701,45.65384615384615,12.117826371768633,22.93103448275862,15.067505650108526,-12.03448275862069,0.49009208288109984,-88.51724137931035,16.055122052296888,71.34615384615384,10.209129804295113,-116.13793103448276,8.0674917604909
702,38.785714285714285,11.821158822990553,18.19047619047619,10.66198877016607,-13.674418604651162,7.457541618225194,-65.42857142857143,2.6649654437396615,65.52380952380952,18.084771409008734,-85.30952380952381,3.568967405941276
703,41.44615384615385,7.499806703623499,20.184615384615384,10.755881836597139,-12.882352941176471,11.60442285328251,-79.48484848484848,15.380273103382102,57.23076923076923,8.539085216307479,-102.55384615384615,12.409711791397982
704,44.32432432432432,17.844757052792623,18.10810810810811,5.774050916671296,-12.58974358974359,5.157608016035563,-74.15384615384616,14.655949105447235,62.486486486486484,22.668732629032753,-103.76923076923077,8.392492183452402
705,52.229166666666664,11.578067598073332,26.70909090909091,13.300270301112105,-23.21311475409836,11.662065101406975,-58.93333333333333,7.732758599332812,67.0,9.436189202568306,-78.88135593220339,5.957717529511438
706,49.38709677419355,4.85716909024999,11.35483870967742,0.5417050201208602,-10.727272727272727,0.5652957001872009,-75.4375,1.0288798520721456,73.25806451612904,7.577418668204696,-94.375,1.709349291397168
707,42.20754716981132,7.894011321143456,16.48148148148148,7.814375975040277,-21.855072463768117,6.690411400272327,-69.46969696969697,3.129622384858755,62.528301886792455,9.760536200830991,-90.68181818181819,6.5992632529770825
708,39.5531914893617,4.703138429920111,14.404255319148936,5.257859666750118,-11.040816326530612,1.3844498453997247,-81.64583333333333,10.672178751574373,58.212765957446805,12.153164670093776,-107.52083333333333,12.930889347046302
709,46.7027027027027,5.103601615737151,18.102564102564102,11.997424663384352,-10.025641025641026,5.502853243532427,-68.15384615384616,10.324326417560197,71.54054054054055,14.544609096220839,-91.23076923076923,12.340181477412052
710,47.125,3.395002454589196,11.461538461538462,3.98295183569219,-29.88888888888889,12.626642418530434,-89.62962962962963,7.066604549769697,73.45833333333333,18.264216304627535,-112.85185185185185,13.201301012494811
711,61.0,9.219544457292887,37.07142857142857,14.134376966987187,-17.129032258064516,12.684107240276331,-69.66666666666667,18.48663180667467,75.83333333333333,10.518502216993106,-99.16666666666667,21.989517704781267
712,42.725,12.194235318378926,18.6,9.61717214153932,-20.425,9.446924102584926,-73.2051282051282,5.707302956287277,75.925,18.269356173658668,-96.3076923076923,7.867993736892969
713,48.785714285714285,15.895545519010627,18.93103448275862,10.689766406540283,-12.375,5.851014869234225,-65.59375,20.457057729241026,73.39285714285714,13.3211413220658,-92.15625,24.38122917199828
714,46.935483870967744,4.944436325034482,17.838709677419356,4.414760974741429,-9.935483870967742,0.3533693919388169,-84.4,6.676326335143701,65.96774193548387,8.559031717046194,-108.93333333333334,4.905325903772574
715,61.09090909090909,23.03931243234858,21.40909090909091,16.084038081021056,-20.80952380952381,12.109103413858861,-104.9047619047619,24.41292546388522,95.68181818181819,19.95081762652704,-133.76190476190476,23.621831633156976
716,36.45,12.521880849137641,13.666666666666666,11.955605711820205,-19.522727272727273,8.692966426327448,-67.0,3.861229196653691,70.8,18.9844673351664,-87.4090909090909,7.478205247183863
717,38.93939393939394,20.08005099887794,14.93939393939394,7.908336199914135,-30.17241379310345,7.538722865941215,-93.86206896551724,9.449408439543332,77.45454545454545,20.457036885304817,-114.82456140350877,8.037462301387771
718,54.407407407407405,11.099747275265322,24.642857142857142,8.661137692153899,-16.689655172413794,17.435800364877217,-79.28571428571429,12.592109612364244,75.11111111111111,13.022298065763211,-101.88888888888889,14.340652739246368
719,40.44444444444444,2.23330569358242,17.571428571428573,11.983406895216676,-11.966666666666667,6.554811633872901,-74.76666666666667,12.276490631374353,76.70370370370371,16.765959372788252,-100.55172413793103,9.095607908998987
720,29.71875,13.353918841954222,9.216216216216216,0.4116634111277789,-54.4054054054054,25.035606491619372,-108.33333333333333,15.96524001977073,55.6875,20.112865130309007,-128.06060606060606,13.693483063872732
721,35.03225806451613,5.800355222535622,14.064516129032258,2.354617753663827,-12.290322580645162,0.7701507346008596,-79.48387096774194,1.214720669920176,61.096774193548384,15.230179798378838,-98.93548387096774,2.6388595272538784
722,34.58620689655172,2.8829730987694457,17.551724137931036,1.302152247482704,-25.866666666666667,8.073550781547251,-83.13333333333334,1.2578641509408806,60.172413793103445,15.460893861649431,-101.37931034482759,2.0411929085446543
723,81.68,3.684779504936489,46.2,11.063453348751466,-12.576923076923077,4.262295128603087,-84.92307692307692,14.411328548490745,101.68,6.143093683153464,-117.42307692307692,10.209999159658961
724,62.7,22.490220096744274,28.91176470588235,22.50799550363594,-20.272727272727273,15.329260448414228,-80.6969696969697,24.886998977176635,90.03333333333333,13.300334164557253,-106.625,19.565195501195483
725,49.107142857142854,4.723340870569457,18.821428571428573,6.030005753542454,-18.678571428571427,10.145560504929419,-79.53571428571429,3.868205036458336,75.57142857142857,12.149158029111586,-108.11111111111111,4.924115512480075
726,46.07142857142857,10.274547509774443,11.392857142857142,3.3630267586791267,-24.0,11.606648341114058,-93.88888888888889,34.10803460610649,71.14285714285714,14.628041285036582,-115.85185185185185,29.92299215542469
727,33.075,1.6338222057494507,14.475,2.22471908339008,-15.55,5.069270164431957,-69.6,1.8,59.45,16.31402770624103,-90.675,6.170038492586574
728,45.5609756097561,20.11679165188273,21.833333333333332,16.470632836407532,-14.546875,9.516317708776594,-92.515625,15.674414051548307,67.4390243902439,20.228027863420287,-114.453125,14.082269090397862
729,51.41935483870968,8.135046418363462,29.973684210526315,13.668031934148697,-35.3394495412844,10.448844528969373,-77.01538461538462,13.999442085248427,70.70967741935483,8.367346472611011,-90.49230769230769,9.832634949959832
730,32.189189189189186,5.736737173397425,14.18918918918919,5.5645491686832935,-10.45945945945946,4.010759816096012,-75.67567567567568,12.852708314979722,54.270270270270274,21.168115554842622,-99.27777777777777,9.584742247479443
731,48.69230769230769,7.799256526545585,20.115384615384617,13.729045356124821,-21.192307692307693,7.795557071766687,-82.36,1.2611106216347556,69.11538461538461,16.770686245940066,-101.72,2.3919866220361685
732,42.25,7.417602937157889,14.416666666666666,4.152475834433664,-29.0,11.8673220792786,-83.73913043478261,12.793399763343828,63.625,12.45261853319748,-105.26086956521739,10.393214305097459
733,62.11666666666667,23.017451109007606,34.61971830985915,24.529009096263845,-12.024096385542169,11.004901321644988,-67.6829268292683,10.005947071593178,87.75,16.748756172723194,-90.07407407407408,11.614994329678497
734,37.61333333333334,6.834994919936338,13.078947368421053,7.394455885278861,-20.210526315789473,7.681686679975139,-77.25333333333333,1.5326955195196323,58.42666666666667,19.711366151425313,-97.49333333333334,2.5317890029691563
735,51.42307692307692,15.833686282788829,32.03448275862069,14.497283356976276,-14.575757575757576,8.355837382660873,-72.87878787878788,5.392236707766115,66.6923076923077,11.340089644094295,-96.48484848484848,6.670246972490063
736,42.0,4.607147322542758,17.580645161290324,5.906662141030502,-20.806451612903224,8.83694354853061,-83.45161290322581,20.706612173919805,62.064516129032256,11.73342477812567,-102.93548387096774,21.349526675830496
737,45.2962962962963,15.553527204618286,22.03448275862069,8.413793103448276,-45.44827586206897,22.923540388079243,-69.23529411764706,40.222220098092265,70.4074074074074,15.963521516394481,-98.25,41.15899051240203
738,44.111111111111114,13.771503947922838,21.823529411764707,14.76177613304294,-39.42424242424242,7.066910957885703,-83.25,1.9418633662885072,69.55555555555556,15.798108966378864,-99.16666666666667,2.8674417556808756
739,50.13333333333333,2.8015868519267593,27.294117647058822,27.599583768989223,-10.391304347826088,0.5702120455914784,-85.78260869565217,14.080379570412187,83.8,19.204860495891836,-108.82608695652173,10.399214744238451
740,60.958333333333336,12.934060868712331,19.375,12.750204246730064,-31.133333333333333,22.568020638849912,-95.34482758620689,20.676950122046136,76.125,13.141259769646643,-111.24137931034483,21.793158009534494
741,53.77777777777778,22.067796770882854,34.189189189189186,23.022712449487244,-10.564102564102564,5.812430851178963,-68.71794871794872,9.888996002936198,71.77777777777777,22.243323315070644,-86.23076923076923,10.296779527553909
742,46.44444444444444,15.502289755204583,18.857142857142858,16.34825085819425,-10.838709677419354,0.4469808535661618,-79.61290322580645,4.9362217453906,66.07407407407408,15.698374357747827,-107.90322580645162,7.017741750135302
743,40.65384615384615,9.105967222280917,17.40740740740741,15.466233852323581,-10.074074074074074,0.5392673992059643,-90.1923076923077,2.7458952690156204,66.3076923076923,18.804191903298975,-111.15384615384616,1.5365372581106291
744,46.35294117647059,18.092706286270325,19.5,17.356554957709783,-32.34146341463415,23.167060042852853,-64.47368421052632,27.51625054983563,70.79411764705883,13.116624861253944,-95.47368421052632,17.429160142379153
745,30.916666666666668,2.4986107250941583,11.375,0.9492321458245431,-11.541666666666666,5.0906709337331515,-90.20833333333333,15.52948584324528,73.04166666666667,20.437871641201344,-113.45833333333333,12.28135160404677
746,66.33333333333333,11.63567311713804,51.05,21.657504473045826,-13.307692307692308,9.388082587757538,-89.46153846153847,19.686447445330288,90.25,10.638961415476606,-114.04,11.591307087641152
747,44.45161290322581,2.353291581914771,16.3125,6.059277494058182,-10.606060606060606,0.48862168171506365,-73.90625,1.2589523174052304,63.67741935483871,9.326988577290942,-94.0625,2.178553132241672
748,50.333333333333336,15.601519394193867,22.176470588235293,16.675925917031158,-20.25,22.736759383710055,-68.75,15.09263065207653,80.5925925925926,16.00985636056336,-89.85,13.895232995527639
749,49.38095238095238,15.935812291147407,25.29032258064516,27.06645769497749,-10.96774193548387,3.3838694301789305,-73.80645161290323,18.01150054618099,79.9047619047619,14.431792819706416,-99.54838709677419,12.443002204056548
750,41.72222222222222,2.6416652062152757,16.13888888888889,5.137837730330715,-17.34285714285714,18.020532507024722,-64.02857142857142,15.459598431830932,62.44444444444444,9.28692164176305,-88.0,14.166358540066472
751,,,,,,,,,,,,
752,58.69318181818182,12.583681671970552,32.60377358490566,13.822786250330326,-18.60683760683761,9.719974380886065,-63.14655172413793,4.864109073089421,75.69318181818181,7.619290641262681,-85.39655172413794,6.190759674771175
753,52.53846153846154,7.682301183843936,14.785714285714286,8.612105860179541,-15.714285714285714,8.963645395457709,-69.64285714285714,4.497731854694619,79.76923076923077,17.330071002357307,-95.64285714285714,9.012746076348465
754,41.86046511627907,14.034146721559935,17.318181818181817,12.713222764423318,-8.954545454545455,0.3664662612862977,-60.29545454545455,11.270596389508702,63.604651162790695,19.789754848692183,-91.31818181818181,14.945009393945657
755,33.892857142857146,3.45728305500851,11.178571428571429,0.6008072800450258,-26.714285714285715,6.490967035906476,-94.78571428571429,1.9152982396845604,56.214285714285715,18.093718607882252,-115.21428571428571,7.532582287527123
756,55.27272727272727,16.9549719663633,23.08823529411765,15.075042965617872,-10.512820512820513,4.199339355073176,-64.6923076923077,3.8640608780696,86.12121212121212,18.250375796475545,-88.42105263157895,7.375748236610405
757,56.5,13.388427838995884,10.9,1.7,-19.90909090909091,1.848236446300231,-81.24242424242425,1.6702440944873538,71.9,11.51911454930456,-99.5625,1.7488835724541527
758,41.666666666666664,1.9090428084368471,17.622222222222224,3.0425785036079653,-10.977777777777778,3.130416293856059,-66.44444444444444,0.8577892918052792,66.42222222222222,14.560965915593021,-84.26666666666667,1.339983416149452
759,40.53191489361702,1.2351425764851054,12.170212765957446,2.934165211204976,-13.340425531914894,0.6282903429886553,-65.95744680851064,0.7978014152873479,61.659574468085104,15.347432519001526,-83.93617021276596,2.5045002501382396
760,48.15625,10.195309506704541,22.0,9.216154295583381,-10.4375,4.2568878009644555,-90.21875,12.066830505045639,69.8125,12.731450967976903,-112.96875,6.654342449671493
761,54.59090909090909,21.96000308600138,26.423076923076923,17.126616884754554,-19.11764705882353,5.56652128079559,-68.96969696969697,13.023253907238969,73.0,19.840271259142693,-91.75757575757575,14.99703062130574
762,44.55555555555556,13.675697106839733,18.9,11.313266548614505,-26.483870967741936,15.547784756101441,-83.6,15.169267176322878,74.94444444444444,14.622935646223034,-107.76666666666667,10.075327400249693
763,54.27272727272727,15.754312016315978,23.818181818181817,7.456762419785409,-22.583333333333332,15.939773802939893,-82.75,28.4051785184791,75.63636363636364,13.479093085709556,-107.25,21.119205319645275
764,23.02857142857143,2.2864284598562925,9.028571428571428,0.29137254363387344,-68.31428571428572,3.4868850492866517,-98.23809523809524,5.870870479018072,41.8,1.14142767745361,-110.57142857142857,3.4026800161809234
765,50.310344827586206,13.64855290618086,16.24137931034483,4.507887129616828,-31.933333333333334,7.775745766305777,-85.17241379310344,6.080318534743692,71.3103448275862,16.768409231556703,-115.96551724137932,12.452621268496015
766,32.46666666666667,16.85770512917527,9.969696969696969,5.770798214232133,-44.64705882352941,18.52801115154657,-86.78571428571429,33.46678219076465,65.46666666666667,19.899302053645552,-113.92857142857143,27.26841261479319
767,37.4,14.096808149364877,20.46153846153846,16.950676794363766,-25.322580645161292,13.06901555335439,-85.86666666666666,6.993965653015145,61.52,18.528075992935694,-106.4,10.00199980003999
768,34.857142857142854,12.368491898236208,13.142857142857142,2.9323436796839335,-10.904761904761905,2.5053231310411253,-89.38095238095238,15.33584717636362,57.95238095238095,28.466314579861532,-141.1904761904762,19.145107662071013
769,48.17142857142857,1.6815930250928182,14.657142857142857,5.7417909458030705,-10.885714285714286,0.5221619109284876,-76.28571428571429,1.0301575072754257,63.48571428571429,7.204647026434411,-95.0,1.942016624910449
770,42.375,21.76831125742188,16.833333333333332,12.074997124453304,-19.27027027027027,25.79822814851109,-71.24324324324324,24.88503881951846,72.25,28.469281690973517,-103.32432432432432,21.731847415970645
771,42.48275862068966,14.90804154591875,20.17241379310345,11.258924323940702,-12.6,7.1442284397966995,-76.86206896551724,14.96368970249267,75.27586206896552,15.493928848209832,-98.62068965517241,13.961557548481048
772,34.51851851851852,3.2130563547105666,19.64516129032258,12.681071459505391,-11.416666666666666,7.892946921848082,-75.47222222222223,6.763817590315526,48.44444444444444,5.724109721062781,-95.25,7.910523932641181
773,49.027027027027025,9.3041301101918,13.945945945945946,12.324324324324326,-22.81578947368421,9.069484007715378,-75.88888888888889,3.331480966792211,68.13513513513513,8.114592002073602,-94.58333333333333,3.4349106409208248
774,46.54838709677419,7.395895590940396,16.677419354838708,6.850416030569491,-10.096774193548388,7.6679258191747195,-71.51612903225806,10.041433414389042,64.19354838709677,8.978179120076344,-93.6774193548387,12.118732758124969
775,48.861111111111114,2.0568689497737114,32.97222222222222,1.8179064746617974,-41.54761904761905,18.55391420768954,-59.11764705882353,28.402324579556712,66.86111111111111,9.554384618179173,-81.41176470588235,25.064760412437057
776,43.1764705882353,14.549046033483744,17.666666666666668,11.621340523173544,-26.96,16.256641719617246,-71.18181818181819,22.7048980771598,66.58823529411765,16.01491519336019,-101.0,15.198684153570664
777,45.03333333333333,14.15034353725104,20.903225806451612,13.665012632242021,-20.70967741935484,6.754656928262336,-87.90322580645162,15.676888348899157,66.16666666666667,15.92709082733637,-108.3225806451613,8.585009804320002
778,44.38095238095238,1.9142620230706455,14.238095238095237,1.540091583694879,-12.476190476190476,0.6632565846278151,-76.4,10.37978805178603,66.04761904761905,10.553610036724697,-103.6,16.511813952440235
779,51.4375,19.017433065917878,17.875,11.646932714954039,-11.125,3.70036597289151,-59.5625,21.000899038295163,68.14583333333333,17.177977159885724,-84.0625,19.2466514944808
780,39.7,1.4640127503998497,12.533333333333333,2.432191512927293,-10.933333333333334,0.44221663871405326,-71.1,1.1930353445448854,62.233333333333334,14.577798949849125,-89.4,2.075250988836451
781,38.94117647058823,1.8301587277769467,13.529411764705882,4.407448869395104,-10.176470588235293,0.5128116404165498,-74.88235294117646,13.838915092385532,62.88235294117647,14.1458052520305,-95.23529411764706,17.711841873745193
782,48.51428571428571,20.91530052182773,19.85,16.153250446891487,-27.475,11.065684569876371,-68.125,9.346623721965061,72.82857142857142,16.508847349719073,-102.075,12.41045426243536
783,44.1578947368421,7.1691088625893045,20.095238095238095,15.130872765891477,-24.923076923076923,8.457691433168877,-74.1923076923077,1.301455716591433,77.10526315789474,18.487249480433817,-93.26923076923077,1.5078689064548199
784,42.30952380952381,5.479346916411251,16.976744186046513,8.122573690226755,-13.181818181818182,10.722263853718594,-61.85057471264368,7.054025891567224,62.166666666666664,13.008086617958748,-83.14942528735632,8.959075198107088
785,31.44736842105263,5.734004609717883,12.18421052631579,2.511607402671117,-9.921052631578947,0.70268578541151,-69.1842105263158,3.999047670567099,62.76315789473684,24.91082433351151,-99.71052631578948,6.369780194244672
786,36.1578947368421,5.603224239994015,14.220338983050848,5.602867899446658,-9.627118644067796,3.209616403949209,-62.220338983050844,6.327416257467181,61.94736842105263,14.257557002210564,-91.9322033898305,12.127660507383993
787,61.027027027027025,17.072953933818734,31.875,17.09413276536719,-9.857142857142858,1.6983385238216198,-65.0,6.615278131862995,79.78378378378379,14.708216374741824,-95.69047619047619,13.89670754983437
788,40.888888888888886,16.425664952622235,15.655172413793103,10.495568398364913,-12.193548387096774,3.4399864481982654,-73.16129032258064,11.783248837811128,59.0,17.204650534085253,-95.48387096774194,10.959959288074655
789,49.611111111111114,9.995214904525781,15.333333333333334,5.532013611983849,-22.363636363636363,17.623706798579974,-93.1,26.17804423558032,109.55555555555556,25.421386932664532,-127.75,22.624930939121118
790,57.05555555555556,19.027676398756693,12.027027027027026,1.3045965822861805,-64.89189189189189,13.31689393170617,-95.77142857142857,19.269644098256443,84.80555555555556,15.525640878603305,-116.23529411764706,12.216331459372716
791,41.45,11.985303500537649,20.652173913043477,13.83633746352469,-18.59259259259259,19.484579390359045,-63.69565217391305,19.83943105471196,61.4,12.924395537122809,-85.9090909090909,20.854275975115534
792,58.67391304347826,8.22259439600022,26.914893617021278,12.799318112212806,-13.936170212765957,6.5894960105576565,-74.40425531914893,10.430437404320609,80.1304347826087,9.590776129567713,-99.63829787234043,12.043229813335124
793,33.973684210526315,16.408417034695564,20.68831168831169,18.450537415366455,-13.662337662337663,11.238397063696798,-77.07792207792208,10.851735433376822,52.76315789473684,21.189538395069434,-94.49350649350649,10.42303066406234
794,34.895833333333336,3.3803327211319827,15.0625,3.4363634484728185,-9.34,2.62,-74.3,2.1563858652847827,52.625,10.730845337934317,-96.02,5.877040071328423
795,45.706896551724135,14.128729133235336,19.32758620689655,9.483902752294657,-12.440677966101696,5.378145312093109,-78.05084745762711,11.15746117895024,71.22413793103448,16.35283704527294,-108.27118644067797,13.250942414166056
796,55.15384615384615,23.92888873258287,15.714285714285714,14.805542260675663,-11.862068965517242,0.7298624306385079,-38.93103448275862,10.875251989098787,77.73076923076923,23.811047358975227,-98.27586206896552,1.4597248612770155
797,72.65384615384616,13.152777734386662,29.85185185185185,9.501281409499276,-18.5,14.719035294474974,-83.2,2.427618860804417,87.96153846153847,10.162074172101379,-105.0,7.3530039213009175
798,46.645161290322584,17.020951770319243,21.526315789473685,9.530385870868262,-20.68421052631579,18.608296484658176,-43.8421052631579,28.325668399963824,59.38709677419355,15.004681891598175,-89.63157894736842,16.29565820868533
799,45.0,9.623341189637511,15.517241379310345,11.282029316282605,-13.090909090909092,9.839203085381047,-60.75,19.611858657455187,63.43478260869565,11.251380927638525,-96.35483870967742,14.154785779299395
800,46.13333333333333,17.608205158075847,22.285714285714285,10.546689199043675,-16.34285714285714,14.250699947005826,-40.3235294117647,21.50064374991827,58.6,17.067708301546126,-91.41176470588235,12.518498423060414
801,47.86666666666667,11.080713976194053,15.4,5.683895377878332,-11.451612903225806,1.8287790687817247,-76.2258064516129,7.974595459127227,69.5,13.358517881860996,-98.0,10.924964014113613
802,49.125,17.21363921429748,14.80952380952381,10.939744262785462,-14.093023255813954,9.065174746550984,-35.595238095238095,15.181535658269574,76.5,15.970284906663375,-82.21428571428571,10.624624843316798
803,39.55555555555556,5.028314888437672,15.518518518518519,4.621771108090814,-19.103448275862068,11.55002560852873,-85.89655172413794,6.964663655448948,61.2962962962963,14.906659746606461,-106.62068965517241,4.845287743517323
804,41.666666666666664,7.114929530376405,22.1875,7.401171782224758,-25.75,12.82331860323216,-91.0,8.667467911679857,68.0,13.321661558028964,-109.5,11.124297730643494
805,47.65217391304348,4.409561702089774,22.347826086956523,7.838637279816999,-20.652173913043477,9.906557756276895,-82.78260869565217,12.111641980160103,73.95652173913044,16.543692508468137,-102.82608695652173,8.544778084548346
806,53.31818181818182,2.975450518009662,18.73913043478261,17.37618908362657,-10.652173913043478,0.6330530338504798,-90.1304347826087,1.8250514662448134,87.0,11.29762646029526,-111.43478260869566,2.0178785018908334
807,40.689655172413794,1.7831287550135027,18.103448275862068,3.8982297271896766,-15.137931034482758,8.353087960628834,-69.3103448275862,2.1672077741338858,69.55172413793103,19.39176186069309,-96.93103448275862,10.657459859365334
808,35.0,4.29774222531949,16.0,2.23606797749979,-13.473684210526315,6.310963068157302,-75.57894736842105,1.1839180925475783,73.41176470588235,18.7147592699685,-96.15789473684211,2.300186671938122
809,46.8,19.9773204743112,22.105263157894736,18.586624327136878,-35.0,18.758997841036177,-75.6470588235294,4.100805895984323,77.13333333333334,17.606311999456963,-96.6470588235294,10.459677064358031
810,38.96666666666667,8.765399147912332,17.06451612903226,5.476845594783067,-17.147058823529413,21.39699312704691,-68.94117647058823,25.365494367314625,59.93333333333333,13.45345886958278,-94.76470588235294,20.966442127879734
811,49.26470588235294,1.037781103786903,23.0,5.881176352917641,-8.914285714285715,0.2799416848895061,-73.08823529411765,0.7423193802425859,70.3529411764706,15.221660945432868,-93.3529411764706,2.6776015709978918
812,56.758620689655174,5.957638807989999,25.333333333333332,7.0820587088469935,-45.65625,19.564970890279902,-88.0909090909091,17.188550869451895,74.6896551724138,8.217321689161434,-104.63636363636364,15.399366735933286
813,38.611111111111114,18.921295729911456,18.91891891891892,11.894532876274594,-12.027027027027026,6.926199716495551,-64.91891891891892,10.833826850964027,68.75,23.576559686830194,-98.13513513513513,18.070675307326496
814,36.2,20.211630315241766,15.853658536585366,13.853873237772921,-15.121951219512194,6.473944482952582,-70.82926829268293,5.608801615511586,65.825,20.481561830094893,-105.46341463414635,11.943153076698145
815,49.23076923076923,12.185450631822842,24.76923076923077,12.28603864401094,-13.461538461538462,14.30769230769231,-65.0,10.325472609783274,62.69230769230769,11.867114323493471,-89.15384615384616,11.072114340826298
816,60.48571428571429,21.326538033393884,25.057142857142857,17.877268658659172,-24.714285714285715,15.861132059348149,-89.51428571428572,15.172101141938924,77.62857142857143,20.57333324515808,-117.6,18.39751536019393
817,46.84782608695652,2.358770786220689,16.52173913043478,3.2285353418672993,-28.21276595744681,5.119575157792677,-93.93478260869566,1.0915121922289734,76.73913043478261,16.13453598396215,-115.26086956521739,2.51460760711674
818,47.973684210526315,24.987877947543478,9.710526315789474,3.0513835924470145,-9.0,4.588314677411235,-65.39473684210526,16.636262664945622,75.23684210526316,20.255518040285526,-96.37837837837837,18.240660477834695
819,39.404761904761905,1.448472492786203,19.452380952380953,4.260574413276426,-11.285714285714286,0.5016977977548924,-69.30952380952381,0.5971398192373548,48.666666666666664,1.7683280597740134,-87.2439024390244,1.0994563580082581
820,36.43181818181818,8.255570370892633,13.431818181818182,1.6841200463679877,-11.522727272727273,4.504990345886318,-70.43181818181819,1.0744496957793466,64.6590909090909,22.628364322257728,-91.43181818181819,4.428203654226596
821,29.586206896551722,7.360271927975592,13.482758620689655,1.714455571676697,-20.93103448275862,7.583698644905531,-99.72413793103448,13.668227823790616,68.27586206896552,24.717572350000854,-125.48275862068965,16.025025019411686
822,46.8235294117647,12.08905822302644,16.25,7.864741996192034,-10.277777777777779,7.5152109126576345,-64.66666666666667,26.501572280401277,60.23529411764706,12.653896920175855,-87.02777777777777,25.87736689240137
823,41.689655172413794,9.913778110933192,14.862068965517242,12.604662897271963,-29.862068965517242,9.291167989867228,-86.20689655172414,11.408947820399952,62.06896551724138,13.26372037703563,-105.0,12.684500452289713
824,37.206896551724135,17.020027372126027,15.285714285714286,11.510421187704965,-36.77777777777778,23.832880078570156,-70.36363636363636,29.651325466635967,57.48275862068966,16.39306137838595,-95.87878787878788,19.82003512787392
825,45.9811320754717,9.909954145768552,15.81132075471698,7.568695717188039,-27.653846153846153,11.615448293253877,-82.78846153846153,16.97321026983126,72.9622641509434,18.664831488557887,-107.92307692307692,16.512054051331194
826,38.77777777777778,11.586497036647742,18.22222222222222,9.859506911768452,-11.32258064516129,0.6903527277107321,-72.12903225806451,1.6410448183196003,64.37037037037037,18.204899926786393,-89.93548387096774,3.4448229868935476
827,48.8235294117647,18.471712217581103,25.142857142857142,17.62921199731453,-30.586206896551722,17.474152816284086,-83.25925925925925,16.0499050247394,70.41176470588235,16.099173612439248,-107.62962962962963,15.068112389212422
828,47.08571428571429,6.344272686318531,15.675675675675675,9.088317580022952,-26.756756756756758,8.161893677345484,-84.13513513513513,6.165124939713633,73.82857142857142,12.541327599547971,-100.66666666666667,7.4721705904866305
829,34.5,1.5184055965240497,17.763157894736842,7.686057816887859,-10.525,0.49937460888595453,-68.51282051282051,1.3936080247898661,67.02777777777777,21.618518439203296,-88.66666666666667,1.4559045709311174
830,44.3421052631579,12.524242420180391,19.05,13.577462944158604,-13.142857142857142,12.329931503635926,-62.707317073170735,1.2345415351067086,71.26315789473684,20.946905575420814,-81.35,2.0922475952907678
831,48.0,23.232520310977886,35.5,22.64950330581225,-11.709677419354838,3.194688620165147,-78.06451612903226,15.220816568894504,76.875,20.572660863388577,-101.58064516129032,12.727349757189492
832,44.25,2.742413778650722,22.63888888888889,5.759787697562095,-13.135135135135135,4.393866499972016,-70.94594594594595,2.393074986073368,62.138888888888886,7.420515023222886,-90.64864864864865,4.48550949961616
833,35.44444444444444,8.782699042386445,11.777777777777779,3.424674446093876,-61.25925925925926,20.522061467082455,-105.42857142857143,15.481391067593218,64.44444444444444,10.140981519204118,-128.0,18.34847859269718
834,28.35,19.436499170375306,7.15,1.3883443376914821,-8.925,11.281372921767987,-51.775,20.68754154074379,49.675,22.722662145972247,-87.51282051282051,10.97519766744906
835,48.96153846153846,19.067654386079642,25.24137931034483,17.163825577135494,-24.242424242424242,17.570688924301283,-66.0,20.14633961790578,70.42307692307692,13.536767813633974,-98.21875,20.70436906639514
836,55.46031746031746,18.06059061139896,24.865671641791046,17.553241417196705,-16.5,17.023235313551314,-71.98550724637681,30.470937806862093,83.98412698412699,19.275358118256833,-102.73913043478261,26.8574617456261
837,34.44444444444444,4.91282021542981,14.583333333333334,3.410563654946854,-18.56756756756757,6.179917521274775,-86.24324324324324,18.941453760534177,64.5,18.238390523532743,-107.94594594594595,13.176444883991355
838,49.48,12.875154368006623,25.107142857142858,9.401137035009137,-12.482758620689655,1.5892025685245394,-93.96551724137932,2.385050547005598,74.0,11.380685392365436,-119.13793103448276,6.652581235782998
839,58.6,17.40640276285876,26.43243243243243,16.526049119153612,-13.64102564102564,7.744268946270079,-72.74358974358974,4.240935725955969,79.88571428571429,19.024452578677984,-93.51282051282051,6.983026288599488
840,57.294117647058826,23.93397299733455,23.5,21.427931538064986,-26.183098591549296,25.955167120592492,-66.61904761904762,19.12484345526019,86.45098039215686,15.813017379572894,-98.04838709677419,20.289380202742674
841,43.61290322580645,15.76578045980483,26.46875,16.037035992897813,-27.424242424242426,8.261008460818529,-75.84848484848484,6.946205470009407,64.03225806451613,13.978056237956235,-100.3030303030303,7.403868147430522
842,34.483870967741936,10.763951090567295,13.0,7.474688471229786,-10.40625,0.5510997527671374,-76.3125,3.53055856062465,60.67741935483871,14.072134663420181,-98.46875,5.894830229743686
843,43.47457627118644,8.889826469114139,16.283333333333335,10.331330451054642,-18.451612903225808,13.033056507000659,-82.74193548387096,15.253699164117078,63.389830508474574,10.618207817678472,-102.78688524590164,17.215237964290804
844,49.333333333333336,10.26320287889377,23.321428571428573,10.977423492359774,-10.928571428571429,4.148395313066172,-73.29629629629629,12.064072203631357,78.70370370370371,14.18088127339011,-98.55555555555556,15.331722942809192
845,26.515151515151516,3.285608768104194,10.242424242424242,0.552147489645109,-58.666666666666664,7.26413634010794,-93.85,6.475144786026024,51.03030303030303,5.578556609694534,-112.2,8.704022058795577
846,105.83333333333333,36.80994732707753,35.38461538461539,16.15567755186279,-25.692307692307693,10.751633975173014,-133.41666666666666,44.43808114169148,157.0,19.9541140286074,-188.16666666666666,44.149053091645
847,37.388888888888886,5.240217222903062,16.27777777777778,4.038778081927965,-11.157894736842104,2.2539592742488272,-69.05263157894737,12.873774583320957,64.94444444444444,14.747776563951833,-94.16666666666667,4.597704741377907
848,45.705882352941174,13.362655186497104,17.055555555555557,10.464077292348662,-11.526315789473685,6.715013979313988,-74.94444444444444,15.886654854598428,63.1764705882353,11.536312460674399,-98.0,5.820855000871991
849,41.464285714285715,9.450933978249159,17.166666666666668,12.866191701078018,-10.96774193548387,3.1976187810441963,-70.63333333333334,11.13697545216933,60.285714285714285,14.449066066846038,-99.2,13.907791581220458
850,49.645161290322584,13.45374006543084,22.0,16.725335336108007,-30.05,15.308412719808674,-81.97058823529412,6.218971421089839,70.2258064516129,11.064939331697754,-101.29411764705883,7.965105559526155
851,35.886792452830186,13.771258526719858,10.456140350877194,0.6507802452979442,-62.05263157894737,23.471835345330387,-101.325,28.85687742982598,60.056603773584904,10.943103444359284,-124.95,21.525508124083853
852,51.38235294117647,17.40354038674544,23.228571428571428,11.329066823972784,-15.4,6.307365309133216,-86.82857142857142,11.517652822107994,62.294117647058826,15.921737659684204,-107.51428571428572,12.955685852874302
853,55.592592592592595,16.484019779570712,28.22222222222222,19.954268703868173,-9.310344827586206,0.9862310100741445,-78.20689655172414,6.2277427711636575,80.4074074074074,15.580755602034051,-110.34482758620689,15.559177050458514
854,56.5,1.7008401285415224,19.642857142857142,9.239721260925128,-8.655172413793103,0.4753120259341456,-77.58620689655173,1.8665336003757735,74.67857142857143,7.52639911733821,-100.55172413793103,4.190187279960348
855,39.083333333333336,16.050917246202612,16.342105263157894,6.8567151710048515,-11.972972972972974,2.9269159720391094,-82.21621621621621,12.462126700495244,63.361111111111114,20.7339667344001,-110.02702702702703,15.60229797088373
856,30.41176470588235,13.244571911583526,11.816901408450704,7.662437848296853,-40.88732394366197,28.734113453129435,-63.34,32.552486848165685,52.25,14.436855409598278,-93.8,21.728322530743142
857,39.16,9.982705044225238,16.08,5.577956615105571,-12.9,7.263378460927579,-73.23333333333333,2.859875677173553,68.6,18.708286933869708,-98.23333333333333,6.4533367768585865
858,39.5,1.0671873729054748,17.5,3.515837184954831,-10.583333333333334,0.4930066485916347,-63.416666666666664,1.9346977943739831,75.38888888888889,25.33144486138586,-93.44444444444444,5.559998223643024
859,72.29411764705883,17.434801930022044,29.27777777777778,10.779639014547316,-20.357142857142858,17.310637286515654,-84.75,12.411472227626458,88.76470588235294,15.761193638601574,-110.17857142857143,14.08660349265158
860,40.5,11.098798733796976,20.64516129032258,11.079036836839652,-16.580645161290324,18.46142306322161,-77.03225806451613,14.5169175413083,60.766666666666666,14.7595919847249,-101.0,14.480242379008672
861,48.03225806451613,13.165163882855197,20.375,11.34336259669063,-20.34375,21.350657740161076,-44.53125,25.156987566827233,69.09677419354838,14.887437524496473,-96.3225806451613,18.624276728583347
862,53.354166666666664,15.543607452547459,19.362068965517242,12.606372602860043,-13.137931034482758,1.8046709114661412,-62.293103448275865,4.089551955434117,70.02083333333333,8.372797181282303,-82.93103448275862,5.595139728819811
863,48.73076923076923,8.145587254211714,19.678571428571427,9.231365676046961,-25.387096774193548,11.275658680008636,-79.10714285714286,12.528080703860786,71.42307692307692,9.841720756840305,-103.21428571428571,14.170787715924472
864,57.88,7.1850956848186796,18.84,7.603578105076584,-22.6,9.6,-81.8,7.277362159464101,76.84,9.76393363353111,-105.08,11.726619291168278
865,48.0,5.715476066494082,19.3125,12.476070845823216,-23.757575757575758,9.512448950303995,-78.21212121212122,9.578250538550712,65.96666666666667,8.447813655352226,-101.78787878787878,11.787917737724854
866,60.354838709677416,17.82630963762736,32.0,20.221743716082422,-38.76315789473684,26.23921754542467,-71.97058823529412,21.056625747951006,85.96774193548387,12.650344559805072,-101.96969696969697,19.42738593199293
867,48.92,2.4806450773941844,15.0,4.898979485566356,-22.484848484848484,4.881140031524008,-72.375,1.1110243021644486,70.48,9.10876500959378,-93.71875,1.8913350939217513
868,38.38461538461539,3.9426360088429235,16.653846153846153,2.129324697794832,-23.48148148148148,6.713007662686428,-81.11538461538461,5.116541222626887,60.15384615384615,15.233294273986498,-99.8076923076923,5.650181962823654
869,62.166666666666664,14.403896077874979,28.037037037037038,8.804382248426407,-23.59259259259259,24.91208134584839,-52.65384615384615,31.467861880988146,85.54166666666667,16.038960810753572,-116.57692307692308,16.655267304792282
870,48.142857142857146,13.734508898896879,23.13157894736842,17.77220042744401,-19.72222222222222,16.097983157165842,-78.58333333333333,24.363423176739527,64.14285714285714,12.82217466989536,-96.33333333333333,23.557258848271044
871,39.65934065934066,8.102665116049922,17.35164835164835,5.099824660579138,-15.591397849462366,8.212548173885038,-66.80645161290323,4.727540142192955,67.21978021978022,14.66610220194345,-84.60215053763442,6.532202752099994
872,28.857142857142858,6.880169670428015,9.568965517241379,0.9118391601501622,-72.6896551724138,9.532533940635606,-111.73913043478261,15.869624776541007,52.55357142857143,11.841090144759752,-126.0,11.83984029376318
873,41.228070175438596,10.864423744190072,19.949152542372882,11.190831187702104,-23.7,7.699134150452677,-58.65,10.178121961671843,66.0,12.14387434925635,-80.15254237288136,14.481798698239809
874,54.45,7.61232553166245,29.45,8.78905569444181,-12.08,0.9346657156438337,-90.36,0.7418894796396563,74.2,11.133732527773423,-109.0,1.0954451150103321
875,32.148148148148145,13.415589891100588,12.647058823529411,6.043384097464016,-18.53125,20.10128163668924,-57.625,29.616032398010372,60.74074074074074,15.847870735802667,-83.90625,23.505796326385116
876,39.7,16.42995232291723,22.03030303030303,16.438102169608136,-20.841269841269842,5.143053102282726,-79.3015873015873,1.8825423592689556,61.1,18.234308322500198,-96.68253968253968,2.5685855339565187
877,36.18181818181818,18.86226720113312,10.166666666666666,6.309164410249234,-38.5,27.867244810589607,-71.0,31.36080356113344,52.72727272727273,18.44446657150697,-103.125,16.358770583390427
878,70.83333333333333,15.290701604424681,36.95,18.464763740703532,-29.22222222222222,18.999675110932493,-84.66666666666667,18.62893010983285,94.91666666666667,13.60427833032274,-111.22222222222223,20.557657550183517
879,44.457142857142856,2.533691345988042,16.685714285714287,3.361729389733195,-8.857142857142858,0.48655389616932576,-76.37142857142857,8.609249890290638,61.68571428571428,7.648609317372403,-105.68571428571428,6.466491336426705
880,35.35897435897436,10.797642618995486,16.153846153846153,9.39049836622503,-10.325,0.9588404455382554,-66.775,17.907383253842532,62.1025641025641,17.67193178213852,-95.475,24.509169202565804
881,41.75,10.397887834967804,22.838709677419356,13.574398992680559,-15.030303030303031,10.08895239924509,-75.3030303030303,3.1089786736195406,65.14285714285714,15.16978737423804,-100.27272727272727,6.387832786908141
882,37.56410256410256,11.69438802905462,12.64102564102564,7.816770857609184,-15.794871794871796,10.554327067859814,-69.15384615384616,2.032283817480447,55.17948717948718,18.551206740583936,-88.3076923076923,6.04747816122172
883,45.85294117647059,1.3748230461788522,16.764705882352942,5.536291089812914,-10.352941176470589,0.4778846120374094,-82.18181818181819,2.262400782415769,59.26470588235294,6.006412375068595,-104.48484848484848,5.694873889157406
884,47.17567567567568,11.07024024753108,19.675675675675677,9.997443062438796,-17.897435897435898,13.20604925839373,-65.85897435897436,8.018767024242951,70.08108108108108,15.108398198636445,-92.57692307692308,14.272547820966485
885,54.44444444444444,15.843758750941163,16.11111111111111,8.723460633951344,-15.0,8.561198376807935,-81.5625,3.2590019561209225,79.44444444444444,15.148238702980262,-101.75,5.356071321407137
886,63.14705882352941,13.703010302465696,30.076923076923077,16.966610672495303,-19.17391304347826,12.235558209092494,-64.8695652173913,11.316799162714911,81.8529411764706,8.609612797678624,-86.97826086956522,14.06427656284869
887,43.0,15.443445211480501,32.0,20.848661028149188,-17.9,10.358088626768938,-65.77777777777777,31.05828849036304,65.625,16.575113121785925,-85.22222222222223,29.939857409954293
888,41.285714285714285,10.628545826902089,19.90909090909091,4.176874548240052,-9.954545454545455,0.4745593867686614,-73.68181818181819,10.576072323179526,58.904761904761905,14.382213757358715,-96.71428571428571,4.3659162256960355
889,62.57142857142857,11.015017578056694,34.111111111111114,10.297728384286664,-24.62162162162162,6.960705739892353,-80.72972972972973,2.4676134509218004,76.02857142857142,11.606613174727375,-99.61111111111111,6.042800021411054
890,51.54545454545455,16.339375955389798,19.818181818181817,16.386347875417965,-13.391304347826088,6.3296344453467634,-91.65217391304348,2.7758069042630202,83.45454545454545,22.011830027442624,-121.52173913043478,16.220946107659667
891,49.11494252873563,4.400692963604192,21.160919540229884,8.343038344009823,-8.943181818181818,0.87070967065866,-66.13636363636364,2.3412400472138017,69.183908045977,13.481812981899013,-94.11363636363636,4.457964828621144
892,81.52941176470588,16.891061496469327,26.523809523809526,2.4420726485634447,-16.476190476190474,1.9668453741012746,-42.904761904761905,3.8285240461412915,106.23529411764706,21.122971637434155,-100.04761904761905,3.2141975296545153
893,37.46153846153846,4.612392192311946,14.575,8.628115379386161,-27.30952380952381,10.22482528722105,-73.6829268292683,6.264257978327224,60.61538461538461,14.13962496259502,-94.02439024390245,10.537940292287068
894,45.285714285714285,26.78333322750382,20.6,18.47036236012401,-41.583333333333336,26.984949508939234,-64.37931034482759,33.231075810517716,72.60714285714286,28.769203879091524,-112.17241379310344,16.829917871246824
895,55.96363636363636,6.522586314599827,23.767857142857142,10.86605308720133,-14.73015873015873,11.305577144842248,-58.83050847457627,10.050976076005586,71.6,6.041071548537183,-79.8135593220339,10.20381214284548
896,43.16216216216216,9.570544658209611,13.54054054054054,3.1070503487999814,-9.0,0.3287979746107146,-76.29729729729729,1.706345310017794,61.648648648648646,14.09469176717559,-96.89189189189189,2.9388707500687965
897,44.875,13.989020992668978,22.04,13.557226855076227,-11.72,4.556489877087405,-78.88,16.89809456713981,71.5,17.36615482291153,-101.75,14.362131921596227
898,49.142857142857146,8.55534204757591,17.82758620689655,8.056134803161271,-14.033333333333333,6.650730953979587,-84.26666666666667,23.913640923586318,66.71428571428571,12.366016632163277,-110.23333333333333,27.385742438153635
899,42.28125,4.731770116721648,15.264705882352942,4.394574352201157,-21.235294117647058,9.371605498492622,-78.61764705882354,3.3078756812327987,63.71875,8.881984487573709,-100.12121212121212,4.283566736413432
900,41.22950819672131,20.02162228128687,24.2,23.224125387191656,-30.013698630136986,26.039218656440966,-83.57352941176471,22.100915722624407,75.50819672131148,22.585083537315736,-109.38235294117646,15.469162314067361
901,97.0,41.968241961432376,53.142857142857146,51.73677490481042,-36.25,24.20356378717812,-182.375,14.32600345525576,171.33333333333334,11.953614051360738,-235.1875,8.14108983797624
902,40.903225806451616,18.924902247516197,24.1875,16.997127514671412,-24.12121212121212,14.41749269118799,-78.12121212121212,10.327244273683949,64.35483870967742,14.660784618128279,-95.625,12.213593860940358
903,49.875,5.146297212559725,10.176470588235293,1.6354633852303346,-16.314285714285713,0.6220440302022069,-81.62857142857143,8.246508228285695,72.5,7.566372975210778,-104.08571428571429,5.184435103937436
904,61.333333333333336,16.641519490123823,25.897435897435898,11.430491996039885,-29.23076923076923,14.70646384741973,-78.84615384615384,3.591574624593462,88.53846153846153,7.18562009117338,-101.1025641025641,7.019368339595558
905,,,,,,,,,,,,
906,52.30769230769231,12.621011878149961,19.37037037037037,16.740167148482183,-20.076923076923077,13.914361913347708,-84.3076923076923,20.752699974052,76.76923076923077,14.791649651350047,-113.42307692307692,22.236790507422736
907,45.72727272727273,17.845757881921553,20.434782608695652,13.2002176759276,-16.703703703703702,26.84360026470868,-85.15384615384616,20.84501841926287,76.04545454545455,22.22095095078122,-117.1923076923077,8.090921934580713
908,33.2,15.354478174135386,14.0,11.802867969595031,-51.07692307692308,27.122121367172248,-84.29411764705883,33.789599349821444,68.1,20.644369692485164,-110.4375,26.450351486322447
909,24.25925925925926,4.443827117620931,9.222222222222221,0.5665577237325317,-67.84615384615384,23.675193619047942,-116.3076923076923,15.769418385375465,50.666666666666664,10.568997289416991,-141.65384615384616,15.208657220079287
910,39.6,7.977468270071652,19.133333333333333,3.8534256044315804,-10.266666666666667,2.839405258539581,-75.63333333333334,3.4879156462786702,66.13333333333334,14.270560216364629,-92.23333333333333,2.155355088043628
911,40.666666666666664,11.21407845324597,16.029411764705884,15.825306045024378,-55.205882352941174,22.71534776800596,-75.27272727272727,32.09103785706847,65.36666666666666,10.222469803765081,-86.81818181818181,29.835360904982842
912,58.851851851851855,7.580206699535426,29.333333333333332,9.15706567912734,-21.714285714285715,3.4729273660409197,-78.57142857142857,11.78203405743729,79.0,12.713364213678046,-101.78571428571429,14.543916604686704
913,41.01960784313726,0.9799999215372394,12.941176470588236,3.386314815205706,-10.098039215686274,3.5216690670859423,-91.58823529411765,1.6351107246579908,56.431372549019606,5.997564544800695,-113.54,5.9639248821560455
914,69.33333333333333,11.283312071955262,28.13888888888889,18.726322498584384,-10.051282051282051,0.38886540738725894,-74.64102564102564,1.4230191718473442,89.63636363636364,9.559441412038302,-95.58974358974359,4.143069274243053
915,77.65517241379311,13.099818008920018,41.1,8.055432949258531,-17.766666666666666,18.25866613115232,-90.03448275862068,3.3680318474689046,88.82758620689656,11.561138726629029,-110.82758620689656,4.948486118325283
916,40.37931034482759,12.723623949996615,15.548387096774194,15.87214787115167,-16.59375,1.5980334594431995,-88.64516129032258,14.693751990374365,61.37931034482759,15.475038394701293,-112.93548387096774,14.663836323882329
917,39.8,13.471946159829074,16.0,3.483293460696835,-12.8125,6.326716664273816,-74.125,28.29283257293267,67.86666666666666,18.68285012756054,-93.1875,27.500497154597042
918,49.55555555555556,6.956655929999346,22.967741935483872,13.620392375021057,-22.59375,13.776926759531678,-68.5625,8.123797988010288,69.92592592592592,10.974468437058556,-92.75,12.634278768493278
919,56.42857142857143,11.499778169998919,24.2,8.787870428418175,-21.88235294117647,9.57252411817696,-72.6,13.330666399946653,68.28571428571429,12.611947688196139,-93.53333333333333,16.516120071682156
920,53.18181818181818,19.5144927425041,13.411764705882353,5.314340460760109,-27.428571428571427,11.556780852532826,-84.28571428571429,19.605496938462988,77.51515151515152,20.34419165432611,-106.51428571428572,22.84778379821106
921,46.84615384615385,15.805773793367429,26.066666666666666,15.312159293261754,-10.806451612903226,0.39507899077148045,-69.3225806451613,0.7782153601170851,64.61538461538461,16.494933774849972,-90.03225806451613,1.8401239608969888
922,41.59574468085106,13.875831697470039,18.75,19.501602498256393,-26.64,8.152938120702254,-93.26,2.2874439883852893,75.7872340425532,26.151714617895752,-115.63265306122449,8.970914174404493
923,44.0,3.8376128944009875,13.909090909090908,4.187742838647644,-11.93939393939394,4.0372462407497665,-79.36363636363636,3.8203457071728533,62.03030303030303,7.051691602277228,-101.84848484848484,6.179738212172305
924,37.28125,10.75939814476163,16.8125,7.811999983998976,-11.151515151515152,0.6090833709770237,-68.12121212121212,5.358412110779087,61.34375,14.349671980135993,-91.60606060606061,11.987213879896677
925,42.25757575757576,18.606214835013727,22.12676056338028,15.358559184060065,-9.424657534246576,3.069593736088705,-82.6027397260274,4.343913159237554,63.77272727272727,16.039530196536926,-102.13698630136986,5.0971790976222335
926,60.0,26.271023327359494,26.44,17.82375942387015,-23.642857142857142,30.325866240971685,-94.11111111111111,13.873324612452098,79.66666666666667,26.456988154781,-120.77777777777777,7.641666161799733
927,37.16129032258065,10.969449582432077,17.4375,9.835959218601916,-9.058823529411764,2.208821571237481,-81.17647058823529,12.013400821913772,65.83870967741936,14.47377333193041,-106.17647058823529,5.398641377209935
928,38.07142857142857,9.254066949295366,19.0,8.26709305537363,-11.225806451612904,0.6579380017539078,-73.74193548387096,2.8280591992649917,66.03571428571429,13.857649107100027,-96.41935483870968,3.6258408906641333
929,61.52,15.284292590761275,28.03448275862069,17.333409555001776,-28.20689655172414,12.783014890038798,-73.27586206896552,19.64319054027794,80.16,11.585093871005101,-108.0,17.60681686165901
930,36.270270270270274,14.609601893772517,18.756756756756758,14.102722385077374,-20.756756756756758,4.257936344499023,-74.32432432432432,9.061513667642277,68.94594594594595,24.667459630973894,-92.83783783783784,8.906461406446121
931,45.2962962962963,14.396025209693628,28.551724137931036,18.08330570728733,-25.41176470588235,9.368651252852667,-89.03030303030303,7.038787983155125,59.111111111111114,15.29302269696467,-108.21212121212122,6.5816898251896205
932,63.11538461538461,21.745604194299773,26.384615384615383,13.733947057388415,-32.96666666666667,27.441432583271276,-74.96551724137932,31.96170419544754,76.61538461538461,19.793310686416106,-97.96551724137932,31.88717476333759
933,27.94871794871795,15.798326295559283,10.948717948717949,4.596256659437268,-12.692307692307692,17.737623126048646,-62.12820512820513,40.00524291741021,50.282051282051285,19.547376659126932,-96.71052631578948,24.262715488602804
934,41.945945945945944,1.9304942084787644,13.95945945945946,5.092228284062402,-8.554054054054054,0.4970695718310681,-80.78378378378379,2.478394588646919,55.08108108108108,5.27809536889545,-101.71621621621621,3.674309165699375
935,55.48148148148148,3.634916784114162,28.51851851851852,5.8523206563270165,-29.575757575757574,7.639729897773052,-77.48275862068965,5.048869382860316,75.22222222222223,8.795341078739245,-103.10344827586206,13.455789236290178
936,45.78947368421053,1.2245563766045717,19.70175438596491,3.9424140448559246,-16.88135593220339,5.2981760397224,-67.11864406779661,0.8846093797084671,60.719298245614034,6.985585122775384,-86.49152542372882,1.8353670612042796
937,49.73076923076923,17.098262827432976,23.515151515151516,16.03995241457691,-25.176470588235293,22.82603079076386,-65.72413793103448,27.667853314188616,71.6923076923077,11.601622004534308,-95.85714285714286,20.576884197207946
938,36.839285714285715,6.823742128235288,11.160714285714286,1.6666560373810715,-10.678571428571429,0.6008072800450258,-83.21428571428571,7.222767291484529,56.607142857142854,15.060210788019928,-102.33928571428571,1.7856249977677456
939,48.16,10.042629137830392,18.36,7.204887230207007,-15.653846153846153,6.894492270547488,-80.76923076923077,1.671196998646187,74.24,20.47882809147047,-100.73076923076923,1.533163955999596
940,72.23076923076923,21.17383670822899,41.92857142857143,27.92369948981114,-37.578947368421055,27.010360175064374,-60.90909090909091,23.980248989487084,84.76923076923077,20.24144205167609,-103.54545454545455,24.79380532248219
941,33.714285714285715,11.97514432617215,17.333333333333332,11.554220008291344,-22.324324324324323,8.708660039213697,-77.27777777777777,9.714282472247618,53.51428571428571,19.656146154133395,-101.27777777777777,14.473368476679104
942,54.72727272727273,17.389081783960194,21.26086956521739,15.929784494037108,-12.652173913043478,3.951980193272117,-79.95652173913044,6.146602178153709,85.77272727272727,21.97918812749464,-108.47826086956522,14.887606649761876
943,60.2962962962963,14.18349279141285,34.2,13.17766705797764,-43.854838709677416,11.109203935060316,-76.1923076923077,12.056020617769974,74.92592592592592,8.191802252414373,-88.84615384615384,11.441127928837421
944,34.01428571428571,10.233687866401768,28.670731707317074,17.13366026565108,-38.264150943396224,9.051531598525349,-65.40506329113924,20.321790379700815,57.614285714285714,9.343130183865206,-75.25316455696202,16.67520584537352
945,59.878787878787875,7.117020042710147,23.428571428571427,15.531140541847279,-10.101449275362318,0.38617137954997754,-72.65217391304348,1.249070227618275,76.33333333333333,8.032761201806794,-92.43478260869566,0.939908427077737
946,49.72727272727273,23.890244905670023,16.483870967741936,8.182873411807936,-27.93548387096774,21.808455720084837,-57.5,31.6133491764768,72.04545454545455,24.311383926665965,-96.84615384615384,22.718498575275454
947,39.57575757575758,7.746085240125563,15.848484848484848,3.3855415584083186,-12.393939393939394,6.169030147926324,-78.27272727272727,4.3153898470104,62.96969696969697,11.223581366749716,-100.48484848484848,6.467265883458494
948,40.714285714285715,18.245267767790292,13.628571428571428,9.329173028074628,-25.264705882352942,25.081407249581854,-56.774193548387096,31.55712656838169,57.25714285714286,16.895211252461635,-79.25806451612904,29.96015390581887
949,48.3,2.2233608194203063,14.8,2.3579652245103193,-18.466666666666665,4.551434450319543,-75.88888888888889,16.802410173969715,70.36666666666666,6.161619556216982,-92.33333333333333,16.666666666666668
950,43.76470588235294,1.832048412046757,17.058823529411764,5.713457676041449,-9.25,0.4330127018922193,-82.95,0.7399324293474371,68.0,24.23415188627526,-105.45,14.413448581099528
951,48.82608695652174,1.760735367940573,18.82608695652174,3.0878749399242964,-12.04,0.34409301068170506,-84.32,1.4344336861632887,69.04347826086956,6.423315281538743,-106.6,2.5612496949731396
952,53.975,18.82483399661203,21.25,6.651127723927725,-23.725,15.882360498364216,-68.33333333333333,10.498677165349081,79.0,17.360875553957523,-98.7948717948718,14.40829441885772
953,43.94117647058823,3.0254590622723,17.423076923076923,12.55655843626404,-27.01818181818182,8.918807317514048,-84.87272727272727,10.51588330350297,70.07843137254902,16.45891276190848,-114.03636363636363,13.363401358477887
954,46.03703703703704,23.32139612344802,16.14814814814815,11.452651977222807,-13.666666666666666,6.2182527020592095,-74.5925925925926,15.2248803662739,73.96296296296296,22.688684537356178,-106.25925925925925,20.943650310778967
955,32.25714285714286,14.383210166505862,8.333333333333334,0.5270462766947298,-49.47222222222222,29.542329434136736,-78.12903225806451,29.51297356656721,60.65714285714286,22.5995484874529,-107.1,24.678398111168672
956,29.685714285714287,15.447184539717316,11.5,4.586880604965702,-45.4054054054054,27.24112497127296,-88.97142857142858,33.04584323484636,58.68571428571428,31.097791771462237,-112.25714285714285,26.120974448179552
957,44.31428571428572,7.999183631815824,21.685714285714287,5.252326986727902,-14.142857142857142,15.731938137147006,-67.08571428571429,13.527477705072165,63.2,11.247348893977511,-91.4,9.645724441429994
958,36.41379310344828,18.72213744314341,14.344827586206897,10.171887771320645,-39.172413793103445,32.76464554396825,-88.46428571428571,40.12701454031146,55.827586206896555,18.702883726603346,-116.33333333333333,25.345026541125783
959,46.054054054054056,2.6907845328980846,21.55263157894737,1.331745360934736,-51.475,24.022892727563015,-80.94117647058823,29.506670408840048,60.54054054054054,5.027462927918982,-101.9375,14.514943808020753
960,35.45454545454545,17.956329025335766,10.696969696969697,5.900615522514263,-13.575757575757576,6.615089742767429,-61.84848484848485,40.83753562454686,56.90909090909091,17.865429010214346,-97.06060606060606,24.32848361045558
961,56.6530612244898,18.89557881601328,22.857142857142858,12.267428252016286,-13.46,6.171580024596619,-87.42,15.075927832143533,85.51020408163265,17.387683242162517,-111.76,11.089743008744612
962,,,,,,,,,,,,
963,38.69047619047619,1.0575824911672764,17.071428571428573,2.443581067894853,-9.023255813953488,0.5052456042418705,-65.74418604651163,0.7182997772781627,53.07142857142857,6.5733692786477,-82.21428571428571,0.9394961741404217
964,28.966666666666665,1.4715826703096075,13.466666666666667,2.8370563774604283,-10.580645161290322,1.3142934701589268,-81.93548387096774,10.490965341574958,45.2,13.003589248101207,-104.38709677419355,5.683464523566128
965,53.65,12.187185893388186,33.45454545454545,15.2486281729546,-20.451612903225808,6.608102112375038,-69.12903225806451,8.039186026377383,74.9,13.758270240113763,-101.7741935483871,11.446114081881337
966,38.55555555555556,6.139328792685024,18.236842105263158,3.0386476435060783,-17.94871794871795,7.54456407450379,-77.0,7.66610923280061,70.19444444444444,12.668463566502549,-102.26315789473684,13.05793610379752
967,46.73913043478261,12.80019494180476,12.653846153846153,7.74071308428716,-59.04,24.799161276139966,-92.19047619047619,29.827470635894475,72.1304347826087,9.368329384855016,-126.04761904761905,21.744131535562133
968,52.25,20.120988212974698,24.428571428571427,17.81938866080702,-31.77777777777778,24.80939686569398,-82.13333333333334,30.82610726136028,80.66666666666667,17.570492941924602,-109.06666666666666,24.70213665972147
969,51.84,9.8982018569031,22.925925925925927,12.418403087908377,-21.14814814814815,23.514697852389325,-89.5925925925926,33.666401824326016,78.04,13.648384519788415,-118.4074074074074,21.645732210024526
970,42.4,1.2274635093014645,13.6,4.046397574798272,-11.266666666666667,0.4422166387140533,-75.5,0.9219544457292888,60.8,9.314504817756015,-96.3,2.1779194965226183
971,42.43333333333333,10.629152783213197,11.903225806451612,9.3786127274212,-35.868852459016395,14.88918125201251,-95.72413793103448,13.138247801412481,56.516666666666666,11.31443276920628,-117.51724137931035,14.919602217252523
972,29.36842105263158,2.8508636976738617,9.40625,0.4911323014219285,-64.71875,0.8744417862270764,-101.66666666666667,3.34995854037363,42.8421052631579,3.828743890415413,-118.33333333333333,4.642796092394707
973,41.833333333333336,13.493414031379242,17.8125,14.373233587122975,-30.666666666666668,9.040034414880413,-74.11428571428571,7.949021246386891,57.5,13.009611831257688,-96.41176470588235,10.773381267950962
974,45.975,17.433426943661996,21.955555555555556,18.475155155632425,-16.818181818181817,17.797947694854038,-72.48,13.70582357977805,71.275,19.284692763951412,-98.2,14.827002394280512
975,46.46808510638298,17.15864779653463,15.76595744680851,10.878854691668812,-25.319148936170212,9.179316210056225,-73.51063829787235,18.46891850261963,76.68085106382979,18.964812190036312,-100.27659574468085,22.59514363907918
976,47.52173913043478,20.771781789595128,22.517241379310345,12.77287181721391,-26.482758620689655,24.782670098631385,-52.208333333333336,28.702466744553895,67.3913043478261,21.684976026161486,-104.08333333333333,25.950139156124425
977,23.78688524590164,2.674192104741356,8.311475409836065,0.4972377340361673,-75.24590163934427,12.142130606382736,-108.87878787878788,22.41314221579178,40.63934426229508,1.6097325598590464,-127.06060606060606,14.952327059062592
978,36.73076923076923,6.324906155020996,12.596153846153847,3.7068523625671723,-8.461538461538462,0.7711514482985931,-59.34615384615385,1.4920895954823707,63.57692307692308,14.924613322972114,-76.96153846153847,5.452457238789535
979,42.90909090909091,8.58597742044916,17.772727272727273,10.321785514064276,-17.608695652173914,21.388211158475748,-78.81818181818181,10.718023747774176,62.63636363636363,13.445328538348635,-100.18181818181819,11.979665967555809
980,32.92,4.746254663767351,14.346666666666666,2.8867205537695466,-21.051948051948052,8.731040466843858,-83.71052631578948,16.91605885220942,58.48,20.44593521134865,-106.67105263157895,13.26192428473606
981,97.33333333333333,46.347120250945,18.692307692307693,14.562251597800156,-34.23076923076923,28.15657826171859,-91.3076923076923,55.37617457047003,145.58333333333334,45.9518921143503,-172.23076923076923,72.9437653223926
982,39.26470588235294,13.939594102305284,19.076923076923077,20.231207950785564,-20.55263157894737,8.686642402717347,-71.91891891891892,8.612933010739136,71.32352941176471,18.808196880514455,-101.08108108108108,15.897268809075992
983,50.708333333333336,2.5897098722100553,24.333333333333332,6.9562122515697355,-17.529411764705884,5.077257794597668,-71.61764705882354,1.5149200305501072,67.91666666666667,7.393221369756368,-93.24242424242425,2.5109493922262542
984,42.10344827586207,2.496132561497084,18.586206896551722,5.075412273923889,-12.433333333333334,1.7259457954666158,-78.62068965517241,2.14015457230109,68.96551724137932,13.892401194154948,-99.0,5.206097221130438
985,85.71739130434783,16.739257481166657,45.57446808510638,18.278861970315123,-11.83673469387755,1.7420014149284326,-98.26530612244898,3.5900969812611576,107.41304347826087,18.06097894086745,-127.4375,10.766278856534726
986,37.34375,5.283283632126899,13.212121212121213,4.0881022918884975,-13.303030303030303,13.749897737327379,-66.71875,2.5645951800430415,54.28125,12.109485886589075,-85.375,3.0388114452858046
987,54.57142857142857,1.6781914463529615,13.285714285714286,4.118978804820173,-22.363636363636363,4.237768007566061,-96.71428571428571,0.6998542122237651,77.28571428571429,12.271309384642105,-117.66666666666667,0.7126966450997982
988,44.1125,1.760637313588463,17.2375,4.6320722954202695,-10.35,0.5722761571129799,-63.9875,1.6393119745795794,65.65,12.583818975176017,-83.9875,4.6890664049467246
989,57.774193548387096,31.487539447830283,24.625,10.323970893023672,-26.1,21.00452332237035,-42.69230769230769,28.557772165993843,79.12903225806451,23.428328503818417,-92.64102564102564,14.965750950492362
990,34.88,2.122639865827456,12.96,2.505673562138532,-10.44,0.4963869458396343,-83.92,1.0166612021711068,60.56,17.7315086780567,-104.48,1.2039933554633928
991,36.15151515151515,14.760966569569632,12.91891891891892,11.775784540062135,-11.0,0.6974858324629157,-39.0,26.254795480336266,54.90909090909091,17.799154961833775,-89.74285714285715,25.781879414085566
992,49.02857142857143,22.814138115633117,15.487179487179487,10.635865291843722,-37.125,26.707852309760888,-76.4054054054054,29.738917499210284,76.42857142857143,21.462639585083277,-107.38888888888889,22.369718840156537
993,56.535714285714285,22.260602839445077,29.5,12.673791855636576,-12.46875,0.4990224819584785,-34.46875,2.2358496008229176,73.64285714285714,22.580355377619544,-92.84375,10.034656742385362
994,48.7,12.146741675582524,10.647058823529411,7.307861813872607,-25.61764705882353,20.889083422409268,-59.21875,36.22562488677732,71.0,12.46862729680644,-96.03125,25.839026170455806
995,42.629629629629626,10.435509706084737,17.962962962962962,4.803405284999548,-11.551724137931034,0.9679771619047034,-75.3103448275862,7.297157917586639,67.85185185185185,16.4580357581058,-94.44827586206897,6.060534896710434
996,38.76190476190476,10.730041325552879,21.136363636363637,16.24330758565859,-10.703703703703704,0.4566232594791835,-82.81481481481481,9.74123361659671,77.47619047619048,16.879457922967863,-107.14814814814815,8.549220036781799
997,51.86206896551724,8.240874317236317,13.724137931034482,1.01358196253097,-22.548387096774192,1.8980246043039544,-74.19354838709677,2.1911751868053795,78.75862068965517,13.116599570940615,-95.48387096774194,3.310501060817419
998,34.26470588235294,13.392949909054241,13.11111111111111,3.541639433446495,-11.5,5.464532103585,-67.38888888888889,19.35383650996156,54.970588235294116,14.516694839588794,-92.94444444444444,15.183954331326294
999,59.30769230769231,19.520736963486627,25.0,16.11974422396813,-28.22222222222222,9.930623542890814,-86.5925925925926,5.07177563514776,82.96153846153847,18.80155633744343,-105.18518518518519,7.24204307696864
1000,37.30434782608695,9.052670913140812,22.425925925925927,17.406471606051895,-13.648148148148149,3.580592788742231,-61.851851851851855,1.3527394346481239,72.54347826086956,3.6037813579092686,-86.98113207547169,2.9873353181909104
1001,45.7,11.475045388436016,23.59375,12.730031851393774,-23.2,18.40465779555351,-68.90625,14.444634330349107,71.03333333333333,19.487574388711273,-96.21875,14.559649667402715
1002,40.57142857142857,21.1464765241814,11.142857142857142,3.4091713039376352,-10.214285714285714,3.848535369435484,-69.92857142857143,33.64088559585597,67.46428571428571,18.806310002718963,-101.39285714285714,22.455255963986765
1003,51.6,16.42071862008481,29.0,19.374209661299737,-38.77777777777778,23.038346991456777,-85.78260869565217,12.778911029808075,76.2,18.467809832245948,-109.43478260869566,13.22654145518716
1004,171.1818181818182,86.5645509871293,21.545454545454547,5.630495478982554,-48.63636363636363,27.45334133422056,-186.0,107.5022198502304,257.8181818181818,31.54165552183099,-315.09090909090907,44.459285859914054
1005,37.81818181818182,5.74959574576069,14.147058823529411,3.1635084111043597,-16.114285714285714,6.046351573216594,-77.48571428571428,0.9963197585235825,52.303030303030305,8.050916938121786,-98.2,1.8943525090572317
1006,47.107142857142854,8.37231528702223,27.2,14.379151574414951,-16.285714285714285,4.9139534771414155,-71.17142857142858,12.586808773554989,62.57142857142857,8.857718875278746,-97.3529411764706,10.574337284035336
1007,50.69565217391305,10.588898134607962,24.46153846153846,13.494245979535613,-16.0,4.638442789897437,-81.57575757575758,3.7901811184859566,73.95652173913044,13.646080057847367,-105.54545454545455,8.417481481438385
1008,48.63636363636363,18.678002264563556,27.782608695652176,20.175224844906516,-19.37037037037037,25.239810042350495,-87.61538461538461,13.026827121447148,75.5,19.213513237018653,-112.0,13.425005371722174
1009,48.93333333333333,16.948811823317357,24.863636363636363,20.372208017397927,-10.484848484848484,0.6090833709770236,-64.39393939393939,20.058912315204285,71.46666666666667,15.076987615420911,-94.0,16.178923813331213
1010,31.433333333333334,2.0604745947367453,11.883333333333333,2.251604366273574,-18.633333333333333,4.377848279184142,-73.38333333333334,2.7634016879362453,61.516666666666666,21.218303157625233,-96.38333333333334,7.316856489564962
1011,40.81818181818182,9.618336482688411,20.272727272727273,5.046887593375277,-33.75,17.122718826167766,-83.58333333333333,19.77986490235855,61.27272727272727,17.68456393731247,-106.0,18.303005217723125
1012,42.63333333333333,5.075978285567775,11.033333333333333,2.639233895575675,-10.870967741935484,0.4205937035614612,-81.3,1.0692676621563624,63.63333333333333,11.282680926485908,-98.66666666666667,6.538773245460922
1013,45.02777777777778,14.58402114780098,23.357142857142858,14.454891128992305,-26.023255813953487,13.865614776150595,-73.7948717948718,21.006933516170182,66.75,11.292512268460607,-97.35897435897436,16.82106002862251
1014,79.71428571428571,13.013336957733408,38.375,12.402326730631367,-14.846153846153847,6.954203530639733,-94.08,15.476226930359996,96.52380952380952,10.395141024348817,-116.0,15.091719583930786
1015,43.9,15.162123861781371,18.954545454545453,13.339883033176978,-11.576923076923077,2.3562205219225545,-90.1923076923077,16.459786031811525,70.55,24.00723849175494,-120.46153846153847,16.300615300398867
1016,42.86842105263158,12.318516342293266,25.645833333333332,19.653762980802316,-10.170212765957446,3.429032174952329,-62.744680851063826,4.535759032899227,74.0,14.104870379448817,-86.44680851063829,5.778936479636392
1017,50.0,2.6532998322843198,20.32,5.342059527934896,-10.413793103448276,0.49251230541674823,-82.82758620689656,1.2336926772412635,69.04,8.349754487408598,-106.72413793103448,5.545402269069631
1018,53.925925925925924,19.975774079333874,28.838709677419356,16.060564353948642,-22.457142857142856,7.7619690327458875,-92.05882352941177,3.555783825813509,71.18518518518519,14.44026530236697,-113.05882352941177,6.004611837729339
1019,48.6764705882353,6.369599619125088,16.11764705882353,8.810971455695427,-10.0,0.47809144373375745,-77.0,1.942016624910449,67.0,10.701841512782082,-99.71428571428571,3.0291104641596736
1020,44.513513513513516,19.760213399686975,10.681818181818182,6.3345112722175525,-39.02325581395349,22.374703710750264,-83.64285714285714,27.078212493381734,72.70270270270271,19.864221353798275,-106.6829268292683,19.214373461844428
1021,46.92,8.826868074237883,29.655172413793103,18.90498175918456,-10.21875,4.4069148434590835,-62.28125,12.762822902379394,68.24,11.243771609206583,-86.1875,13.567971246652906
1022,47.0,12.202003478482084,14.722222222222221,6.982562054110667,-19.0,7.916228058025278,-73.66666666666667,16.124515496597102,68.44444444444444,11.141624767920334,-103.16666666666667,16.03901493234544
1023,41.52,15.967767533377982,20.620689655172413,12.29637959923626,-11.212121212121213,4.971174946523607,-66.84375,19.45203937733779,66.28,17.243015977490714,-94.75,22.870559678328817
1024,42.0,15.62964216755183,17.266666666666666,10.611105293773857,-9.933333333333334,1.0624918300339485,-61.333333333333336,11.86404465414538,67.42857142857143,16.770357717090704,-82.35714285714286,3.6372505875640035
1025,58.45454545454545,19.6747660401028,23.87878787878788,13.763715089910018,-10.352941176470589,4.892264920807471,-69.94117647058823,17.408485382760883,89.66666666666667,14.258791369296745,-106.47058823529412,15.93412042667013
1026,48.5,13.793114224133722,38.8,22.24469974323472,-12.483870967741936,6.394912129548067,-71.33333333333333,22.365648262955006,61.9,15.533512159199542,-112.23333333333333,9.365480351921208
1027,41.3125,5.827936491589455,18.125,6.537153432496441,-18.941176470588236,16.692621082859244,-80.58823529411765,24.01239587607498,62.25,10.231690964840562,-106.5625,9.962233371588923
1028,37.15384615384615,3.370600353877945,17.23076923076923,3.82610157398335,-10.846153846153847,1.9551176964828978,-89.3076923076923,3.219761467147131,71.07692307692308,21.850757911380903,-111.3076923076923,6.579509163182491
1029,54.291666666666664,9.56329426621508,22.375,6.46666129724863,-13.5625,11.467174619321012,-85.875,10.01171189157978,73.875,9.988795806635887,-110.625,7.667912036532501
1030,61.36363636363637,9.078172896596312,38.416666666666664,10.007982924756726,-14.294117647058824,14.112008677978327,-71.15151515151516,15.462802310062477,81.04545454545455,6.51206762813382,-96.06060606060606,15.956264835840448
1031,41.175438596491226,21.86090221972242,18.0,18.781196270028524,-12.983333333333333,7.913051806281119,-50.2,19.272432816504164,67.40350877192982,16.940411197729784,-100.85,12.820328908937293
1032,43.0,7.916228058025278,17.238095238095237,4.779965749077945,-17.59090909090909,6.534239128753671,-71.75,2.0014199504806127,66.02380952380952,18.955446629296283,-93.52272727272727,5.289305833315664
1033,53.88461538461539,13.009839244193731,23.862068965517242,13.860696449464916,-12.787878787878787,11.710543231344412,-60.96875,29.792495253628893,70.73076923076923,12.79590587260596,-96.54838709677419,24.269772397722498
1034,40.125,5.870210813931643,13.541666666666666,8.715308211544915,-12.02,0.7345747068882783,-76.58333333333333,16.57369904396722,57.9,7.6902535718921525,-97.69444444444444,13.135658517613725
1035,45.55555555555556,1.0657403385139375,21.037037037037038,3.426276258363919,-10.407407407407407,0.49135182079339257,-83.48148148148148,0.6869347033700521,62.96296296296296,9.311408699095491,-108.25925925925925,1.7340296164029072
1036,36.5,5.425633603552677,16.363636363636363,7.838592103866542,-15.787878787878787,2.9924913686372143,-78.57575757575758,6.005201296201248,59.9375,12.740039001117697,-104.33333333333333,5.486438744851719
1037,49.81818181818182,6.806656926303595,23.833333333333332,17.617857102635636,-9.56,0.897997772825746,-65.72,9.505871869534115,72.0,13.876074896938778,-92.6,9.91564420499243
1038,35.50847457627118,15.895178760950564,12.6,2.4979991993593593,-11.9,8.90262133681236,-32.61666666666667,14.400337573203698,60.94915254237288,16.24017171239015,-90.01694915254237,13.259459719319713
1039,29.428571428571427,8.068583569395965,8.909090909090908,0.7925270806437588,-73.54545454545455,1.468681311036683,-109.66666666666667,2.7138679711952394,47.285714285714285,10.16128440111151,-145.52380952380952,21.10206274642825
1040,37.51724137931034,7.645691550576941,16.6,13.252924205623453,-13.0,9.05182212987903,-77.43333333333334,9.779854577423713,61.10344827586207,14.2450108085947,-102.26666666666667,15.318688658701248
1041,49.833333333333336,23.882815765501537,27.966666666666665,25.79338847241457,-9.451612903225806,2.339543788963709,-85.0,11.815790419003143,78.25,18.412518386503606,-104.3225806451613,11.939057878144737
1042,36.096774193548384,10.611481422556867,18.61764705882353,13.603664527667348,-14.583333333333334,2.5752561900604074,-81.02777777777777,10.465515093526907,59.03225806451613,13.306520038924749,-107.34285714285714,4.228764474357946
1043,39.46153846153846,15.254837238449896,16.0,4.0,-58.285714285714285,23.79804485195181,-78.16666666666667,30.656248230263852,61.30769230769231,17.098738664162497,-104.83333333333333,17.08231704294109
1044,51.72727272727273,19.16479209901185,21.363636363636363,14.24635664603236,-30.142857142857142,16.09284287615879,-89.57142857142857,15.56421851424554,75.18181818181819,15.723856696799533,-107.28571428571429,11.695106250226273
1045,38.05882352941177,7.5768268093094155,16.705882352941178,10.453058690457985,-14.5,12.237238250520416,-78.34285714285714,11.588030418478882,51.411764705882355,8.778709697024766,-98.5,4.174502436007828
1046,52.75,15.506047207460707,21.75,11.453711188955307,-18.076923076923077,14.095616004011475,-76.63636363636364,23.39103451897262,75.25,11.712706775122479,-105.45454545454545,26.08504843902184
1047,39.111111111111114,0.6573421981221795,15.055555555555555,3.196738306847956,-9.18918918918919,0.5113753494168783,-73.43243243243244,0.6794489237825153,49.638888888888886,3.04733743325198,-92.4054054054054,0.6762160001728003
1048,44.16129032258065,7.804451889967007,13.25,5.431390245600108,-12.382352941176471,10.096635158432306,-73.73529411764706,16.63856049968657,63.96774193548387,13.503843827849579,-103.20588235294117,6.944229139299793
1049,43.07142857142857,19.28531745623481,14.862068965517242,9.035272405606795,-34.13793103448276,29.188713144462653,-63.64,36.984191217329595,65.60714285714286,18.260690187461396,-98.92,24.35392370851153
1050,47.94736842105263,1.1909166841036587,16.102564102564102,15.061914734742727,-11.256410256410257,2.4881045068119394,-68.7948717948718,1.3239313480436496,76.6842105263158,20.65009909898216,-89.38461538461539,2.0206039287021067
1051,50.46666666666667,20.71027656878477,21.5,15.137334272879386,-18.03030303030303,23.59825988510895,-74.09375,23.177790251391524,69.53333333333333,23.779169222007926,-107.53125,10.600661462262627
1052,48.26315789473684,21.669386859572334,13.222222222222221,9.802997777827901,-26.642857142857142,23.505644133323575,-55.34782608695652,34.95911735983118,69.84210526315789,22.857137910565353,-98.95652173913044,24.818433298255595
1053,43.2,6.8137116659473245,15.363636363636363,11.984379180942879,-9.323529411764707,2.0682557049116665,-61.38709677419355,21.23095339107174,59.46666666666667,11.083721797703554,-91.51612903225806,20.493698429961086
1054,49.95238095238095,19.72543967878896,24.363636363636363,20.43514231225988,-10.076923076923077,2.2857935320159424,-79.46153846153847,1.6226940853637681,79.80952380952381,19.110254159978012,-102.96,12.688514491460378
1055,51.87096774193548,11.413749307612461,22.818181818181817,8.400773937847687,-18.125,14.878150926778503,-72.61194029850746,24.490604487752854,66.62903225806451,10.53294963890617,-96.5223880597015,18.86033364874405
1056,43.0,16.619071826883015,18.272727272727273,13.45761635716106,-27.393939393939394,15.599027541444729,-55.42424242424242,21.430692098483856,56.774193548387096,15.311201207421707,-77.18181818181819,22.509869277186688
1057,26.1875,12.743717815064802,14.375,12.282482444522362,-23.89090909090909,2.88363865642463,-75.71153846153847,8.607547087521818,52.53125,15.270446078536802,-97.23076923076923,9.29560562974079
1058,48.42857142857143,6.5797049331108095,25.692307692307693,15.803527431872315,-15.6,16.185590299193088,-94.82758620689656,9.479811454247686,74.42857142857143,9.732475966339406,-114.3103448275862,11.283504738840621
1059,38.142857142857146,11.568782766301627,21.545454545454547,16.199683702656536,-27.571428571428573,26.87461437786938,-67.16666666666667,16.425758903489225,60.42857142857143,16.369458869292824,-99.08333333333333,12.419462772421179
1060,40.285714285714285,7.024737630368141,15.107142857142858,2.4833630094560672,-20.571428571428573,8.595798689013186,-86.14285714285714,1.3014905113063282,62.892857142857146,13.481043001495221,-103.82142857142857,1.928240712384727
1061,44.03225806451613,3.8056314042502337,19.38235294117647,5.92112224002468,-10.088235294117647,1.0945761215251997,-67.26470588235294,17.407416985008588,61.32258064516129,8.471535248660825,-95.3529411764706,18.419750194609968
1062,47.851851851851855,6.558588961296271,24.75,15.516408365708495,-19.580645161290324,9.50983936483983,-79.03333333333333,5.890576278165735,69.62962962962963,14.142523605668822,-101.7,7.151456728061307
1063,38.13793103448276,16.806657420510962,16.0,11.626367179523596,-29.303030303030305,15.172712444993994,-97.78125,13.540989566405404,51.793103448275865,17.675971046524555,-112.3125,9.900875908221455
1064,35.888888888888886,6.220237778790402,19.25925925925926,7.810688747515319,-9.46808510638298,4.083443810616111,-73.80851063829788,6.360243197117746,64.74074074074075,14.009500989322271,-103.61702127659575,9.286350522181676
1065,42.24242424242424,5.867374112116384,12.93939393939394,5.443591694991594,-8.848484848484848,0.6090833709770237,-64.45454545454545,1.8105902116714734,63.72727272727273,12.023393176265776,-88.65625,7.864514348483318
1066,39.392857142857146,1.7390326891342645,13.8125,11.111473518395298,-18.6,7.665134422453772,-72.4,2.6854103171449553,62.17857142857143,11.44256955229828,-95.17142857142858,6.240355824496431
1067,60.13793103448276,19.892338046613855,28.65714285714286,21.69653409733303,-31.147058823529413,29.088235294117645,-72.25806451612904,25.24456855276383,84.75862068965517,16.664343873018,-103.48387096774194,26.223445515283228
1068,53.38461538461539,1.942973990817706,20.423076923076923,9.915694928604841,-25.666666666666668,14.113298168223654,-98.46153846153847,12.51531606051859,75.1923076923077,10.553961089304632,-119.07692307692308,13.955762738362509
1069,42.47222222222222,12.973233365303242,19.31578947368421,11.147587095911915,-12.487804878048781,4.461881650645437,-65.475,5.748858582362242,70.22222222222223,19.86637459392561,-87.2,11.456875664857327
1070,46.61224489795919,17.64481345606149,21.836734693877553,8.423356592033334,-24.14,4.6087308448205135,-81.32,8.82822745515769,64.71428571428571,15.13207163070327,-98.52,9.950356777523107
1071,50.84,4.683417555589081,14.16,9.087045724546565,-10.3,1.7578395831246947,-76.34,7.845023900537206,69.5,7.697402159170326,-99.52,10.190662392602357
1072,40.088235294117645,13.68848302311284,17.916666666666668,9.316577220799015,-27.5,21.440486105600414,-65.45454545454545,30.193407778490936,56.970588235294116,13.23872504550381,-97.3030303030303,15.775863513771357
1073,48.61290322580645,2.980337925793832,12.82258064516129,0.609711553917284,-13.096774193548388,0.6650170363899451,-76.41935483870968,2.310902540460944,68.40322580645162,6.849675474816436,-97.0,3.2378806290136666
1074,53.51898734177215,15.787241090608715,22.493827160493826,13.37597206047916,-12.304878048780488,1.954912663449001,-78.40243902439025,4.568876032187948,77.18987341772151,14.608889221558714,-100.82926829268293,7.862856301669385
1075,65.35714285714286,19.94494974694505,37.142857142857146,21.13175384127317,-23.0,10.972693379476162,-68.92857142857143,22.82061813897463,82.57142857142857,15.532060325635607,-97.23076923076923,19.678781412217134
1076,44.21875,6.163067291333107,20.625,7.300470875224419,-13.454545454545455,3.6687947743664724,-74.6969696969697,4.267458604190048,57.90625,8.67957147199676,-94.60606060606061,4.578867095157358
1077,60.78947368421053,17.506627158303047,27.958333333333332,14.228724370871138,-10.653846153846153,0.47574295680203776,-74.34615384615384,10.748675437868568,92.0,20.649964954730045,-102.24,10.397230400447997
1078,53.883720930232556,21.681316898051836,30.95402298850575,19.608178006513093,-18.816326530612244,6.3138121004917895,-51.175257731958766,14.27420014859074,70.15116279069767,17.11487687001647,-75.20618556701031,17.465688392305392
1079,41.0377358490566,16.72075003300011,20.87037037037037,16.578708228613365,-15.210526315789474,7.7090442261597145,-78.82456140350877,4.761404801613291,72.41509433962264,17.410075116355408,-100.58928571428571,9.425983817001137
1080,39.1,7.845805673521788,15.8,3.0919249667480613,-12.5625,2.524102563288584,-71.125,1.192424001771182,66.1,15.499139761074913,-90.35483870967742,3.9230369004602204
1081,46.09090909090909,20.985368115216122,21.323529411764707,16.479435648952258,-20.23076923076923,6.802946339305016,-63.23076923076923,2.5566558532336274,64.75757575757575,22.00279638292604,-84.17948717948718,3.3194979143963605
1082,49.72727272727273,18.04921340898809,25.55263157894737,18.927420054431543,-35.794871794871796,25.015051353421857,-57.833333333333336,28.237583308617452,79.63636363636364,19.90708444296361,-104.66666666666667,20.253943374617748
1083,58.142857142857146,19.666349588127662,35.96969696969697,18.789882591090358,-20.186046511627907,7.965786765193652,-62.404761904761905,7.961393524256453,81.39285714285714,14.878890333321918,-82.11904761904762,12.602347439970556
1084,42.333333333333336,9.760627094087821,25.5,18.484227510682363,-21.48148148148148,8.265817027889375,-70.26923076923077,13.349035379462075,68.95238095238095,13.636352642062496,-101.28,8.977839383727023
1085,26.105263157894736,14.58512124642278,22.76,23.821469308168208,-24.344827586206897,3.1434207379526415,-84.93103448275862,2.911700942425455,59.89473684210526,27.2568576341559,-103.37931034482759,3.0784433269883644
1086,49.48,13.885589652585878,24.153846153846153,18.93245546204943,-27.82758620689655,11.846922968803977,-105.07142857142857,24.004357597600258,71.2,12.924395537122809,-126.67857142857143,25.453113157092496
1087,51.27272727272727,15.096202065566283,21.324324324324323,14.151791127310704,-17.205128205128204,14.151523406586064,-80.35897435897436,13.12169309644496,70.6969696969697,13.363189712868408,-103.57894736842105,6.243445316352386
1088,34.72727272727273,13.101637018402833,21.133333333333333,13.734951360994653,-50.645161290322584,27.430320387973754,-70.3,36.62935980876543,65.72727272727273,5.9786120172572295,-112.45,13.162351613598537
1089,43.9054054054054,4.070888471053286,18.373333333333335,9.153175526680466,-9.72,2.5641632813323985,-72.25333333333333,9.003841155615506,71.32432432432432,16.941958235923813,-95.96,12.978382025506878
1090,53.833333333333336,2.9335227211589068,29.6,6.354001363970056,-10.1,1.1930353445448854,-79.16666666666667,9.936744380776275,75.36666666666666,9.474468615999292,-100.23333333333333,3.3831280725913344
1091,34.1875,9.461889015941795,17.09375,10.551538320903735,-19.21212121212121,6.366377476016153,-73.60606060606061,2.7954442801815302,56.78125,14.488647225931757,-94.6969696969697,6.667355336330884
1092,42.44827586206897,9.936301285400164,13.913793103448276,4.843354789024466,-17.208955223880597,9.575368452336187,-80.8955223880597,9.92078223979837,64.41379310344827,11.459124481749393,-102.50746268656717,9.841085267066957
1093,37.54545454545455,4.459181261247536,16.09090909090909,3.2179763673505195,-17.76,5.383530440147989,-71.41666666666667,1.8008485654145259,57.95454545454545,11.702669752618116,-93.375,4.553501400021746
1094,47.172413793103445,13.683790978852064,17.103448275862068,5.247954133960413,-12.333333333333334,3.134042472944842,-84.13793103448276,3.421273587534473,72.13793103448276,16.128202195663636,-110.86206896551724,10.163233730329766
1095,43.21052631578947,19.781913449486925,28.0,22.326580357864714,-24.291666666666668,9.645720841676663,-107.29166666666667,8.681777691745445,71.57894736842105,27.296261146467977,-134.1304347826087,8.818480337514963
1096,43.972972972972975,13.8261141215445,19.17948717948718,15.874300783909849,-15.307692307692308,16.7456903696625,-85.91891891891892,21.983259451877487,69.72972972972973,19.23770038604329,-104.27027027027027,19.20536052512233
1097,38.166666666666664,13.136040330158687,12.083333333333334,1.6308654825650772,-14.125,9.22547424255252,-85.25,1.3307266185559425,54.958333333333336,16.944711974208616,-104.91666666666667,1.9561157657175836
1098,34.333333333333336,8.886110676947647,14.11111111111111,3.3920750049941657,-25.724137931034484,13.972624840970012,-84.51724137931035,7.69962242538296,74.66666666666667,22.295988677587523,-114.3103448275862,13.633385615076314
1099,43.885714285714286,5.735958898893533,20.114285714285714,5.68090248650903,-9.333333333333334,0.7817359599705717,-65.42857142857143,16.22746475099847,60.542857142857144,8.254324778624865,-91.68571428571428,16.531824596510695
1100,47.5,10.931605554537724,16.7,8.149233092751734,-19.475,4.068092304754159,-71.55,5.1766301780212185,73.65,17.9004888201412,-90.51282051282051,7.705714811920834
1101,50.95454545454545,15.531426419088822,22.48,11.107186862567858,-29.82758620689655,17.7299064811063,-89.52,11.063887201160359,76.36363636363636,14.230394661828779,-111.64,8.389898688303692
1102,54.88235294117647,1.6227193204863202,18.323529411764707,3.6839923056323665,-21.714285714285715,2.864276807966203,-67.68571428571428,3.178242358568005,70.76470588235294,5.7397418651190835,-90.52941176470588,3.2560829419054227
1103,32.791666666666664,9.742429397001322,15.290322580645162,0.886950134507582,-69.48387096774194,1.643579251981548,-104.2,1.2489995996796797,62.958333333333336,12.726216925002586,-122.9,4.678675026115834
1104,37.04347826086956,15.152782097456749,17.73913043478261,12.403426564792655,-11.115384615384615,0.7507392806131976,-77.1923076923077,9.012893459966675,74.95652173913044,23.445548869982655,-103.76923076923077,3.3889831956785677
1105,55.892857142857146,12.384723555696365,43.70967741935484,19.030016270376137,-12.8,0.6782329983125268,-90.55,2.842680659752926,75.39285714285714,13.194531566725137,-119.65,6.074056854085798
1106,40.2,8.990365213197219,27.705882352941178,18.650862480868728,-9.137931034482758,0.5067909812654852,-90.96551724137932,20.99668735550623,71.8,19.6509541753066,-118.6896551724138,13.151906766900073
1107,34.714285714285715,17.272722390390875,12.571428571428571,2.896162133244756,-16.214285714285715,4.2958214153585415,-83.92857142857143,2.2508501795126756,73.64285714285714,24.563640792431233,-106.14285714285714,5.221619109284876
1108,47.42857142857143,10.913388145591018,22.785714285714285,11.766651249724923,-14.866666666666667,17.636578151356034,-76.89655172413794,13.210092347653422,69.67857142857143,12.961629007598246,-100.75,6.722164829874376
1109,49.51428571428571,11.159547939055669,32.34,18.996431243788923,-23.842105263157894,10.164937109744457,-74.75,14.700699878681863,71.25714285714285,7.87887902520895,-93.92156862745098,7.548128289626696
1110,62.61764705882353,21.55705794872863,23.864864864864863,20.085172912566236,-10.282051282051283,1.5012596070055846,-72.53846153846153,8.761354987836054,85.67647058823529,18.52140349820317,-98.38461538461539,14.364513583588435
1111,53.464285714285715,8.886113335090974,25.2,12.391932859727735,-22.266666666666666,9.143060513611161,-86.76666666666667,9.735444976419357,77.5,8.805436632314963,-103.6,9.00592397628731
1112,41.23076923076923,7.752457140544302,12.666666666666666,11.06211419080324,-23.035714285714285,9.443373121844088,-84.0,1.0690449676496976,64.92307692307692,14.522987287858982,-103.39285714285714,6.258361753425149
1113,39.608695652173914,2.599985458734966,15.391304347826088,2.79345711377548,-19.666666666666668,8.96133670584671,-86.0,1.707825127659933,82.47826086956522,24.18384218982546,-106.16666666666667,3.782268572636739
1114,36.93939393939394,10.659863532981154,18.789473684210527,13.85670632759847,-12.256410256410257,11.978009655984973,-66.48648648648648,3.374159527954725,62.484848484848484,16.684453318967353,-90.4054054054054,14.856902044139618
1115,45.76923076923077,15.136069229359926,26.214285714285715,22.162318636526702,-16.066666666666666,10.999797977942848,-69.4,21.99030089228734,74.15384615384616,14.696133211186769,-98.66666666666667,24.499433100017278
1116,42.57692307692308,5.812275318556256,19.5,8.269421583964222,-15.375,14.185710239533304,-79.74193548387096,4.996564897009866,64.5,9.357226742346917,-101.25806451612904,5.599353314823486
1117,37.857142857142854,1.944117238423314,10.314285714285715,0.5742786069211937,-19.36111111111111,5.116165978639439,-82.02777777777777,2.833197164483882,59.8,8.22817459360563,-103.63888888888889,4.321475942428426
1118,49.92307692307692,6.810190762735804,18.76923076923077,7.381409560550865,-37.714285714285715,25.706943396201545,-101.11111111111111,9.488134240092974,74.84615384615384,13.03749712793628,-122.25925925925925,6.034423428793327
1119,36.31818181818182,17.93266791396073,15.545454545454545,12.160768788224745,-9.192307692307692,1.209552707193568,-84.3076923076923,16.71657222585565,74.68181818181819,24.867624742435265,-107.42307692307692,15.55924923273583
1120,44.07692307692308,4.673353901256627,19.576923076923077,6.697721064333846,-10.37037037037037,0.5543196128553987,-77.03703703703704,3.132641548709704,70.34615384615384,15.898578329505073,-102.4074074074074,3.870680476678193
1121,34.627906976744185,0.7478109391076059,12.581395348837209,2.3745996787662906,-16.13953488372093,5.568104330037151,-76.76744186046511,1.507148999629735,53.23255813953488,16.27215800113991,-96.95238095238095,3.0468749091516933
1122,60.65384615384615,25.78004939377662,20.807692307692307,11.183845598311159,-14.73076923076923,14.28435855781715,-40.11538461538461,27.444106727726453,81.73076923076923,22.85499052102136,-103.84615384615384,22.754022987818605
1123,54.11538461538461,8.758850131227375,26.423076923076923,12.44425439532724,-54.44444444444444,21.274803969734183,-104.2,24.229321080046798,75.46153846153847,11.321289574652532,-121.42105263157895,15.21535162944834
1124,62.42424242424242,15.740375227575322,30.72222222222222,12.904803393205336,-36.21621621621622,22.147094416387574,-83.82857142857142,17.68693741443218,87.03030303030303,17.491963260196137,-111.37142857142857,20.95994235854358
1125,53.125,3.9745282738961616,21.75,6.329494450586082,-13.121212121212121,4.043382740392952,-75.6969696969697,2.779632071628758,75.3125,7.354579780653685,-94.65625,4.441349562632961
1126,55.775,21.944802915496872,18.825,8.236769694485817,-15.15,14.351916248362096,-67.325,17.319623985525784,76.65,19.919274585185075,-100.3,25.515877409957902
1127,26.142857142857142,6.334228364970104,11.578947368421053,8.399973618214737,-52.27777777777778,21.12346129979532,-72.18181818181819,27.76465438390781,51.5,8.330237520194556,-93.81818181818181,29.179127601820205
1128,40.388888888888886,19.42832665319404,18.136363636363637,12.012476296620088,-20.866666666666667,8.781546307772656,-79.57142857142857,17.374232229892385,60.55555555555556,22.038406431153124,-104.71428571428571,18.30727895087181
1129,46.48148148148148,1.7923783159352384,13.777777777777779,3.337034981706935,-21.6875,4.454193950649208,-79.15625,1.3488276159317023,69.44444444444444,10.496325047661816,-99.4375,5.488268738864743
1130,53.22222222222222,18.63108381041257,17.555555555555557,12.453121974572491,-22.833333333333332,9.193898943200201,-63.333333333333336,12.616127245183709,79.83333333333333,16.625783189572356,-100.91666666666667,20.23799369722426
1131,43.81578947368421,10.132945909151193,15.552631578947368,4.660570150466982,-9.210526315789474,0.7999307449247717,-67.34210526315789,10.690074874902649,84.05263157894737,17.832476830684442,-87.23684210526316,8.942607092266114
1132,41.458333333333336,4.12289508584549,18.357142857142858,4.52938253213934,-9.444444444444445,0.5545445345984162,-64.72727272727273,7.3550891909226985,71.03125,14.876192616756256,-82.62626262626263,6.759334523734915
1133,23.451612903225808,4.1724032656787164,8.419354838709678,0.5549887269059759,-57.225806451612904,25.39965668731581,-97.51724137931035,33.97019047143942,46.61290322580645,2.8133027239245347,-118.96551724137932,23.630025841801054
1134,51.375,13.628439932728911,30.666666666666668,15.121728296285006,-30.555555555555557,18.373356985417235,-83.0,14.727148022916348,72.875,17.503124721031956,-111.33333333333333,6.5659052011974035
1135,28.363636363636363,12.24204919917582,10.23076923076923,2.5466069780379765,-54.96551724137931,19.414681182602937,-84.61538461538461,27.098221518532462,42.95454545454545,12.889309427609422,-114.6,14.11382301150188
1136,45.39393939393939,4.471725271684052,17.12121212121212,5.62870121063829,-10.882352941176471,0.9629826790438176,-73.60606060606061,1.8576523786659518,64.36363636363636,8.252889968820956,-95.48484848484848,5.015860977008784
1137,36.8,6.65432190384565,15.18,3.427477206342881,-9.42,1.0970870521521983,-58.98,2.634312054408133,70.92,12.084436271502282,-82.85714285714286,4.593695768803864
1138,60.03448275862069,11.006213789212012,30.700854700854702,8.97124080953403,-13.78225806451613,9.407067079072888,-51.56140350877193,7.658311718717143,70.65517241379311,3.55523763276745,-78.08771929824562,12.004795389437472
1139,40.3125,7.897537195227383,15.420289855072463,8.239892002073761,-10.485714285714286,4.3776799372102415,-56.338235294117645,5.282073718547109,62.0,8.946018667541445,-77.43283582089552,5.031909760589597
1140,38.19047619047619,8.501833869132117,17.015625,3.870934106824217,-12.301587301587302,11.397068574139944,-75.80645161290323,8.9186985700349,59.476190476190474,14.045116807006234,-101.24590163934427,7.289461824801829
1141,47.97222222222222,12.175763975827625,16.897435897435898,9.510574066080537,-9.625,0.4841229182759271,-69.45,8.261204512660367,69.47222222222223,17.318080005062008,-96.95,9.428547077890633
1142,60.111111111111114,2.23330569358242,32.370370370370374,10.99881524982863,-10.676470588235293,1.230030803901558,-75.60606060606061,2.436333483908095,82.18518518518519,5.354382331407764,-96.33333333333333,3.1107503398324456
1143,59.0,15.250843756793184,24.470588235294116,13.720391209732208,-41.23529411764706,19.30111064090143,-65.41176470588235,16.528260374384843,77.6470588235294,15.988750370441853,-82.17647058823529,20.974032387742614
1144,39.878787878787875,23.246710520972933,20.428571428571427,14.006703934260937,-51.542857142857144,25.738623403241235,-61.85,37.467686077472145,56.18181818181818,16.1103289762971,-95.4,13.547693530634653
1145,72.37037037037037,7.6407685678385935,18.071428571428573,7.406216363051145,-15.96551724137931,12.30218023463991,-43.13793103448276,14.37604362132156,92.96296296296296,9.968400003423714,-101.6896551724138,8.375265094212558
1146,44.80952380952381,11.12106130435164,17.772727272727273,23.813540491573306,-12.73913043478261,0.5289358721998452,-85.0,3.9657625656704067,83.14285714285714,21.691090368179843,-107.63636363636364,8.282212344676635
1147,49.357142857142854,22.01333084051293,12.892857142857142,4.753489588218966,-13.857142857142858,4.997958767010258,-67.67857142857143,27.942611560416584,69.75,16.198820503798594,-93.32142857142857,26.533070431644585
1148,46.35,1.2757350822173075,20.85,5.012733785071775,-17.714285714285715,4.333071682315172,-77.4,1.2806248474865698,67.25,11.74680807709056,-101.7,4.838388161361178
1149,43.85294117647059,6.179341069674284,14.0,6.018490028422596,-15.08108108108108,19.332619652159078,-72.06060606060606,10.045168879342382,61.029411764705884,8.042114494107391,-92.33333333333333,12.104761564163606
1150,51.55555555555556,9.09755088464832,27.185185185185187,9.695501198196252,-21.551724137931036,1.0695215461566083,-88.07142857142857,8.084060911220705,76.18518518518519,11.205279962579272,-115.92857142857143,9.357688097527735
1151,37.734375,3.0783629349664086,9.921875,1.5642958429833533,-19.0,3.8365023133057017,-57.95161290322581,3.013022377971343,54.828125,5.853830710259309,-80.1774193548387,4.9563390285650355
1152,43.72,16.128285711754984,19.52,3.0215227948834014,-50.23076923076923,14.993095057668516,-114.3913043478261,11.772256000535963,70.16,12.174333657330079,-141.0,9.956426807977282
1153,40.65853658536585,8.400376751416253,18.121951219512194,2.7067676876107476,-10.023809523809524,0.3442102927333562,-73.57142857142857,7.562888265177836,73.2439024390244,17.923659915624647,-99.23809523809524,10.467203937854846
1154,53.44444444444444,4.288946459026396,21.59259259259259,6.750908083001154,-13.62962962962963,5.396488214386368,-84.74074074074075,3.8160731473751874,78.51851851851852,10.643622226549988,-109.0,6.922855330420095
1155,50.30434782608695,2.835102675982801,23.391304347826086,7.789285452716066,-15.25,5.629165124598851,-70.33333333333333,10.510576683618375,69.26086956521739,8.044535770670391,-97.30434782608695,8.415486669172319
1156,50.607142857142854,12.312419066345418,24.413793103448278,13.26524429861815,-13.8,7.15461888772361,-57.6764705882353,25.267650311200978,69.5,10.404326023342406,-93.0,24.17582652641465
1157,37.516129032258064,1.9817061359235701,18.0625,8.634731828493575,-11.34375,0.6896273903348097,-76.09375,1.7916363854030204,60.064516129032256,15.58107926998261,-98.61290322580645,3.832605610394619
1158,31.055555555555557,12.699397283258158,11.75,8.917445448856602,-28.514285714285716,20.779621100039925,-63.94285714285714,21.604156818462844,51.02777777777778,9.742478897166183,-89.31428571428572,17.423746404706144
1159,31.34375,11.19879841489702,15.84375,11.935004647569267,-17.424242424242426,6.976281474679599,-75.24242424242425,11.565440428486363,57.125,17.65423107926256,-102.48484848484848,9.335891030891455
1160,39.76,13.164436942004013,16.6,8.26559132790873,-15.875,12.778766568022126,-73.12903225806451,17.265931279095355,57.52,16.19906170122208,-105.41935483870968,14.193988262978568
1161,37.13333333333333,3.3239868966181088,11.9,1.6802777548171413,-23.551724137931036,6.134055343602866,-74.3103448275862,2.829688032955675,59.06666666666667,11.316458024586236,-95.51724137931035,3.8829484855887575
1162,49.5,1.8027756377319946,18.4,7.6733304373003515,-9.72,0.44899888641287294,-96.52,26.870236321997613,73.66666666666667,11.319844914524621,-127.28,22.674249711952985
1163,46.51724137931034,1.5451970001660742,23.310344827586206,4.56450660759179,-16.275862068965516,6.927688332780816,-84.79310344827586,1.214263231838552,69.24137931034483,13.528144793199798,-104.37931034482759,3.8543642358120196
1164,47.34782608695652,2.1989858463307463,20.916666666666668,7.123416003263853,-17.09090909090909,7.128107557786421,-69.3030303030303,1.0866921864873398,70.30434782608695,12.012438418097394,-88.40625,5.819468269309491
1165,43.0625,23.123226283328197,25.894736842105264,21.2600310363741,-14.9,6.913031173081748,-58.6,30.310724174786717,64.9375,18.48130389745269,-117.1,23.119039772447294
1166,77.23333333333333,8.819234030735826,41.10526315789474,17.82486358356925,-36.08108108108108,23.398288662737222,-83.96969696969697,25.003617736403122,95.5,4.937948291885339,-108.57575757575758,22.25204151755084
1167,50.23076923076923,15.080062467498887,28.302325581395348,15.659954681868744,-12.482758620689655,0.5942651013660029,-70.88679245283019,19.212476662912618,63.87179487179487,13.762042721026495,-89.90566037735849,15.0812443194943
1168,43.916666666666664,7.2509577911396565,14.805555555555555,6.248641827738091,-21.916666666666668,4.499228328897696,-69.86111111111111,2.770406887261807,65.33333333333333,11.16542281629615,-96.16666666666667,7.959969290839702
1169,28.65,5.062361109205861,10.846153846153847,0.36080121229410994,-55.48,17.123364155445625,-99.25,19.399849655774826,60.35,1.9563997546513854,-123.25,16.535945694153693
1170,30.214285714285715,13.32297641971463,17.94,18.52610050712238,-10.98,8.085765269904885,-70.1,10.772650555921695,68.4047619047619,17.832633974461544,-92.34,9.515482121259017
1171,31.020408163265305,13.031343370408301,9.98,5.739303093582006,-67.14,12.587311071074712,-105.25,12.566414473797716,62.10204081632653,19.552383745231243,-134.0681818181818,16.400384872524857
1172,40.07692307692308,17.00208828106594,17.214285714285715,16.5558732411042,-19.448275862068964,13.735396525656023,-77.82758620689656,11.599848291270856,66.23076923076923,19.27993714542039,-109.27586206896552,13.248022758716028
1173,31.61764705882353,2.18301876635453,15.4,5.351635264103861,-10.277777777777779,5.215421103223651,-72.58333333333333,1.6562172428626492,54.88235294117647,9.31401444340211,-95.61111111111111,2.8604368137457774
1174,53.214285714285715,18.358254552219325,11.5,8.797321020791337,-15.8,12.565561401438988,-69.0,18.818430682002507,69.78571428571429,16.72115243562806,-92.06666666666666,18.91548454456178
1175,39.40909090909091,2.516474642848438,18.272727272727273,3.707263364382488,-25.16,12.895518601436702,-75.2,13.224220203853232,57.90909090909091,9.099995459085235,-96.0,14.496896219536097
1176,54.22857142857143,26.313587705958753,17.555555555555557,15.67454490646192,-15.555555555555555,8.036183603774882,-73.16666666666667,11.565033506220377,81.11428571428571,23.073511626441046,-97.19444444444444,14.6416822129389
1177,23.5,2.5,8.1,0.7,-76.0,22.004544985070698,-108.625,22.638117744194194,73.5,33.5,-135.875,19.10783543471107
1178,34.25806451612903,7.426924609630017,20.529411764705884,13.30907539573179,-9.972972972972974,0.49245586914293504,-71.11111111111111,3.2895269651305474,52.83870967741935,10.874939448681403,-94.94444444444444,5.4003314941689995
1179,46.38461538461539,18.843641904809335,20.103448275862068,12.424516441256326,-30.93548387096774,23.501455663729764,-65.41935483870968,28.836328111231598,66.26923076923077,16.28958537581532,-103.16129032258064,17.281533635261674
1180,43.370370370370374,11.36318991516075,18.703703703703702,8.072884723818392,-26.392857142857142,12.151834916453346,-69.35714285714286,9.468799462725258,72.33333333333333,14.646450714030294,-95.71428571428571,16.643010422347494
1181,53.10204081632653,16.944380680668008,16.5,11.926860441876563,-30.381818181818183,12.966377371832133,-70.0,18.433171679931217,70.59183673469387,16.440267100649287,-87.14545454545454,15.556837937433501
1182,39.21568627450981,13.320062599938568,12.784313725490197,5.142341442321722,-10.470588235294118,1.9235683872048193,-64.96078431372548,12.037459155247994,64.70588235294117,12.466888093315719,-85.0,13.725602240439036
1183,62.69230769230769,24.5885671224676,20.321428571428573,5.849624966175008,-18.413793103448278,22.319802930441508,-36.592592592592595,28.753433623313853,88.03846153846153,24.54114405400225,-113.5,11.71865705091343
1184,43.166666666666664,8.610394235392993,15.6,9.43610088966836,-9.580645161290322,0.5549887269059759,-75.64516129032258,9.852290996372938,67.43333333333334,11.438774215603503,-98.74193548387096,12.983780805136755
1185,52.648648648648646,5.353534908047893,25.42105263157895,7.614499945385944,-21.102564102564102,7.62517716244753,-74.07692307692308,9.126980615073585,79.5945945945946,11.026894540804534,-102.07692307692308,10.678001866729455
1186,56.61538461538461,16.45057147260082,10.078947368421053,0.5322039056883339,-52.26315789473684,13.411864760110365,-93.64864864864865,20.914518707549647,70.34615384615384,15.521554015408846,-107.5945945945946,17.10296237886711
1187,49.026315789473685,2.6206351390180123,25.55263157894737,4.96671748224886,-8.871794871794872,0.40379527559034933,-78.15384615384616,2.655796384866472,73.84210526315789,15.436672527645387,-98.66666666666667,2.004268948293621
1188,26.5,11.324751652906125,9.642857142857142,2.793030685145308,-29.357142857142858,21.446302188279926,-62.642857142857146,28.711886893403435,43.714285714285715,17.330520441565227,-83.23076923076923,17.677251118332617
1189,54.189655172413794,11.748010684941843,14.788135593220339,0.8218591461988786,-47.76724137931034,11.075258040599955,-75.5632183908046,13.000177849734182,77.03448275862068,2.8373464852373846,-89.67816091954023,10.844241284275084
1190,35.89655172413793,9.420001321178399,12.954022988505747,3.532795597696492,-10.213483146067416,4.545579183655751,-63.58426966292135,7.268230065623436,68.16091954022988,15.203503500663118,-86.64044943820225,9.488310005701617
1191,27.134615384615383,9.000061636869807,10.150943396226415,3.0739086200378796,-11.377358490566039,3.263441955939526,-57.75,6.318090631731175,63.98076923076923,20.006239781066174,-75.17307692307692,7.485167779441589
1192,31.137931034482758,18.184351245016696,12.195402298850574,10.348900858356247,-48.04597701149425,19.103413696249323,-83.75294117647059,24.341639889825657,54.59770114942529,22.62257024235881,-102.09411764705882,20.15564351237449
1193,40.529411764705884,14.324465484571672,19.97142857142857,7.113310317529342,-19.941176470588236,7.7949500110482095,-79.6969696969697,8.188997972094052,73.17647058823529,21.80052696102887,-107.72727272727273,13.216777050108945
1194,47.774193548387096,6.110327996155651,17.258064516129032,8.976556355075015,-41.29032258064516,30.592212321678396,-80.36,20.435028749673926,67.03225806451613,9.222986259683244,-104.8,15.6
1195,47.55882352941177,9.840466202701231,23.029411764705884,12.101252473140336,-8.735294117647058,1.1455495349500264,-83.79411764705883,6.461557869725088,65.52941176470588,11.30131510857878,-100.76470588235294,8.680806493873886
1196,42.47222222222222,7.084749313808229,17.63888888888889,6.27673295140154,-11.81081081081081,5.540210932845759,-66.77777777777777,12.19770267785225,62.666666666666664,10.400320507881798,-91.16666666666667,14.705441169852742
1197,38.67741935483871,10.446135561966457,15.838709677419354,4.663494288645471,-14.290322580645162,14.554000776611877,-80.2,5.957628163399704,64.87096774193549,12.813153361428073,-102.03333333333333,6.559894985609315
1198,35.68292682926829,17.27459579053453,12.78048780487805,3.353281575266535,-10.560975609756097,1.8876851288672534,-71.1951219512195,15.372162854939655,64.8780487804878,20.452437533721774,-94.875,13.862156217558653
1199,43.45454545454545,10.534477044997072,14.431818181818182,7.129955142255701,-20.522727272727273,18.218981904949917,-68.4186046511628,17.02014204589092,72.3409090909091,16.04530968258068,-93.88372093023256,17.791047268187004
1200,34.92857142857143,2.1032045520479223,11.178571428571429,0.9278843611976128,-23.0,4.543441112511214,-92.39285714285714,1.838852237408,57.035714285714285,12.18747056511359,-112.67857142857143,5.843516379156422
1201,37.77777777777778,2.9917582261858358,13.951219512195122,10.840194444102963,-11.80952380952381,4.816826139581635,-62.92857142857143,1.843816656814223,59.22222222222222,16.394631762173983,-84.92682926829268,5.110440026410016
1202,44.20338983050848,6.427640685370921,24.10169491525424,5.460784432550667,-11.627118644067796,11.06819891811709,-84.10344827586206,8.425514729333822,61.94915254237288,11.093476062363065,-105.27586206896552,7.060802688198041
1203,44.96296296296296,8.07594269915963,16.0,10.288432915262257,-10.777777777777779,5.166367972250076,-69.14814814814815,9.80817385390484,70.96296296296296,15.261866012510183,-90.44444444444444,6.4367770479823285
1204,39.225806451612904,10.600394628744708,14.393939393939394,7.07509243515757,-20.454545454545453,12.44159911063494,-80.375,2.2465250944514286,60.516129032258064,14.210107642419784,-102.15625,6.124282483483269
1205,42.0,2.5185029566901727,16.1,5.135729187341782,-9.52112676056338,0.6469681170623014,-70.29577464788733,2.2416943176992614,62.05714285714286,9.331797735677293,-95.11267605633803,5.002954889608227
1206,44.94444444444444,5.32783281167266,18.08108108108108,6.218448482858599,-19.86842105263158,5.9168406071216,-71.6842105263158,1.5235910343294872,75.72222222222223,16.334372604880226,-92.76315789473684,6.0106668800966085
1207,31.70967741935484,6.901115143114363,15.90625,8.024802859728082,-14.75,5.695392874947259,-77.40625,4.615594321157352,57.38709677419355,16.049675746608713,-102.96875,4.1116022956385265
1208,27.285714285714285,5.053455744932016,9.428571428571429,0.7284313590846835,-52.11904761904762,20.590337980241838,-83.02564102564102,29.24475598794106,49.23809523809524,2.0909046095333474,-104.61538461538461,20.27833931476864
1209,35.12,17.971800132429696,16.72,9.044423696399898,-9.222222222222221,1.4229164972072998,-89.29629629629629,2.2079790460427975,57.56,23.74545009049102,-110.70370370370371,7.357610395163862
1210,52.130434782608695,11.946636229594858,20.5,11.875151820891839,-12.482758620689655,7.499980182296451,-82.37931034482759,1.399847112426513,79.8695652173913,11.421963388010445,-103.92857142857143,5.939748500138534
1211,44.24528301886792,8.236837780241489,23.69811320754717,3.6733867241171194,-34.127272727272725,11.937800232042976,-95.12962962962963,16.658938537498692,64.11320754716981,14.954850765211747,-115.4074074074074,14.956131553855808
1212,40.86842105263158,1.0802303027249363,12.342105263157896,0.47441464150841967,-14.692307692307692,2.971262756281226,-70.58974358974359,1.0553392629362397,59.3421052631579,7.57167962938028,-93.23076923076923,2.655053608629076
1213,22.8,4.935585071701227,8.5,0.6267831705280087,-26.071428571428573,22.30779583692752,-79.85714285714286,16.51344535676975,59.2,23.68037161870565,-104.71428571428571,21.515537812170507
1214,36.84,1.3763720427268202,13.2,2.116601048851672,-20.964285714285715,3.1789726873533812,-88.0,0.9258200997725514,60.16,16.168314692632624,-108.5,1.9548474547720014
1215,47.2,13.174217244299564,28.608695652173914,20.779879755342733,-17.357142857142858,17.35802466895825,-86.92592592592592,11.51786350406258,67.75,15.102566007139316,-108.55555555555556,9.507631762347291
1216,57.48936170212766,4.635075984254182,34.638297872340424,8.650238053334554,-10.927272727272728,0.420153454846958,-78.16363636363636,1.9887285692909555,83.57446808510639,12.278236550994324,-101.12727272727273,3.926851829297382
1217,53.96,17.163869027698855,24.72,7.856309566202187,-21.884615384615383,20.058236219485657,-44.36,25.293287647120923,93.84,20.573147547227673,-109.56,21.872503286089593
1218,43.0,1.364576478442026,14.10344827586207,3.0325228780580207,-12.344827586206897,0.4753120259341457,-73.03448275862068,1.9910620735520068,62.206896551724135,11.766050842894328,-99.27586206896552,6.957489399172357
1219,47.193548387096776,5.991495881065093,17.870967741935484,6.084045425610735,-14.8125,5.4625858116829615,-87.375,13.066536457684569,72.3225806451613,11.377360362761722,-110.25,9.536115561380326
1220,46.303030303030305,2.2085899585804363,20.303030303030305,6.369838247719642,-9.757575757575758,0.49422746758485114,-80.45454545454545,0.7820295697311479,71.39393939393939,7.269443703193709,-100.65625,3.1584150989855657
1221,54.73684210526316,21.39193676245219,23.357142857142858,19.02982800083849,-12.104651162790697,9.149951162364825,-65.79069767441861,6.160859723813408,79.60526315789474,15.822268573927214,-89.54651162790698,10.049478728520256
1222,54.0,2.860387767736777,21.90909090909091,7.470603546927912,-12.541666666666666,2.7382958001079594,-86.875,5.387582172613859,88.86363636363636,17.147211420640158,-113.125,4.639616543063302
1223,46.354838709677416,13.648935648204374,15.32258064516129,5.088805530511785,-22.96875,6.483075924088812,-72.75,4.107919181288746,73.6774193548387,11.574128816304041,-99.125,10.379517088959389
1224,38.32142857142857,4.375692365040005,11.586206896551724,0.5581522088358155,-10.533333333333333,0.4988876515698589,-68.76666666666667,9.35835930539584,70.92857142857143,16.04887306107853,-89.93333333333334,10.834922960296282
1225,51.77777777777778,21.33998738819672,29.097560975609756,21.93427530317677,-17.488372093023255,15.074037580483399,-61.325,14.59347028639864,71.5,18.229249999809525,-89.975,19.487800671189145
1226,54.205128205128204,20.90905764615493,28.727272727272727,20.237637793751382,-25.444444444444443,6.839608681319439,-66.5111111111111,3.8564360185840107,75.17948717948718,16.795713425770426,-90.62222222222222,7.418561971729768
1227,40.43333333333333,1.764149149653232,19.0,2.4626238301925567,-10.419354838709678,0.49345350131543075,-78.54838709677419,1.719690701324108,59.3,9.812067400230529,-100.43333333333334,6.391052773648138
1228,43.53846153846154,16.859671429481036,15.307692307692308,5.454491661918719,-9.846153846153847,2.412982637132019,-70.46153846153847,19.377287992410817,67.15384615384616,18.35901017042776,-93.53846153846153,21.528569156839673
1229,39.06666666666667,11.369354520913765,19.442622950819672,6.929444398904291,-29.953125,13.59851748296023,-96.01666666666667,10.988617848584154,54.483333333333334,14.326539087379835,-113.73333333333333,11.45988171356445
1230,50.88,18.98277113595378,19.8,15.341447128612083,-18.96153846153846,23.626062481978813,-95.45833333333333,19.474297519779473,78.84,17.25729990467802,-120.875,15.99560486508716
1231,55.8974358974359,14.172553597593486,27.89090909090909,15.490375577667251,-11.051724137931034,3.2239535259822256,-58.06896551724138,11.551775604620296,68.38461538461539,10.972261961162735,-79.79310344827586,12.021186212467375
1232,53.869565217391305,2.1863412855181563,21.855072463768117,5.876199507072825,-16.7,0.7240757655699537,-72.97101449275362,1.7107589170463875,80.95652173913044,13.700137291821012,-93.72463768115942,3.383181154445845
1233,55.666666666666664,10.598338847422568,35.41860465116279,11.4510739988623,-38.80434782608695,16.210060704788557,-81.6875,16.28157989109165,71.6923076923077,12.216327548699745,-109.71875,19.55798170664601
1234,46.40983606557377,1.9533665699842566,14.885245901639344,2.516166487335725,-22.542857142857144,1.9470542899886654,-74.48571428571428,0.7119963311072636,62.80327868852459,4.040044116506194,-93.98571428571428,1.6517770270041825
1235,38.45161290322581,2.0765776696040104,17.096774193548388,4.8350523812733,-9.484848484848484,0.4997703788627467,-75.42424242424242,1.4980857084010029,58.45161290322581,12.595028998103153,-93.78787878787878,1.8870784820533655
1236,49.666666666666664,13.757537616515583,22.708333333333332,12.524905743712763,-9.407407407407407,1.063162969956098,-63.851851851851855,10.91279813967579,79.57142857142857,20.929749682418745,-89.37037037037037,16.27574461663087
1237,48.583333333333336,16.780238046252173,21.333333333333332,9.775252199076785,-20.708333333333332,11.62066824909633,-89.16666666666667,2.823512391016236,80.58333333333333,22.371702115743354,-116.66666666666667,14.918296000400163
1238,40.44444444444444,5.644291336506118,16.61111111111111,5.982742671763779,-13.416666666666666,5.889609494694874,-66.33333333333333,8.383184226639527,73.97222222222223,19.527027012595063,-93.80555555555556,18.392056625445136
1239,59.10526315789474,18.707990797185836,33.625,22.353621071316386,-26.227272727272727,27.66427269007943,-68.475,19.074836172297786,73.84210526315789,16.776434468104476,-90.92307692307692,16.327394967660343
1240,50.75,21.75287337341897,15.23076923076923,12.831175053534182,-45.23076923076923,30.10533774842504,-71.44444444444444,33.26029034118985,70.75,23.281340883491513,-98.88888888888889,23.359244871948544
1241,46.353846153846156,5.63895999475836,17.815384615384616,7.603424952343329,-22.954545454545453,5.266911630806213,-76.44615384615385,1.4574030563433895,68.56923076923077,12.855372095586201,-95.0,4.826210489846842
1242,52.73913043478261,6.555564455545597,18.884615384615383,5.0331739724240006,-17.310344827586206,9.421557995019068,-85.46428571428571,15.46997585845642,70.95652173913044,11.199682685216013,-111.0,8.541836041681142
1243,38.06896551724138,1.6385661200712722,11.172413793103448,1.0527129325843967,-9.137931034482758,0.3448275862068966,-77.37931034482759,0.7617490356680869,56.724137931034484,6.937636245194049,-97.17241379310344,1.1467785619528204
1244,45.95454545454545,10.070105500608644,20.962962962962962,12.084521723879872,-21.066666666666666,9.36281059416574,-81.53333333333333,1.175679472569893,70.63636363636364,16.095017451896705,-97.9,1.3253930234714029
1245,39.44117647058823,13.763103224949772,14.588235294117647,9.181559674820162,-9.882352941176471,5.074531017926988,-56.1764705882353,23.91832989968805,61.23529411764706,12.359941993794527,-82.11764705882354,23.606784550561073
1246,38.916666666666664,19.918409965545834,16.692307692307693,8.02289622925072,-31.357142857142858,17.409386396248365,-54.166666666666664,27.03958004276118,79.41666666666667,16.444139449123576,-89.91666666666667,13.677587100394897
1247,29.34375,4.004757912471114,10.06060606060606,0.5999693900976766,-69.6969696969697,10.535610173423962,-113.88888888888889,2.3778816176702997,52.3125,8.152597362190775,-125.66666666666667,1.8856180831641267
1248,46.92857142857143,12.325723888995531,22.161290322580644,14.912858219353913,-18.322580645161292,21.86230678259729,-79.66666666666667,9.452806755432778,73.21428571428571,11.772720109452624,-104.96666666666667,11.551286604626439
1249,45.483870967741936,10.622164798929113,12.61111111111111,6.134047864980884,-9.942857142857143,7.566629206656053,-66.85714285714286,11.664703430539886,65.16129032258064,12.667196074885073,-87.34285714285714,11.906643660801567
1250,62.13513513513514,16.271617076339886,34.12820512820513,15.375937723631665,-22.113636363636363,13.45567793145486,-80.4186046511628,13.616393263080429,81.45945945945945,12.093318670430076,-101.02380952380952,13.117578346554843
1251,45.148148148148145,19.602916834555426,19.066666666666666,10.96337336569158,-39.32258064516129,24.09575936024267,-71.10344827586206,26.26436530093803,70.07407407407408,15.092126782177779,-101.93103448275862,18.133472639412677
1252,38.0625,6.299491546942499,18.151515151515152,7.357211313424162,-9.771428571428572,0.5390846361175201,-86.08571428571429,14.468431504626947,59.625,12.992185151082168,-107.42857142857143,11.84250387203583
1253,34.38333333333333,5.759316124525742,9.916666666666666,0.585709446360186,-9.166666666666666,0.4887626099538393,-56.214285714285715,7.269590000509671,60.18333333333333,8.616827851490491,-79.66071428571429,7.234038552254903
1254,52.8,17.99888885459322,28.466666666666665,23.89383928035751,-35.2,20.511460211306265,-95.4,9.707728879609277,82.2,23.059921942625913,-113.33333333333333,13.578987034712453
1255,52.34782608695652,12.644327463856373,27.12,16.79599952369611,-10.344827586206897,0.4753120259341457,-72.82758620689656,13.557206928082355,75.43478260869566,16.536720896121434,-102.58620689655173,13.702547564241376
1256,34.28888888888889,16.014746291010425,8.916666666666666,0.5335936864527374,-49.888888888888886,22.343005092046365,-74.09375,23.092692803947745,64.62222222222222,16.63368588656283,-96.5625,18.582480828726826
1257,37.9,19.377564346429093,11.0,6.59545297913646,-47.391304347826086,13.605430918298396,-75.36842105263158,21.827579190015527,59.35,24.698734785409556,-99.57894736842105,28.375890043028996
1258,41.23076923076923,11.402792142236622,15.5625,11.191340123059437,-10.533333333333333,4.014418457953226,-57.5,19.081591727556244,61.07692307692308,9.474350300124408,-85.42857142857143,15.513654288650212
1259,34.58620689655172,3.398957663545271,11.133333333333333,0.8844332774281065,-20.322580645161292,5.532234552757336,-94.64516129032258,11.160264730056952,62.10344827586207,13.251791882964111,-116.16129032258064,13.858959543392507
1260,23.093333333333334,0.5208539995899897,11.133333333333333,0.49888765156985876,-68.85135135135135,9.833316825744564,-101.65714285714286,12.851776657929678,48.17333333333333,7.267045861665904,-122.61428571428571,11.183269209139233
1261,36.675,2.7963145388171196,13.325,2.1953074955458973,-14.365853658536585,3.759580266926379,-63.80487804878049,1.5336790168060965,65.675,16.729296906923494,-85.4390243902439,3.3133048896966972
1262,40.714285714285715,10.53177892603803,20.88888888888889,20.50173133309285,-9.033333333333333,1.1967548714010825,-70.56666666666666,2.0113566455394123,76.0,16.388149028228554,-90.13793103448276,2.012446408471017
1263,38.31428571428572,5.131256758179944,11.028571428571428,0.44629998148038025,-13.61111111111111,2.6902888917340557,-81.66666666666667,1.4142135623730954,58.885714285714286,12.6056029006865,-103.13888888888889,3.181131679989387
1264,40.97142857142857,17.976946688603658,9.666666666666666,0.5270462766947299,-53.34285714285714,6.563722189397708,-83.61904761904762,15.022130311409581,68.28571428571429,23.31715668597626,-101.85714285714286,10.87279573407088
1265,42.0,1.6903085094570331,13.785714285714286,4.245646029061023,-10.310344827586206,0.5932638115201812,-76.03448275862068,1.4967265113248762,61.535714285714285,13.154255538627421,-98.62068965517241,3.1449334525435457
1266,38.08695652173913,12.211587666881638,22.0,18.979521127315678,-11.571428571428571,8.47866470041367,-76.60714285714286,3.0861358838971347,73.82608695652173,21.249352264118837,-98.17857142857143,4.621792875903798
1267,63.78048780487805,21.37072558331065,25.612244897959183,12.809142663611787,-19.26923076923077,17.72451082607553,-47.851063829787236,20.67990979383209,85.63414634146342,23.576296589087796,-100.91304347826087,13.832579826275484
1268,51.32,5.088968461289576,22.64,6.8578713898701835,-9.777777777777779,0.5665577237325317,-77.77777777777777,1.1331154474650633,74.72,6.551457853027829,-96.55555555555556,1.3698697784375504
1269,52.258620689655174,13.983438905174378,18.3125,13.17297778598294,-9.6,8.79125439548611,-57.16923076923077,6.034692601359194,66.08620689655173,11.441431793024648,-75.859375,7.751748164728715
1270,54.81818181818182,21.51455398231279,32.25,23.19347968718795,-16.392857142857142,17.38706268981601,-80.71428571428571,18.614236377524794,79.81818181818181,19.7843748347858,-110.07142857142857,9.91725974331249
1271,38.869565217391305,5.144049731199248,15.724137931034482,8.17859507252226,-9.96875,6.9798118482878895,-70.74193548387096,10.782206794097226,66.34782608695652,14.61270648874725,-92.3225806451613,12.049326301001749
1272,31.22222222222222,11.844152591776414,11.3,5.158488150611572,-10.333333333333334,3.2562516185292876,-58.76190476190476,20.948700975534457,60.111111111111114,26.892561732628035,-81.52380952380952,23.67763471057716
1273,50.93939393939394,8.27533536421735,16.21212121212121,8.427076044036525,-17.894736842105264,0.5520046569316586,-71.44736842105263,4.727842327615447,69.24242424242425,13.893600670006105,-102.32432432432432,9.97579246748213
1274,49.416666666666664,3.5148494514938564,13.944444444444445,7.09046481960278,-13.657142857142857,3.8392176073693314,-67.12121212121212,12.993605830182632,65.52777777777777,5.649415461950767,-96.03030303030303,14.220098555863657
1275,55.30769230769231,13.222269183724249,22.548387096774192,13.823399305752734,-17.666666666666668,16.596214732111157,-73.375,25.898540016765423,72.92307692307692,9.774075116280734,-96.75,24.501275477003233
1276,53.26086956521739,7.484577716323241,34.4,13.181805642627264,-32.80769230769231,18.47871796828663,-101.03846153846153,15.675754844371241,81.56521739130434,16.591842120534448,-128.03846153846155,21.430533159006803
1277,171.66666666666666,26.138519893487125,38.333333333333336,26.25938985497484,-66.5,51.68736144681148,-166.5,72.67450263561034,215.16666666666666,22.79924462686331,-312.5,105.90837234767294
1278,34.42857142857143,9.462061733306223,17.137931034482758,7.128012432412212,-9.766666666666667,0.6155395104206463,-90.0,3.2145502536643185,56.285714285714285,15.693167628113887,-110.63333333333334,4.909061915365184
1279,53.2,1.4000000000000001,22.365853658536587,7.297697924892097,-9.634146341463415,1.997023364922802,-46.55,19.28464415020407,74.85,11.46636385259076,-88.55,22.28671128722226
1280,35.604651162790695,5.1042141042964335,14.325581395348838,2.850711296244779,-28.953488372093023,9.990585075802194,-87.32558139534883,2.801336310958705,61.2093023255814,15.16660673909516,-107.44186046511628,6.875309128209218
1281,44.333333333333336,1.0183501544346312,21.14814814814815,1.3527394346481239,-16.74074074074074,6.893865187910257,-78.29629629629629,1.1160384572829158,62.55555555555556,1.7708197167232476,-97.92592592592592,1.0861391332307542
1282,39.56666666666667,8.735686705818967,16.966666666666665,3.049407957110509,-11.0,0.3592106040535498,-79.46666666666667,2.0933757957476775,67.13333333333334,15.463361715860996,-100.93333333333334,4.065573623597154
1283,29.033333333333335,1.601735170231195,15.2,1.758787461103056,-22.032258064516128,5.7388538305345795,-78.48387096774194,1.1603939192648351,51.93333333333333,17.819340304536777,-96.7741935483871,1.8265016344376854
1284,47.7875,11.872966931226584,19.8,11.653754759733019,-13.9875,15.051988033146985,-72.225,14.38052067902967,75.75,17.663167892538418,-95.325,13.101311957204896
1285,68.07692307692308,13.544579037451667,27.333333333333332,10.077477638553983,-22.03448275862069,17.253650805315715,-82.92307692307692,16.401039078065654,88.6923076923077,13.786194964442986,-112.84615384615384,16.388767982259413
1286,48.285714285714285,15.959898726086543,24.15,16.245845622804616,-15.634146341463415,11.172169467598069,-63.666666666666664,14.044495834591686,72.08571428571429,16.534589594580947,-88.56410256410257,13.868974546225093
1287,41.57142857142857,3.635426595409711,11.25,1.8763883748662837,-22.027027027027028,3.6943088918576814,-74.35135135135135,1.3797025965513752,62.285714285714285,7.890578210105766,-94.02702702702703,4.296362298418226
1288,39.12903225806452,10.664205838235201,14.6875,6.44901882071994,-13.411764705882353,6.371432783082826,-69.47058823529412,8.537926784157047,61.58064516129032,13.677799751253117,-91.0,2.84977404739606
1289,74.52631578947368,29.2563415006993,18.727272727272727,8.334930976328796,-18.304347826086957,14.109616771699873,-50.27272727272727,28.084582988766144,92.63157894736842,28.47383013874465,-99.68181818181819,15.726024648323218
1290,60.69444444444444,24.237046304784066,22.055555555555557,13.808098357373963,-26.72972972972973,18.86889138474002,-83.8108108108108,25.33861260076753,82.19444444444444,20.99446943634395,-105.83333333333333,25.307552671529148
1291,30.58139534883721,17.277802075629573,15.583333333333334,16.444139449123576,-12.714285714285714,11.124527047961019,-70.93877551020408,11.891358830140286,66.97674418604652,18.01870910392219,-91.44897959183673,11.002896139133693
1292,45.0,14.165686240583852,31.25,20.753011829611623,-9.74074074074074,3.5023018102130594,-90.81481481481481,31.916600855211566,81.66666666666667,30.706495874470743,-126.37037037037037,19.92978070933258
1293,62.375,32.925816238933244,28.047619047619047,28.830334868273386,-16.772727272727273,12.176474404589364,-77.6842105263158,30.644056058967656,109.75,24.85080481594107,-125.6842105263158,39.567467540071675
1294,43.416666666666664,3.1124748994971836,13.333333333333334,5.222813205330799,-11.216216216216216,1.188574779853839,-65.37837837837837,1.8061658861193106,69.13888888888889,18.80477595626792,-88.29729729729729,6.989818328323397
1295,46.31818181818182,18.36346759598416,22.26086956521739,15.576507928411177,-10.807692307692308,6.0638857227994984,-80.64,1.6218507946170635,79.13636363636364,19.512922185859424,-101.6,1.4966629547095767
1296,53.607594936708864,8.389894043655845,20.580246913580247,11.220422515240463,-12.91358024691358,5.758938368523257,-80.1375,8.77744802035307,78.43037974683544,11.114688131515685,-105.8875,10.517834556124184
1297,36.5,19.935692066788608,17.392857142857142,9.355438776127903,-38.55172413793103,25.81176717339507,-61.42307692307692,35.276024846828804,58.68181818181818,15.330855291435705,-104.42307692307692,19.990715300480172
1298,46.69230769230769,8.77833535458934,15.25925925925926,11.167388343487751,-14.064516129032258,8.135685961011,-73.23333333333333,2.4857370916669543,68.5,12.579745625409124,-94.56666666666666,5.407916008552237
1299,45.41379310344828,7.01484751169733,19.20689655172414,6.030836336722539,-24.857142857142858,5.475362256210515,-78.96428571428571,7.997687803614345,69.82758620689656,10.355971009659749,-107.85714285714286,8.197187173111297
1300,32.088235294117645,7.055943039731173,11.882352941176471,3.8559709686052677,-36.705882352941174,25.397463295937886,-83.45454545454545,28.776137956690423,55.76470588235294,8.89500462430661,-106.33333333333333,14.74976459322506
1301,50.2962962962963,6.2290526883058215,20.035714285714285,12.54842660272919,-12.724137931034482,10.890985046877985,-85.72413793103448,4.209157108873691,70.62962962962963,12.365268408966656,-104.51724137931035,6.184634405915962
1302,47.142857142857146,6.738557951469002,12.666666666666666,7.2231989571521,-10.813953488372093,3.8594843248354596,-62.883720930232556,1.931493003985685,78.97619047619048,14.951489964354558,-85.16279069767442,7.882657539588098
1303,45.107142857142854,10.604376743705826,14.75,4.548351349665063,-11.3,1.1000000000000003,-79.44827586206897,16.03355577594851,75.60714285714286,12.579289344321614,-105.86206896551724,14.684554724046611
1304,66.66666666666667,18.472201336663215,35.76923076923077,16.875808111266373,-11.0625,3.4725485957722753,-69.0625,17.883193052416562,94.33333333333333,10.749676997731399,-103.625,9.558209821927953
1305,48.642857142857146,13.630884799167045,19.533333333333335,11.40682057172618,-24.789473684210527,10.670071017217523,-72.94736842105263,4.650678323026215,64.85714285714286,11.344332397766754,-97.05263157894737,7.5705362683618205
1306,274.4,102.7669207478749,44.8,36.70095366608339,-37.4,28.231896854444617,-331.4,123.07493652242928,357.6,73.93131947963596,-477.6,131.74004706238722
1307,50.083333333333336,20.730244946829632,27.72,25.76434745923133,-21.23076923076923,23.612753549247806,-78.41666666666667,12.779921317789437,77.16666666666667,21.017188732611746,-110.70833333333333,16.803965719105978
1308,53.2962962962963,13.545027281639436,24.11111111111111,8.152860590152953,-16.363636363636363,8.006884090422789,-75.42424242424242,8.745666643094715,71.25925925925925,11.240115303852347,-100.93939393939394,9.704542497574835
1309,49.86206896551724,21.306829304937104,18.105263157894736,9.994181132523828,-33.256410256410255,24.276946908874375,-60.4,31.340708351918277,72.48275862068965,19.714550358511545,-94.58823529411765,23.622170103850006
1310,30.829268292682926,15.099511281098442,13.358490566037736,7.119185716693932,-48.2962962962963,27.57053555386662,-88.26923076923077,28.586653276697678,56.21951219512195,12.434241069786228,-126.1923076923077,18.297791440434366
1311,56.71212121212121,4.788765740630978,24.818181818181817,6.912678494400137,-12.348484848484848,4.813152511426921,-74.78787878787878,1.745254618179628,74.56060606060606,6.322467843547371,-93.22727272727273,3.617279467196535
1312,54.674418604651166,17.08898860783527,15.727272727272727,10.478036848491566,-12.666666666666666,9.174844836714012,-75.30232558139535,10.771484499018758,75.74418604651163,18.45433461813091,-94.18604651162791,13.34559558728017
1313,35.630434782608695,13.507419371287531,15.627118644067796,9.957363862369322,-37.78688524590164,26.756408611278843,-72.56862745098039,40.105867206564916,58.869565217391305,13.786585628400708,-111.33333333333333,17.96583540584922
1314,47.18518518518518,9.809432486461548,19.962962962962962,6.9787056078897045,-9.678571428571429,0.7098073897982782,-80.03571428571429,18.904803136574923,72.25925925925925,11.777544838134395,-117.25,12.780076570304935
1315,31.413793103448278,10.899279449069923,14.482758620689655,3.7748778436976576,-10.7,0.4582575694955841,-93.22222222222223,14.586481141754698,55.3448275862069,16.238047831684284,-113.81481481481481,8.653995168308903
1316,36.774193548387096,1.2626055348890919,17.0,9.19578707887476,-22.647058823529413,11.982542087507673,-72.05882352941177,5.406647196741674,57.903225806451616,9.739692115123484,-96.05882352941177,6.164133336681446
1317,79.83333333333333,14.01090844861801,43.214285714285715,18.45526859125898,-20.73913043478261,17.065646629882803,-110.45454545454545,9.576141150737232,90.66666666666667,13.84035966135113,-140.0909090909091,13.351571548320347
1318,45.535714285714285,6.543710954895891,24.051724137931036,14.534646376957731,-12.120689655172415,1.2741134335753324,-77.43103448275862,5.133097703462666,78.64285714285714,14.060365484261794,-106.50877192982456,6.098958228607554
1319,44.75,8.893115314668982,17.833333333333332,9.450161668223224,-20.333333333333332,11.060896633792142,-73.35483870967742,12.683615000862902,64.75,11.96191874240918,-95.12903225806451,10.682339768723109
1320,43.5,11.061695670696745,28.76,22.58367552016279,-9.615384615384615,2.4349525832837555,-68.48,15.205577923906741,70.33333333333333,20.168732676541126,-101.32,24.305916975090653
1321,34.228070175438596,7.625022390210783,14.068965517241379,2.5110931056051737,-9.266666666666667,0.5734883511361751,-75.08333333333333,13.943088690179884,67.42105263157895,18.9578918144888,-102.28333333333333,7.071283868970016
1322,46.943396226415096,16.385008212571133,16.25,9.45714015968887,-18.796610169491526,0.934819134450012,-64.27118644067797,2.6606390749731106,65.43396226415095,14.584185585973707,-83.65517241379311,6.126684776417327
1323,36.77272727272727,17.63759367781789,9.454545454545455,0.5821022034029864,-44.95454545454545,18.592464927118073,-90.31818181818181,27.223630049239414,61.90909090909091,17.98461233921197,-107.36363636363636,18.494582633216126
1324,33.23076923076923,2.0438969623979113,16.923076923076923,2.6735611072281182,-14.928571428571429,8.013063313956117,-63.142857142857146,3.020339215980853,53.15384615384615,9.1890080978572,-88.78571428571429,6.504707871211122
1325,40.708333333333336,13.030346524768847,12.03125,8.516470714885363,-25.0625,24.40663011867882,-80.09677419354838,37.14431736046334,58.875,10.840942840300684,-103.6774193548387,25.914732510334854
1326,65.69565217391305,22.277761933115773,37.083333333333336,24.56948762636743,-32.88461538461539,10.52589087432626,-92.46153846153847,2.7905164841872394,83.08695652173913,20.899163793295156,-110.34615384615384,3.3043364013451226
1327,39.94444444444444,8.755774108947397,16.416666666666668,2.046338192968112,-15.205128205128204,3.9818787421136745,-72.61538461538461,4.240315570110589,60.111111111111114,15.641429633753251,-92.5,6.222835704927965
1328,47.05714285714286,15.755167600582642,20.4,16.181470884935027,-9.357142857142858,0.5265081997022852,-79.11904761904762,13.439817141883152,77.74285714285715,14.613776000048441,-104.3170731707317,10.730487735579707
1329,49.5,14.507541142454155,17.523076923076925,9.280430514396645,-11.681818181818182,6.495124257353149,-59.89230769230769,7.889863169181223,65.328125,12.576086791382087,-79.53846153846153,10.030840018627051
1330,67.23809523809524,14.305858812804006,37.13636363636363,20.748045810598107,-32.11538461538461,26.718370118237903,-82.27272727272727,16.839298782047738,86.0,11.807987611298184,-106.0,16.284404139599896
1331,27.736842105263158,1.9781820095199911,12.24561403508772,0.7786786323218299,-10.46031746031746,0.5862281051625202,-67.82539682539682,6.917976772171715,52.578947368421055,14.62507743979624,-90.04838709677419,3.244983320971295
1332,36.125,9.205127647132331,15.709677419354838,5.371330996143812,-51.93939393939394,22.341616818326578,-79.07407407407408,28.741408926940657,59.0625,10.679821803288668,-110.85185185185185,11.721154360113498
1333,40.42857142857143,8.509778289157257,17.72222222222222,13.953516305360115,-12.81081081081081,6.717616363923747,-76.0,13.432514002688865,66.97142857142858,18.728871088373104,-94.56756756756756,15.593728019390742
1334,49.03703703703704,9.628205022827007,20.22222222222222,3.314763086705844,-24.814814814814813,5.604475969404488,-76.0,12.765694770084508,75.48148148148148,17.351209522084815,-110.07407407407408,15.082307333860811
1335,48.1,21.772076918230223,16.8,10.34859088636387,-10.875,5.672025652269213,-60.3125,13.111153410360204,75.43333333333334,19.76812810786314,-90.93548387096774,15.572795725281726
1336,35.61904761904762,2.5723102544894303,18.453125,3.868662912993971,-27.671875,10.491149078360053,-90.4375,12.178201581103837,50.25396825396825,10.232174983251658,-107.84126984126983,13.50156528163197
1337,39.083333333333336,19.516908623606923,12.0,0.816496580927726,-12.615384615384615,2.434952583283756,-77.84615384615384,4.452244962611625,70.83333333333333,23.561385546883464,-109.46153846153847,12.70139534803095
1338,39.541666666666664,12.727853860289601,18.79310344827586,17.01394825418824,-31.233333333333334,14.469930507396672,-79.96551724137932,1.9205379745716302,74.83333333333333,15.0821822765216,-97.3103448275862,4.363670143637491
1339,53.829268292682926,13.50682291726159,28.58139534883721,16.682022851713597,-11.156862745098039,4.539035697104889,-86.3529411764706,9.607643055139548,77.5609756097561,17.917219923299847,-107.17647058823529,5.4904761833308395
1340,46.91304347826087,11.401422655235926,19.75,9.71360729423764,-9.617647058823529,2.733395925803145,-70.76470588235294,6.4764679168664685,66.08695652173913,10.37938191792313,-97.91176470588235,3.9805974060864986
1341,43.74193548387097,5.518109435103037,12.15625,6.250546851076312,-9.75,0.4330127018922193,-83.41935483870968,9.241471023627199,61.774193548387096,12.724651405122808,-104.74193548387096,5.73595193851892
1342,40.348837209302324,12.754176189618235,14.825581395348838,5.920386262668067,-35.732283464566926,12.587613471028806,-67.2621359223301,19.185330745811637,65.65116279069767,13.597851610286076,-79.3883495145631,16.90190602781193
1343,38.51851851851852,8.949944632025593,14.642857142857142,3.9660549462576404,-21.125,15.54780933122091,-69.26666666666667,13.455936319046037,57.81481481481482,15.311668358760564,-96.9,11.109605453540343
1344,36.96296296296296,9.347138526215275,16.22222222222222,4.46661138716484,-10.344827586206897,0.9568577190008004,-81.86206896551724,18.750124850951746,63.25925925925926,17.67733973741648,-114.3103448275862,18.619795636264815
1345,32.72,21.298863819462298,12.0,12.003086022939021,-31.857142857142858,27.295622733474378,-96.77777777777777,26.730941058566255,64.88,23.962170185523682,-125.73076923076923,18.824202286311532
1346,45.02173913043478,3.721203232445718,11.217391304347826,0.9535527043244048,-13.282608695652174,0.9007977980478548,-86.6086956521739,1.112737729745194,85.3695652173913,18.917852961700735,-107.3695652173913,2.745420658764842
1347,48.30769230769231,19.581720735988668,23.923076923076923,16.66623273596848,-12.461538461538462,5.212638260337666,-77.07692307692308,10.89432836537179,82.38461538461539,13.37930929307501,-101.6923076923077,17.98026531585122
1348,42.07142857142857,5.3246634462965385,14.935483870967742,6.195396229724798,-17.35483870967742,18.894526237727657,-73.51724137931035,9.507241122919007,66.57142857142857,14.731958873310026,-98.37931034482759,12.223250296064375
1349,37.357142857142854,5.459031086938713,16.2,3.3901819026909656,-20.1875,10.560650725689209,-75.46666666666667,13.671706387849163,60.07142857142857,14.699194757897871,-95.26666666666667,15.922590520668704
1350,49.1875,12.047918648048716,30.058823529411764,9.973320812431618,-10.1,0.5385164807134504,-76.47368421052632,2.8166501390020318,67.75,14.306903927824496,-99.3157894736842,5.419775015518316
1351,27.603448275862068,8.806227528391904,9.40677966101695,4.1827678941743205,-53.39655172413793,29.751232750566135,-87.29824561403508,33.55485946049183,54.86206896551724,13.48875428907747,-110.42105263157895,27.0282161651006
1352,61.0,3.0,14.666666666666666,1.699673171197595,-11.470588235294118,3.4319887401917226,-69.0,3.5809955894645706,80.0,1.0,-92.41176470588235,3.85866212001017
1353,47.810810810810814,10.902114443656599,18.102564102564102,7.509975833191584,-16.65909090909091,11.214728914605969,-70.46511627906976,24.360995165460615,65.21621621621621,11.41392022366415,-96.46511627906976,19.92468241083219
1354,46.125,2.2325713874364688,18.875,4.929186038282588,-23.37142857142857,8.14892004864348,-74.91176470588235,1.1972430845322128,59.875,6.716351316004844,-93.42424242424242,2.2432430937359693
1355,57.24324324324324,15.565737505045108,19.069767441860463,13.87551859301073,-25.653846153846153,9.922555144302095,-76.98039215686275,7.5989942473792675,75.35135135135135,11.768524709984902,-94.49019607843137,8.04246706130286
1356,40.15625,1.60291482540402,16.09375,3.3760125795826057,-12.0,7.766112283504533,-78.64516129032258,1.5770202014942345,56.96875,9.799503734245933,-98.35483870967742,2.5469575410518552
1357,38.5625,7.761835720369247,16.78125,3.6634544404837355,-24.393939393939394,10.528286268614785,-83.72727272727273,1.8792765737834731,55.875,13.80613541147558,-102.39393939393939,4.572244286399046
1358,65.52380952380952,26.67907874403435,31.47826086956522,18.694034308157132,-27.08,27.08197924820119,-54.28,29.099168372996502,89.14285714285714,26.091935835546174,-104.36,23.572662132224266
1359,35.421052631578945,13.762327639242626,13.45,7.200520814496685,-18.3,14.443337564427413,-74.4,10.141005867269774,62.473684210526315,15.588013009504692,-99.85,9.248107914595288
1360,52.96551724137931,14.849782904765586,25.38888888888889,17.789319170311433,-29.17391304347826,16.8423693828161,-76.69444444444444,20.619326754345522,73.41379310344827,13.852716007512031,-98.5,15.319740351730653
1361,45.148936170212764,23.534473332506913,24.12,20.825599631223106,-13.642857142857142,11.593453465870562,-82.30909090909091,24.759110519544276,72.0,23.6957667464492,-116.72727272727273,21.761897097662608
1362,49.333333333333336,5.9907335852038095,17.666666666666668,3.901566636906542,-12.935483870967742,0.6188169707500285,-89.21428571428571,11.434150423987228,65.6,6.916646586316233,-108.96428571428571,12.55127239667398
1363,38.01282051282051,5.734496579392685,14.658227848101266,3.38607003430218,-8.658227848101266,0.47430364544797965,-65.48101265822785,1.9478047331087327,55.705128205128204,16.03130669079513,-84.51898734177215,1.6677185165586785
1364,54.35294117647059,18.942455199802897,23.3125,10.480450550906674,-18.41176470588235,14.82866391002242,-43.75757575757576,24.46894172772014,68.3529411764706,15.75899808875062,-97.9090909090909,13.200926589066292
1365,42.17142857142857,13.884185688937539,20.085714285714285,14.753927183870019,-11.342857142857143,3.934774323845249,-70.11764705882354,16.72751292276634,71.48571428571428,23.22851871369875,-88.38235294117646,16.119069280317266
1366,46.45454545454545,7.2093832337843065,20.545454545454547,8.814900982929018,-14.08,10.529653365614655,-81.25,5.695392874947259,83.04545454545455,21.25489734524787,-108.66666666666667,7.425556469981822
1367,41.6764705882353,5.421745910656749,15.323529411764707,4.034560900630904,-11.264705882352942,0.8156132131683558,-72.12121212121212,2.6940740328354993,65.52941176470588,8.589443911732747,-92.9090909090909,4.58167387940151
1368,63.47222222222222,19.770188150500058,32.2972972972973,22.88970601261726,-52.138888888888886,20.641318834073477,-81.94444444444444,22.764426981641094,81.66666666666667,14.049515610471731,-97.41666666666667,20.08921075823759
1369,38.22727272727273,18.712979982747555,27.37037037037037,21.152266576996123,-25.15625,7.267691238453929,-79.65625,2.96447059987108,54.72727272727273,18.90450119123105,-98.3125,5.3058782260809565
1370,35.21052631578947,17.223236896607904,15.3,10.918333206126292,-15.025641025641026,17.464230373474926,-63.56410256410256,15.503175641262647,63.8421052631579,24.783829953153212,-96.0,14.003662524588492
1371,47.59375,11.160363387340933,20.4375,10.579867378658392,-17.21212121212121,6.745402815015777,-86.45454545454545,13.117397443947459,70.0625,14.426402661439893,-111.63636363636364,17.276395144853048
1372,48.09090909090909,0.6210273191490665,11.848484848484848,0.4997703788627468,-12.305555555555555,6.569371035530657,-72.69444444444444,6.582043943117959,58.54545454545455,1.28135603102218,-90.97222222222223,1.4811052763075865
1373,43.869565217391305,13.504602590054692,17.82608695652174,7.760839118196275,-12.28,3.1688483712541373,-78.88,9.343746571905726,69.34782608695652,18.917690583504967,-102.28,13.447735868911169
1374,55.256410256410255,13.20978260019862,22.102564102564102,13.722141702830413,-29.75,19.85186618202659,-73.95238095238095,10.954347649509023,74.84615384615384,10.462481103836042,-92.61904761904762,12.46318842670836
1375,48.261538461538464,7.434383577109647,14.333333333333334,5.539493689694416,-18.194444444444443,0.56859693029052,-86.56944444444444,1.7545685516585368,73.35384615384615,8.252609413402377,-110.95833333333333,3.066111815747538
1376,48.705882352941174,11.244683480400614,23.96,17.065708306425492,-65.78125,22.049283399636824,-86.33333333333333,28.104961997641787,73.70588235294117,11.006761055248527,-109.83333333333333,20.020128759714694
1377,37.34615384615385,3.673630646945541,14.75,3.7512818322028787,-10.339622641509434,0.5474950237187513,-84.62264150943396,13.990868201167071,56.07692307692308,9.549156535136722,-101.83018867924528,11.914373512309208
1378,35.56410256410256,17.524773485927582,16.441860465116278,13.378744553992918,-17.59090909090909,11.203323739405077,-61.36363636363637,17.740670927523507,63.282051282051285,21.023733496960435,-89.47727272727273,17.21982028779051
1379,65.5,19.788464653260327,21.03846153846154,19.00502113659353,-40.26923076923077,25.825684431034176,-74.34782608695652,46.371476142365026,82.33333333333333,18.94436298451043,-111.56521739130434,30.86411464433782
1380,51.68,22.342282783995014,25.37037037037037,19.37571627951615,-20.137931034482758,15.493545125211593,-70.04,30.827883482328136,80.44,21.118863605790914,-99.04,27.09757184693861
1381,44.473684210526315,17.998153183189107,21.06896551724138,15.211001088102623,-14.633333333333333,3.341490020268736,-42.86666666666667,9.868243117304226,68.89473684210526,21.489029604702967,-85.17241379310344,9.251538420128844
1382,56.56363636363636,25.482802497772806,19.181818181818183,11.844585888752427,-15.236363636363636,12.498674309867118,-45.43636363636364,28.917288717596943,73.54545454545455,23.98015708631404,-92.8,19.713769991372207
1383,,,,,,,,,,,,
1384,31.952380952380953,2.181659274086725,14.19047619047619,3.567299200062484,-10.255813953488373,0.4867081287547988,-65.11627906976744,2.3841463035096373,62.023809523809526,18.380227594888733,-85.95348837209302,3.326800882278636
1385,37.03448275862069,10.476518106175021,16.41176470588235,11.782633399499014,-19.192307692307693,7.585508607100935,-69.76923076923077,4.614422976741949,61.96551724137931,16.42429394613397,-92.23076923076923,7.474611861843202
1386,52.09090909090909,20.852096234080925,22.846153846153847,17.699831176275076,-24.24137931034483,13.024261637457657,-86.75862068965517,2.5951569272036936,75.95454545454545,17.68789332419025,-108.35714285714286,4.827113051106558
1387,59.833333333333336,20.953652558815506,27.34285714285714,11.644601096382717,-17.428571428571427,16.16925780483395,-49.96969696969697,21.852792413598063,76.83333333333333,20.537905335149336,-104.48484848484848,11.168465378754464
1388,40.673469387755105,15.081259833562655,16.58490566037736,11.867879533166045,-40.19230769230769,29.54139108068963,-48.976190476190474,18.77496825847053,55.734693877551024,14.775566580115697,-80.71428571428571,20.261722902211115
1389,62.11764705882353,21.065394965485527,31.52777777777778,23.201396163822068,-12.432432432432432,7.401754870593428,-73.8108108108108,25.70396734320256,81.94117647058823,20.102591545649307,-102.02702702702703,24.059033799752807
1390,45.6,11.778794505381269,19.904761904761905,11.211833722433683,-10.090909090909092,5.238919830626876,-75.45454545454545,8.40847663604074,67.25,10.953880590913888,-97.0909090909091,7.844564365383501
1391,41.583333333333336,11.528647892195435,20.6,14.930059164874956,-28.533333333333335,15.5557777761905,-73.53333333333333,5.402057221302105,64.83333333333333,11.809835825371248,-100.71428571428571,8.197809563087755
1392,45.57142857142857,14.361228984985363,19.962962962962962,17.72105147261089,-16.96875,20.030421199702715,-69.86666666666666,21.13722361669626,68.57142857142857,8.318490182212432,-98.1,19.860093991049826
1393,67.75510204081633,18.508167653432007,40.16,16.845604768009963,-10.64,8.044277469108087,-61.52,7.4786094964237835,81.57142857142857,13.047792838606217,-81.56,8.151466125796022
1394,54.77272727272727,27.462258097882458,15.909090909090908,7.464516612913579,-15.272727272727273,12.7107035002424,-58.95454545454545,34.952535702951735,79.0,26.802306549318406,-104.04545454545455,26.73519517708866
1395,39.82142857142857,13.13950850197485,19.033333333333335,11.34749115688378,-10.375,1.6723860200324565,-72.25,9.486832980505138,62.357142857142854,14.273387538938845,-100.625,9.528739423449462
1396,22.258064516129032,7.803918543975133,10.193548387096774,2.7988402533527563,-9.516129032258064,3.310501060817419,-84.54838709677419,4.904498985805684,32.96774193548387,10.76578771961092,-109.06451612903226,8.253779130020334
1397,46.96551724137931,1.5862068965517242,19.8,7.489548272982379,-10.516129032258064,0.4997397866074086,-77.74193548387096,0.9826804007566332,64.3103448275862,3.514535808618181,-96.7741935483871,1.8787380359433592
1398,63.16129032258065,5.53637108462579,29.06451612903226,9.023036767508176,-24.032258064516128,5.385068190587161,-76.12903225806451,4.56311958574374,81.7741935483871,3.209961083266806,-100.06451612903226,6.579221857464594
1399,41.72,2.5380307326744487,17.88,3.983164571041473,-27.53846153846154,4.97092136043185,-85.12,2.006389792637512,65.28,16.023782325031753,-105.56,1.9200000000000002
1400,35.0,22.38302928559939,18.666666666666668,12.684198393626966,-10.916666666666666,0.8122328620674137,-97.25,1.299038105676658,47.166666666666664,20.67540137995445,-118.75,1.8314384146529925
1401,24.583333333333332,9.847094890259655,9.75,0.5951190357119042,-52.111111111111114,21.909888404018474,-96.96875,12.98432799329638,50.52777777777778,24.521516754691525,-122.4375,13.96633787898603
1402,53.407407407407405,14.239380082374215,19.035714285714285,13.289314028456804,-28.714285714285715,9.822921964383477,-86.60714285714286,8.70689089052986,80.4074074074074,15.001874597083253,-108.53571428571429,12.474208084962298
1403,51.86206896551724,26.092308468907518,21.766666666666666,17.34105597194768,-24.27777777777778,30.06530956943855,-71.3030303030303,24.804062287633023,84.55172413793103,23.49554059948039,-99.72727272727273,25.315311844298986
1404,53.27777777777778,11.755875862050885,27.708333333333332,15.40692259631653,-18.24137931034483,9.601203848418296,-83.34482758620689,13.280205290449405,71.11111111111111,12.900856512861155,-105.06896551724138,10.14355931029979
1405,35.77142857142857,11.846845787045632,14.6,6.415160614847124,-41.08571428571429,22.727417587664505,-77.94285714285714,30.66868375501802,54.285714285714285,11.545120004502653,-103.22857142857143,15.046757057890703
1406,36.1764705882353,1.2240383556873418,12.8,1.4696938456699067,-12.444444444444445,4.418675294477372,-67.66666666666667,1.394433377556793,50.705882352941174,8.638250816145002,-88.94444444444444,1.4519038161524422
1407,53.1578947368421,11.799181466829184,8.105263157894736,4.587107067263354,-32.719298245614034,20.97178922665374,-72.33928571428571,23.75114793144164,77.0,10.003508156571698,-90.10909090909091,18.352778067908883
1408,51.51470588235294,16.993504509127305,17.75,3.6205735224655977,-24.44736842105263,19.484403166610026,-43.22727272727273,22.943141481646144,81.72058823529412,20.438462579048252,-97.53846153846153,20.415738215012095
1409,48.09090909090909,19.444347369559594,42.266666666666666,31.128693444401993,-12.0,5.840471822645077,-81.66666666666667,9.944289260117532,81.63636363636364,21.588181645911252,-109.72222222222223,14.884016615728562
1410,55.25,13.774725244285476,18.77777777777778,7.0911177269372665,-17.27777777777778,10.372536149507482,-71.19444444444444,4.623727719566903,78.5,16.44435060033283,-94.36111111111111,10.517585215506081
1411,41.0,2.0743746775908884,13.272727272727273,3.413633337367016,-19.393939393939394,3.9307597687932123,-75.60606060606061,1.8576523786659518,55.60606060606061,9.54078769996067,-93.9090909090909,3.048731841310479
1412,60.23529411764706,13.794838812203327,16.470588235294116,12.861788582321363,-24.333333333333332,6.097965659560997,-99.65384615384616,5.327304901617036,80.52941176470588,16.701946512339156,-120.84615384615384,5.620650849886636
1413,43.88461538461539,1.1544870015233564,19.423076923076923,2.529412776531905,-18.703703703703702,0.8080527492322751,-80.5,0.7966275068156915,66.15384615384616,14.463993245010728,-101.96153846153847,2.9152222402518766
1414,42.03333333333333,20.25912688696683,20.5,20.35313243704762,-37.142857142857146,28.387263599964644,-66.51515151515152,30.375549589362674,66.23333333333333,27.71243202768189,-109.06060606060606,30.98185137760824
1415,47.791666666666664,16.408786179632205,21.16,14.963101282822356,-20.64,6.686583582069396,-92.04,11.375341753107904,74.95833333333333,21.37654315417304,-113.64,11.726482848663533
1416,53.46296296296296,14.29155793669422,20.8,8.762316007664973,-14.821428571428571,11.506375783602296,-99.51785714285714,17.808496238180982,78.33333333333333,14.381057499878608,-125.69642857142857,18.98958327502696
1417,29.683333333333334,3.5706753173905663,12.816666666666666,2.217293144554614,-12.380952380952381,13.222670012806555,-72.78688524590164,2.150979602210718,52.75,10.410931754650974,-91.18032786885246,2.1991667328175746
1418,36.68,9.710695134747048,18.653846153846153,15.231400530817169,-10.655172413793103,0.4753120259341457,-78.3103448275862,3.4551655310000964,63.68,16.634229768762964,-96.51724137931035,2.554518507234777
1419,45.275862068965516,6.005150385576436,14.6,6.473535870501274,-10.03225806451613,0.5948093198253477,-77.96774193548387,2.3207878385296703,64.20689655172414,9.011025087481972,-100.3225806451613,6.581435752636122
1420,61.0,24.354833087846078,33.17391304347826,27.157595100535183,-13.076923076923077,7.725696766800026,-65.88461538461539,26.092036691263196,91.0,21.15357379287307,-94.5,28.33759394813241
1421,39.073170731707314,4.413892944110697,16.48780487804878,3.1400011746114953,-12.268292682926829,3.068521454110547,-73.70731707317073,13.550706763025808,65.53658536585365,16.01233908504376,-102.4390243902439,18.334359028867222
1422,38.52,11.665744725477236,14.84,7.629836171242472,-8.653846153846153,0.47574295680203776,-85.46153846153847,1.499506822278302,65.76,17.452289248118714,-107.0,3.3466401061363023
1423,35.8,1.2489995996796797,17.5,21.771019101715765,-9.44,0.4963869458396343,-87.0,2.3832750575625967,63.95,21.23787889597264,-110.72,9.631282365292797
1424,45.03448275862069,11.302983306588269,16.96551724137931,6.019982578853757,-16.413793103448278,17.72688828788027,-85.17241379310344,18.866260645006655,67.20689655172414,16.587031307922107,-109.89655172413794,21.41276581466139
1425,41.09375,7.723176868200029,16.09375,4.758934853252353,-15.848484848484848,8.752908476342306,-77.48484848484848,1.8768318263275179,63.59375,12.656172839270962,-99.36363636363636,4.816752217871982
1426,38.833333333333336,1.8454147380888541,11.966666666666667,2.243261514452165,-8.709677419354838,0.4539112025635578,-85.0,0.8032193289024988,60.1,8.98276126811795,-104.25806451612904,2.3822968306628076
1427,43.0,4.760952285695233,18.11111111111111,5.173531878587918,-17.583333333333332,4.009537241239803,-79.58333333333333,3.6619287571199717,83.77777777777777,21.02790620832642,-109.5,15.93476283685034
1428,41.32142857142857,9.479502591790096,15.035714285714286,4.507788045286123,-37.5,32.04628349300876,-70.17391304347827,18.43591054793793,60.392857142857146,17.544513358300705,-99.8695652173913,3.566807704694554
1429,48.98148148148148,8.492896248871848,18.142857142857142,7.682142026964158,-10.017857142857142,1.172467962227105,-77.03636363636363,5.723837353523139,69.94444444444444,14.184520340284706,-98.14545454545454,8.838795026510184
1430,36.095238095238095,11.279584431321512,22.636363636363637,11.960333890692997,-11.35483870967742,3.450557571557182,-82.93103448275862,15.717179343509837,55.666666666666664,12.691704577375141,-115.10344827586206,15.059296195456714
1431,54.45,17.275633128774178,27.11111111111111,18.015082844009992,-25.285714285714285,17.073072246036077,-92.76923076923077,18.43973070950477,75.45,16.695732987802604,-114.32,17.556127135561532
1432,41.048780487804876,7.3979272624893175,14.928571428571429,7.021710743736706,-22.463414634146343,14.3086151108014,-70.725,20.768952188302613,68.41463414634147,16.804435549415036,-93.75,22.576259654778955
1433,57.1764705882353,13.617615296621578,26.84,14.298755190575157,-25.0,28.315951395781774,-74.3913043478261,28.391271056642044,74.11764705882354,16.171443069010756,-104.91304347826087,20.021538496846798
1434,35.08,4.335158589948008,16.555555555555557,7.135375270223254,-13.074074074074074,8.989400861368063,-81.84615384615384,21.611414910594583,53.76,13.909076173491897,-110.8076923076923,16.918399703302615
1435,38.07272727272727,10.052325909875142,11.309090909090909,4.406081447160081,-11.909090909090908,10.221675235894514,-63.03703703703704,8.925541716027896,59.018181818181816,9.439743658096788,-85.03703703703704,11.538924404208377
1436,43.0,17.008648319224513,19.5,13.966030216206752,-14.136363636363637,8.400732947165192,-84.14285714285714,17.147221666624414,67.70588235294117,19.71193936763245,-110.47619047619048,8.764751090476244
1437,39.80555555555556,5.3996884912436505,15.277777777777779,4.154054987540027,-9.054054054054054,0.5170574721542971,-76.45945945945945,5.678763638730941,56.611111111111114,8.926483000904225,-97.35135135135135,5.818034479175639
1438,38.78947368421053,3.4955452457516483,15.605263157894736,4.869558899748143,-19.666666666666668,8.815293625818807,-75.65384615384616,3.9020932024935986,68.97368421052632,17.40385142206545,-96.58974358974359,5.204622938720324
1439,52.84,12.392513869268011,26.142857142857142,18.052926722980576,-19.75,11.469291297074237,-78.78571428571429,15.664694477110764,76.2,18.035520508152793,-101.37037037037037,13.735997983530957
1440,48.457142857142856,6.694743597534909,18.535211267605632,10.876814708121243,-10.194444444444445,3.6879642415448637,-61.125,8.396324427324666,69.07142857142857,16.2474801813973,-85.06944444444444,9.642680570269189
1441,35.21212121212121,0.8793101896089035,11.882352941176471,0.6308120761625652,-9.941176470588236,0.33791544979635457,-70.52941176470588,2.0613429962276744,49.15151515151515,2.8082261425946897,-93.3529411764706,2.112739411302114
1442,55.34782608695652,19.73434149913639,24.12,14.994185539735062,-23.785714285714285,20.407206610230933,-62.28,25.494344470882165,87.56521739130434,16.96499231014196,-101.24,24.735852522199433
1443,44.45454545454545,16.425388532078994,14.727272727272727,4.863423954580093,-10.071428571428571,0.37115374447904514,-68.0,9.335033858688309,73.86363636363636,19.295066384360005,-92.21428571428571,10.638062198865862
1444,39.829268292682926,5.516725960047584,16.75609756097561,6.099901989635963,-11.55813953488372,8.44214875540801,-57.1,10.297572529484802,53.97560975609756,8.083369874664683,-78.875,13.450255573780002
1445,57.78431372549019,8.339167507917427,21.352941176470587,7.169717169502396,-10.313725490196079,0.5044972678536709,-91.11764705882354,13.078416674007673,80.66666666666667,12.745882328809934,-115.1,6.859300255857007
1446,37.90909090909091,16.71574042516312,15.424242424242424,8.917229842414212,-12.628571428571428,13.57957650146659,-35.303030303030305,26.42483318772479,55.75757575757576,14.734067518448535,-69.84848484848484,29.266923321979352
1447,42.0,11.125546178852424,22.55,12.216689404253511,-26.322580645161292,16.129290320516162,-84.0,8.32265983124786,67.05555555555556,13.818153206007356,-106.7,10.59292216529509
1448,49.1764705882353,18.55907989009105,17.257142857142856,14.476271929595406,-14.027027027027026,8.015142717572365,-81.10810810810811,17.410440769035585,73.8529411764706,25.02132308645048,-105.0,16.9625979652213
1449,42.90196078431372,1.4984292685915923,18.58823529411765,5.149439225468492,-20.92452830188679,3.8844103343268745,-79.32692307692308,0.8255803051409877,64.01960784313725,11.586825168840333,-98.48076923076923,2.125761262876328
1450,51.78048780487805,17.1627961152533,22.906976744186046,13.872867870521493,-11.931818181818182,2.766666251783964,-64.79545454545455,16.041961376134413,77.97560975609755,15.54770441039691,-91.77272727272727,18.468478842173266
1451,44.714285714285715,12.360239083613296,24.666666666666668,21.464872250743554,-22.40625,16.91681739978002,-81.9,18.338211472223787,64.42857142857143,13.23980804267202,-110.03333333333333,18.120859680367143
1452,36.8125,1.7929985359726315,14.5,3.1024184114977142,-10.375,0.4841229182759271,-76.0,1.5206906325745548,58.375,12.50687311041413,-96.21875,1.6720940277089682
1453,39.45652173913044,1.8498709912612876,15.782608695652174,3.6825855961495133,-14.695652173913043,13.031516254028809,-65.3409090909091,1.313274564835788,64.1086956521739,11.409813207459251,-85.1590909090909,4.25837774178566
1454,42.94736842105263,24.518464973438682,14.658227848101266,8.378522989906338,-25.68354430379747,24.334974728420146,-69.0,33.25774980478869,63.526315789473685,22.68982712247155,-102.98701298701299,21.50475242340723
1455,36.083333333333336,16.650617272508416,11.941176470588236,1.2588785034725114,-58.294117647058826,12.526511677625523,-97.66666666666667,7.2571803523590805,60.25,14.720309100015529,-112.0,4.189935029992179
1456,50.513513513513516,10.983086804870974,20.324324324324323,7.562546596877857,-11.564102564102564,4.337048930480038,-67.26315789473684,4.902653473409314,74.51351351351352,15.395017835056553,-92.76315789473684,12.535075442273584
1457,36.44827586206897,8.90403320816898,18.866666666666667,12.062982863104612,-12.870967741935484,18.0889236033544,-74.6774193548387,16.706937127402504,62.03448275862069,15.35664016464065,-99.12903225806451,13.258574670351335
1458,42.638888888888886,8.778612829478046,19.61111111111111,9.322248708742668,-14.916666666666666,6.215460115264553,-71.72222222222223,1.3664859862498715,68.55555555555556,19.68705785315775,-93.11111111111111,9.4215408558667
1459,47.8235294117647,5.659300456849738,22.88235294117647,8.917150381946918,-20.291666666666668,4.623122742139655,-87.8695652173913,1.3287571121683588,76.58823529411765,17.947829046267643,-113.95652173913044,7.871126436537669
1460,35.4,8.791473141629906,12.25,1.6695807857064,-11.658536585365853,0.47420053890789227,-68.14634146341463,4.651571859216142,65.175,17.625106382657666,-91.2439024390244,3.654469283846755
1461,39.810810810810814,12.461481925317642,15.162162162162161,6.594483827160122,-21.657894736842106,15.089690303733999,-77.43243243243244,13.787069030858257,55.189189189189186,19.858741472109944,-98.54054054054055,11.6655987545608
1462,56.357142857142854,23.645015007266913,30.5,20.034791167937268,-23.25,11.404494727957044,-62.92857142857143,20.82740051578444,77.78571428571429,23.803296804760265,-93.35714285714286,23.487404353510545
1463,47.25,3.3340772979298827,14.5,3.812573184309291,-25.633333333333333,6.925716970506054,-76.83333333333333,5.247750840968814,67.53571428571429,12.596717664469873,-103.27586206896552,6.399873661059784
1464,37.625,2.6629903974935503,12.517857142857142,3.8775501812566224,-10.87719298245614,0.6232392866081267,-91.82456140350877,1.285858400126926,65.25,15.545153126112515,-110.80701754385964,2.179961342738115
1465,51.96666666666667,13.847944091292236,21.033333333333335,8.179174095768403,-13.483870967741936,3.9665615868230706,-87.80645161290323,14.274767621042223,73.0,16.09554803871762,-111.7741935483871,13.973961216905222
1466,35.92307692307692,17.251361321809398,11.925925925925926,5.40182360103838,-39.22222222222222,39.20915740858707,-76.96153846153847,48.107636343476834,68.1923076923077,16.335471622701768,-118.38461538461539,29.883204599904666
1467,29.853658536585368,14.531817027725925,14.848837209302326,15.415574608440094,-46.67058823529412,17.08138872663607,-83.0,23.07101222179624,50.68292682926829,15.653938995275816,-102.60493827160494,23.658934058800256
1468,48.54347826086956,10.415720814020236,24.77227722772277,17.208610087710962,-11.431372549019608,6.376288495579092,-65.70588235294117,5.759201053138611,70.93478260869566,12.45583881578896,-87.67647058823529,7.973192541758821
1469,43.96875,4.908439002116661,14.878787878787879,6.177954823684732,-17.454545454545453,7.958570410268832,-85.34482758620689,14.921116400103775,62.59375,10.3768353045377,-106.89655172413794,8.388599930801847
1470,37.388888888888886,15.817731104173905,16.466666666666665,11.237536305713197,-9.813559322033898,4.57137214230367,-53.1551724137931,8.605935650383945,57.2037037037037,13.201262046331488,-79.60344827586206,10.808584798703894
1471,45.166666666666664,15.09764514382587,22.7,13.056671347118552,-11.131578947368421,6.040089981168278,-65.71052631578948,2.723271008575824,77.8,21.165065556241494,-93.21052631578948,7.5712680393043605
1472,42.63636363636363,17.991274285420225,21.384615384615383,25.079990373996626,-49.92857142857143,43.681418549889294,-77.16666666666667,43.51021591406884,69.54545454545455,23.08625579455383,-128.9090909090909,21.292143431341678
1473,45.035714285714285,17.329747634089323,18.93103448275862,15.056058545643525,-30.310344827586206,19.330346783688224,-87.17857142857143,22.902048522580074,70.03571428571429,19.957959641737542,-113.42857142857143,26.31461920061678
1474,35.1764705882353,1.3820400146436154,11.264705882352942,0.5034483167242262,-14.441176470588236,6.422346906885951,-77.48484848484848,2.0761446221770474,60.411764705882355,13.2156717286241,-95.3030303030303,2.007332746870205
1475,59.755102040816325,14.664312660534561,28.70175438596491,20.253624247717838,-19.586206896551722,18.46341628152223,-78.37037037037037,19.96042036992977,83.46938775510205,17.934235918836997,-106.51851851851852,23.00220660972168
1476,43.25925925925926,14.796377415992348,16.96551724137931,11.354727888510428,-23.166666666666668,13.513162307748528,-75.11538461538461,20.456947142487625,71.77777777777777,16.23971659425522,-97.46153846153847,19.956164980027076
1477,56.17142857142857,13.100677658122914,25.61111111111111,13.223039190447055,-17.63888888888889,10.309523045810547,-71.8,2.0396078054371136,80.82857142857142,17.400304946893833,-95.31428571428572,11.303024699032502
1478,41.266666666666666,10.791766408805474,21.764705882352942,17.645294029402937,-19.517241379310345,5.834621340165558,-72.82758620689656,7.017559087953104,61.666666666666664,17.831308296239946,-96.0,7.017220198222714
1479,49.38235294117647,19.84352717976963,21.333333333333332,16.121069719124996,-18.37837837837838,14.53114335143911,-72.5945945945946,14.664646694465034,76.67647058823529,22.985571674211442,-100.75,10.638961415476606
1480,40.542857142857144,3.767097079737031,19.8,5.681046181319574,-9.162162162162161,0.43579771612424595,-70.43243243243244,2.331227962470035,55.457142857142856,6.707534599848388,-89.05405405405405,4.053333269257878
1481,61.816326530612244,8.6039228580014,27.442307692307693,11.881487639210421,-17.054545454545455,3.0890903740167563,-76.07407407407408,15.58709325033096,74.04081632653062,8.808528297177823,-99.37735849056604,11.746097569693841
1482,53.23529411764706,14.546191786915573,30.4,20.047942537826668,-12.379310344827585,2.2956299278749297,-85.53571428571429,22.379011440660744,73.6470588235294,18.68607904759611,-113.64285714285714,23.27968808964202
1483,48.083333333333336,10.136224916385565,17.8,7.025667228100119,-12.448275862068966,0.7233164470138976,-78.75862068965517,3.7107037385695465,74.20833333333333,16.391001511669614,-103.3103448275862,8.077655208920309
1484,37.31325301204819,17.343397556865927,13.566265060240964,5.837545224064313,-24.702380952380953,22.778320813724847,-75.42857142857143,28.532473443715435,62.65060240963855,16.451047306126984,-101.92857142857143,20.11265043406744
1485,39.65625,1.4493398281631538,17.09090909090909,3.654500225862142,-17.264705882352942,5.403206148038468,-76.91176470588235,1.4218390547378614,55.40625,11.475134462719817,-96.9090909090909,2.151301739308951
1486,34.88235294117647,11.64111553650491,10.473684210526315,0.5954583420518296,-56.611111111111114,22.16388175209811,-93.83333333333333,17.90639240296294,65.3529411764706,13.336994883629204,-115.16666666666667,17.21352827155303
1487,46.67857142857143,9.90690081072125,18.366666666666667,8.638994283029838,-20.482758620689655,23.999455007684528,-83.58620689655173,18.84879442111902,75.64285714285714,13.382329195393364,-107.06896551724138,20.470215595250878
1488,20.35483870967742,1.1790752827417461,9.0,0.6221710168382552,-63.935483870967744,0.9816209067550282,-100.92,3.5090739519138094,36.38709677419355,10.612461996907035,-125.58333333333333,8.311220661785422
1489,63.357142857142854,8.515591941987882,31.61904761904762,21.636556786354916,-16.452380952380953,9.276705031196565,-70.5952380952381,3.1400600829065417,88.28571428571429,6.122891140496239,-88.36585365853658,3.766062170393248
1490,49.83870967741935,20.14159037541963,33.15217391304348,19.720842418844196,-24.617021276595743,11.352295093643589,-71.44680851063829,9.05258517358627,74.93548387096774,13.4666505256048,-94.29787234042553,11.619709766062698
1491,43.92857142857143,8.70520604264471,19.821428571428573,9.532102044552142,-24.79310344827586,6.758796619807342,-75.6896551724138,3.8694510728566995,69.71428571428571,16.28728062642999,-102.79310344827586,6.819744713317038
1492,46.3448275862069,6.598201751203416,12.172413793103448,3.778970535944133,-23.6875,17.214524209225186,-81.79310344827586,4.574135006562877,65.34482758620689,9.322852390465668,-102.10344827586206,11.305612971489769
1493,46.86666666666667,20.165537158451517,24.8125,18.60852879058417,-22.5625,9.886662417115293,-79.5625,16.06225680749751,84.2,21.150886506243655,-103.8125,21.18731563341614
1494,37.130434782608695,1.676029153686642,15.5,1.6832508230603465,-11.32,0.46647615158762407,-88.0,8.804544281222055,68.47826086956522,16.327809206907226,-108.5,10.140677163450837
1495,37.44,14.119716711039212,18.448275862068964,11.550746227264227,-27.689655172413794,23.49923468786966,-67.6896551724138,34.87030497209067,63.72,13.765231563617082,-107.41379310344827,19.322163870717198
1496,52.8235294117647,22.271678914282592,24.333333333333332,19.71463077682833,-10.823529411764707,3.4680948171726294,-73.6470588235294,14.162673295634999,76.94117647058823,19.853790831491672,-108.05882352941177,12.026786711999053
1497,33.266666666666666,2.8394052585395806,53.903225806451616,21.988053704755337,-62.59848484848485,1.4916934066581515,,,64.46666666666667,2.36267268622258,,
1498,47.90625,17.845446504290667,23.545454545454547,17.905629568600315,-9.787878787878787,0.6856793029687733,-65.42424242424242,21.197527447337446,59.3125,17.373538607606683,-90.48484848484848,21.087295057826434
1499,35.5,2.8284271247461903,12.878787878787879,3.4532161184995642,-8.823529411764707,1.1997692973159493,-78.08823529411765,2.3809000653339623,64.59375,12.416872027104894,-98.23529411764706,3.9635013006877684
1500,36.774193548387096,1.9127699458546576,11.46875,2.22182884973168,-8.852941176470589,0.3541645464350675,-81.52941176470588,11.306518926805655,57.54838709677419,11.253210895698139,-106.47058823529412,4.420775112483749
1501,68.11111111111111,20.371245772435906,26.7,15.42757271899893,-37.1,17.478272225823694,-87.6,15.47384890710776,90.88888888888889,9.386094258641279,-110.0,17.59545395833822
1502,35.5,7.1905872816165335,15.833333333333334,3.435921354681384,-48.666666666666664,22.503086208093524,-82.11764705882354,34.94345407510486,58.31818181818182,8.460530628299663,-102.52941176470588,33.79369528226308
1503,48.16129032258065,18.96702873357419,20.125,13.513303630126869,-9.970588235294118,3.004754018684852,-80.11764705882354,25.05965201613044,67.64516129032258,16.071510331291957,-104.12121212121212,22.696625801497156
1504,46.06666666666667,14.521095765203885,30.03846153846154,19.318147644180762,-9.03125,0.5854685623498498,-60.46875,15.74004521713645,66.0,16.713268182295565,-88.15625,15.576643924077484
1505,50.094339622641506,21.142164033882622,20.53448275862069,20.264811966628415,-15.067796610169491,16.82901490291991,-81.13559322033899,16.15649906187059,72.35849056603773,20.52434756586986,-104.8103448275862,15.467938917769638
1506,49.13793103448276,5.775836335506236,27.714285714285715,6.9716627595325535,-35.72222222222222,14.18452034028471,-93.1,8.494508029701702,66.0,9.180188563911175,-109.53333333333333,8.92088685177781
1507,44.07142857142857,7.796192163158753,21.0,12.994504332876375,-16.071428571428573,5.4702348567273695,-78.42857142857143,2.7957693986829892,62.214285714285715,9.174331983688992,-98.57142857142857,3.793119442100501
1508,60.717948717948715,21.546549153115603,21.634146341463413,14.961342214408203,-24.666666666666668,19.5310091254988,-48.88095238095238,26.092511588533068,80.8974358974359,18.0906476359172,-88.36585365853658,14.83199589805929
1509,44.5,18.601075237738275,25.03846153846154,20.816932400241228,-15.851851851851851,15.890140674163927,-91.85185185185185,18.15306055963445,69.16666666666667,19.078056038868905,-110.74074074074075,14.188134303242927
1510,63.95774647887324,16.33663180045429,25.935064935064936,10.261942883734552,-10.051948051948052,0.6624649737587974,-75.48684210526316,21.95299609156167,81.64788732394366,15.67729010747918,-105.3157894736842,21.28392680325238
1511,57.54545454545455,7.866657328285067,15.969696969696969,6.806791833139,-18.09090909090909,5.148483956694592,-72.78787878787878,10.397428515882346,75.45454545454545,9.221486467602515,-99.51515151515152,11.688173800693802
1512,49.48148148148148,8.198330319487917,15.892857142857142,10.50625421123154,-14.451612903225806,11.003925134527456,-76.96774193548387,6.327022797634746,76.37037037037037,9.499115546150708,-97.2258064516129,6.959373708470607
1513,56.34782608695652,11.517882865739027,32.44827586206897,14.446300580966195,-9.60655737704918,0.5209917567892034,-51.65573770491803,1.8981029865617758,71.76086956521739,6.481360507367648,-71.63333333333334,4.932770238134168
1514,40.76470588235294,1.5914999127610214,18.294117647058822,3.391420071858723,-10.117647058823529,0.582323231565392,-79.4375,1.7666617531378213,59.76470588235294,12.307479369997194,-101.9375,2.9040650388722358
1515,38.16129032258065,1.5260485383890159,12.290322580645162,2.516956026210472,-9.516129032258064,2.8155211256812,-80.03225806451613,2.2213606839595887,58.45161290322581,9.520228750563682,-99.64516129032258,4.0524654948424494
1516,44.888888888888886,15.278484832123638,14.833333333333334,1.8027756377319946,-72.6,21.09360092539915,-80.5,25.21738818090935,60.44444444444444,16.816731820892027,-102.5,15.052685253247454
1517,38.53333333333333,7.017755259973725,16.21212121212121,11.499031779419322,-21.513513513513512,10.4250779286001,-78.25714285714285,11.445130860246346,53.43333333333333,10.297842276688627,-98.97142857142858,13.269698487877697
1518,47.73076923076923,15.40369009812432,24.903225806451612,11.637965786970199,-35.516129032258064,26.81702753216266,-69.73333333333333,32.09250518250155,69.07692307692308,9.71486995408853,-108.82758620689656,12.398745669365221
1519,33.75,18.517221713853296,10.757575757575758,5.851859600991409,-48.81818181818182,26.2383648620414,-79.16,34.253969113082356,64.45,18.445798979713512,-102.88,20.8217578508636
1520,59.15,18.270946882961486,31.36,15.54832466859372,-24.612903225806452,18.635168658375985,-84.07692307692308,22.73919536652869,73.8,15.948667655951702,-105.65384615384616,20.665732147860155
1521,39.689655172413794,5.496729110623581,18.066666666666666,10.347087620302739,-19.7,8.959724698151536,-80.4,14.573034458661427,60.89655172413793,10.182286267171776,-100.96666666666667,16.793814999047186
1522,39.69230769230769,6.2435765808317,17.576923076923077,3.341730055422432,-20.115384615384617,8.536468928962837,-80.88,2.103711006768753,59.92307692307692,14.00528218187991,-107.72,3.7685010282604408
1523,39.74074074074074,16.89968790549562,16.555555555555557,11.997942210393855,-15.777777777777779,11.570503152839834,-85.11538461538461,11.38935712063248,71.25925925925925,20.480510324574603,-106.42307692307692,11.639366480655463
1524,47.35897435897436,2.88663746790923,19.073170731707318,14.589321594255395,-15.095238095238095,20.02713578623897,-77.29268292682927,6.447702946763949,62.64102564102564,8.680916823514579,-100.0,8.57676953227473
1525,47.793103448275865,8.691570670105397,18.96875,10.666783650074656,-15.3125,16.1718070650747,-80.06451612903226,13.35359196299842,69.86206896551724,9.561864404591578,-101.16129032258064,13.720944137066043
1526,42.2972972972973,6.0576726637218945,20.026666666666667,7.39003533294816,-19.266666666666666,4.170797951897881,-72.24,8.239482184377042,67.13513513513513,15.507909337133922,-96.17567567567568,8.84912288844571
1527,34.529411764705884,6.731118664643245,18.058823529411764,6.004611837729339,-11.53125,0.5581428468591172,-82.46875,1.903686801314754,57.76470588235294,15.233590638356548,-103.3125,2.554866679496212
1528,53.25,11.903255857117413,21.25,9.093266739736606,-22.0,5.477225575051661,-154.25,34.86671048435743,134.25,46.45091495331389,-190.66666666666666,56.013887166983466
1529,28.65714285714286,0.9544738907708609,9.742857142857142,0.8050858744917353,-23.166666666666668,4.330127018922194,-71.80555555555556,1.3707144212750362,41.42857142857143,10.991648035240768,-90.88888888888889,5.1086950811433995
1530,62.90909090909091,11.369453056762113,29.136363636363637,16.254497152663642,-34.65217391304348,23.456914611691563,-89.84210526315789,1.1815760168759815,77.0909090909091,11.896940366440635,-110.21052631578948,2.4187632195949593
1531,29.032258064516128,9.933598480516132,9.9375,2.3443749166888814,-50.0,24.842731136543353,-79.0,32.82099010243822,51.225806451612904,8.694490941782192,-100.47826086956522,26.60478800519772
1532,69.4090909090909,21.523051259921072,24.52173913043478,20.108119850745545,-20.272727272727273,12.860021978568163,-72.72727272727273,30.638926248367326,83.77272727272727,20.716554246174983,-113.5,30.05109285563808
1533,53.02564102564103,23.915971682375005,13.948717948717949,3.320092043431526,-26.846153846153847,19.15060213492457,-56.64102564102564,28.975221226108122,77.43589743589743,23.466063736202795,-89.46153846153847,19.082608747430083
1534,44.38461538461539,11.118511670864402,18.137931034482758,12.425569127133565,-11.10344827586207,2.6953961718431456,-79.03448275862068,11.719370227344335,70.26923076923077,16.449357463036225,-109.89655172413794,8.498863321913467
1535,79.0,29.202739597510366,44.0,35.12833614050059,-32.5,14.17215579931296,-108.55555555555556,2.543449587168799,105.2,16.387800340497197,-128.44444444444446,3.130889511912305
1536,59.45161290322581,2.499531693911034,24.96969696969697,7.436538981904469,-22.176470588235293,6.312781563832568,-75.41176470588235,6.826064437825252,75.90322580645162,4.168660639780673,-103.3529411764706,6.738311679542393
1537,54.7037037037037,1.8219813149998285,11.88888888888889,0.4969039949999533,-10.482758620689655,0.4997026464203255,-86.89655172413794,2.3095726965021175,73.0,6.134299440818783,-110.41379310344827,2.55312170488452
1538,54.42857142857143,16.76290243243048,25.64406779661017,13.982752950088198,-9.633333333333333,0.6046119049072352,-54.86666666666667,6.278180911343314,72.0,10.773645092141683,-76.78333333333333,10.564234735917012
1539,43.975,23.161916479428037,16.175,10.283208400105485,-13.878048780487806,6.918321810999203,-67.275,4.341586691521891,74.75,19.627467997681208,-100.65,11.965680089322127
1540,,,29.0,13.844373104863458,-20.09090909090909,9.599127600397091,-87.78787878787878,1.0942709142586537,,,-105.48484848484848,2.4755925170303157
1541,49.375,8.85914075968996,22.22222222222222,11.50630530311077,-32.3,24.176641619546746,-66.73684210526316,21.34390608276297,70.375,10.343325142332132,-93.63157894736842,18.218586594654518
1542,37.138888888888886,5.783850974806097,13.777777777777779,5.588237205213142,-10.513513513513514,5.133997028929859,-76.56756756756756,13.082979536127539,57.916666666666664,9.426248812049609,-98.32432432432432,14.656525258449578
1543,40.77272727272727,2.6445796741434284,14.434782608695652,11.166043583139334,-18.041666666666668,8.25872854755635,-89.45833333333333,1.1172573064826603,76.0909090909091,23.901139362170948,-111.45833333333333,2.1790511441654803
1544,52.183673469387756,1.5276161151999461,15.122448979591837,7.969668656368022,-8.333333333333334,0.4714045207910317,-52.58163265306123,7.4105873922186,66.0,7.329003050503235,-79.59183673469387,14.089970911959863
1545,42.04,12.773347251210234,19.23076923076923,4.924879477695113,-25.70967741935484,10.430085356367083,-80.29032258064517,7.972507390369112,69.0,14.781068973521503,-101.43333333333334,8.961708666444263
1546,38.048780487804876,15.653178932980735,13.0,5.8767835901838055,-10.707317073170731,8.568928277579051,-75.09756097560975,13.134955927672225,60.048780487804876,20.85951992936371,-103.7,14.503792607452716
1547,55.0,15.982132881082281,15.571428571428571,7.063126439618706,-21.862068965517242,13.803358256875663,-42.857142857142854,16.278193752278987,77.23809523809524,15.949040161908423,-101.11111111111111,18.72082091689542
1548,42.36734693877551,8.287423167498117,16.551020408163264,7.163003658225143,-10.12,2.9775157430314283,-66.3,2.9949958263743874,69.79591836734694,16.604621426820607,-89.7,10.48284312579369
1549,37.214285714285715,3.609087170474223,15.357142857142858,2.9906316307797605,-14.214285714285714,3.50873545451861,-85.64285714285714,1.9678539019937014,68.03571428571429,18.135368251917384,-107.57142857142857,4.048179232944215
1550,44.95238095238095,7.20764270609225,18.304347826086957,8.253772695265116,-29.73913043478261,18.05117698512216,-100.22727272727273,6.359901501394343,77.14285714285714,16.81067040470969,-126.86363636363636,12.678885291357634
1551,46.166666666666664,9.645090864153524,19.63157894736842,4.770639660473542,-26.38095238095238,19.16464053177148,-69.25,7.515816655560458,67.61111111111111,9.262462408913906,-93.6,7.598684096605148
1552,43.42424242424242,7.710796457035845,18.47222222222222,5.2466185465344735,-13.25,2.2282903261868228,-75.91666666666667,6.981622702177163,57.36363636363637,7.815362423276514,-100.47222222222223,5.449190108585511
1553,43.1,9.95607017519128,15.483870967741936,11.62691806650783,-16.696969696969695,12.880534640900796,-69.90625,8.332389269441268,65.68333333333334,12.36728435115091,-89.453125,11.249902343326141
1554,53.111111111111114,20.847476680658918,27.764705882352942,22.587162964742777,-14.864864864864865,10.738066065152344,-71.52777777777777,18.522488000492675,80.11111111111111,19.282180092920054,-97.22222222222223,15.839667349044774
1555,31.310344827586206,16.63213227517822,12.379310344827585,3.517579429325956,-14.166666666666666,7.497036451529068,-81.93103448275862,19.12739691445098,62.44827586206897,23.191238248746163,-102.62068965517241,15.894943444711673
1556,32.5,10.220777158038704,13.4,10.821583371515775,-9.617647058823529,0.4859621071134796,-71.0,0.6859943405700354,61.75,17.74949697476362,-89.5,1.1943494414262914
1557,58.5,16.28649747490233,28.11111111111111,10.921719215273939,-21.06896551724138,19.217325219317537,-49.64,22.87860135585215,78.0,13.654466098842695,-98.20833333333333,19.8304882413139
1558,39.65384615384615,9.73076923076923,17.178571428571427,15.007268647055596,-29.82758620689655,12.990895924924637,-79.44,1.022936948203554,52.0,7.775701798650618,-98.2,3.370459909270543
1559,57.833333333333336,15.792930908057146,17.7027027027027,12.019949329534933,-19.878048780487806,18.447281671584875,-67.775,25.469086654216714,78.69444444444444,15.410709559777008,-94.0,23.335595128472725
1560,42.375,16.792390389697353,23.3,17.67512376194294,-25.5,9.420721840708387,-84.91666666666667,3.2521360501813095,59.125,13.99497677740124,-105.33333333333333,3.1710495984067415
1561,38.733333333333334,1.4817407180595243,14.866666666666667,3.16999824745833,-25.466666666666665,7.116803277377342,-85.96666666666667,2.509758731210808,57.46666666666667,9.87499648382497,-105.96666666666667,6.564974401236373
1562,44.64,4.922438420132852,13.148148148148149,5.948567855678179,-23.6,12.368238893768723,-68.35714285714286,18.258489778171466,61.04,9.484640214578516,-93.32142857142857,20.01794475576596
1563,32.142857142857146,1.7871422861709718,14.535714285714286,1.9176276798084,-9.379310344827585,0.5517241379310344,-78.03448275862068,4.246562574362775,56.107142857142854,18.137056159213078,-97.10714285714286,1.6331233378819536
1564,42.44444444444444,2.753224820747526,22.3,7.470609078247904,-10.818181818181818,0.7158188976374373,-70.54545454545455,2.6410616447879907,66.0,10.708252269472673,-93.36363636363636,3.053246477044848
1565,50.369565217391305,21.62864314187994,13.438775510204081,13.039239309328243,-13.091836734693878,12.905533328923553,-68.8,7.534621842918825,70.90217391304348,15.550101203786912,-92.21052631578948,9.128203532075284
1566,35.64473684210526,5.85505617611691,16.155844155844157,3.868168246871148,-19.272727272727273,6.3545389517459245,-85.04,18.680785136961813,59.71052631578947,19.81481090754941,-108.17333333333333,14.787718628044768
1567,46.270270270270274,20.08582752824791,16.64864864864865,5.813387235237515,-23.56756756756757,11.343626715307828,-71.58333333333333,13.768674187767276,68.62162162162163,22.098491267262165,-106.94444444444444,14.387387309037278
1568,44.0,17.34269963901903,11.884615384615385,3.06753375101391,-24.962962962962962,8.933836973702975,-83.03846153846153,13.924192475496543,77.42307692307692,21.018623750823895,-104.53846153846153,15.092613499607042
1569,42.172413793103445,18.322906269847117,22.933333333333334,19.749992967649945,-14.3,21.93042027261068,-84.48275862068965,2.499940546260946,61.41379310344828,19.155475027871294,-101.65517241379311,3.208564638469826
1570,43.48571428571429,11.60633183979806,20.583333333333332,7.740137093244682,-17.526315789473685,7.239281885385213,-69.78947368421052,5.3071842804023275,66.28571428571429,20.816986784246904,-91.39473684210526,6.670987750125679
1571,47.08695652173913,21.76337778186949,26.5,20.97220382633483,-12.714285714285714,0.7953949089757173,-84.03571428571429,7.7158563215958225,71.69565217391305,21.05156150897062,-106.64285714285714,7.1174548305771586
1572,43.34285714285714,1.4917459979664698,15.083333333333334,5.417948566262573,-16.486486486486488,6.524886336885635,-71.64864864864865,1.278009774868853,69.37142857142857,18.347573937383522,-93.5945945945946,0.8840771477727636
1573,56.4054054054054,3.7880285071236717,22.756756756756758,8.681777764781183,-27.605263157894736,5.446096978494689,-75.05263157894737,4.084291914544465,80.51351351351352,13.761720550864547,-94.26315789473684,5.852054117668589
1574,59.8,11.7881296226331,22.928571428571427,8.639314504174555,-31.666666666666668,15.762120556715853,-72.62962962962963,10.632403819171698,84.7,8.544588931013593,-104.0,8.567812288292
1575,69.0,19.502913535255093,28.416666666666668,19.111333170544526,-8.916666666666666,0.2763853991962833,-83.41666666666667,18.585201699799285,97.27272727272727,15.214173470161477,-106.75,20.30240133580262
1576,50.096774193548384,1.2535070469500287,24.096774193548388,6.285440620013932,-9.53125,0.4990224819584785,-69.1875,2.4550649176752946,64.12903225806451,2.2964479652332503,-95.34375,1.91391899972282
1577,54.36,4.96290237663406,27.28,4.6948482403587875,-42.08,23.03374915205946,-100.45833333333333,30.670261338233743,75.96,11.251595442425042,-127.52173913043478,20.03012853551715
1578,44.64705882352941,13.749614653297991,32.1,20.527786047209283,-9.81081081081081,0.3916588309780929,-75.4054054054054,0.9989037087879097,75.88235294117646,19.43884029747471,-95.0,2.41522945769824
1579,36.833333333333336,12.266711956438131,15.2,7.533923280734945,-48.25,26.68371850648506,-89.0,19.173845822796313,67.66666666666667,22.253588973966025,-118.54545454545455,10.781833512176744
1580,33.28260869565217,8.179143793497397,14.122448979591837,9.569579038917585,-8.26530612244898,0.5258815806826582,-70.55102040816327,10.642734849709267,60.608695652173914,16.254067398479954,-92.61224489795919,4.809923104016904
1581,31.6875,11.370019514055373,12.8125,8.342052729993979,-36.21875,21.75105511090209,-86.84375,20.39777772056309,59.375,8.373134120507087,-111.09375,12.809565212664324
1582,56.45783132530121,6.229160350347713,22.216867469879517,7.986506983764109,-11.75,0.6703765821571946,-64.88095238095238,2.352327934625217,79.57831325301204,10.713262225686925,-91.20238095238095,11.520974415123181
1583,38.53125,6.274872384160494,18.6875,3.77853725004796,-12.8125,2.4550649176752946,-75.59375,1.6556602723687006,60.9375,11.715207797986341,-96.625,3.7893765978060294
1584,38.29577464788732,16.634762825453077,25.99,17.922887602169467,-11.12,3.185215848258953,-64.31,2.512747500247488,66.6056338028169,14.19331212597455,-87.27,6.460425682569222
1585,42.666666666666664,9.371351141762975,18.258064516129032,8.412616262669683,-10.6875,0.6343057228182637,-72.0625,9.307045382397144,66.13333333333334,13.90379644397729,-93.34375,13.272644270735956
1586,44.833333333333336,12.455476261022254,21.161290322580644,11.843323351681615,-21.264705882352942,8.71546571105375,-74.84848484848484,3.4300031992317632,67.0,14.63329536821195,-94.84848484848484,8.330743399187359
1587,45.4,6.629802841283119,16.085714285714285,9.87456018137062,-11.685714285714285,1.8787751111741253,-72.8,7.782030583337487,64.08571428571429,8.408741806923924,-97.26470588235294,3.2567470555882974
1588,43.0,7.554248252914824,18.96875,8.840547123198881,-10.969696969696969,0.3880681356019908,-82.96875,4.1418924946816285,65.13333333333334,13.86057558529066,-103.34375,5.365453003941046
1589,24.176470588235293,3.8307623894505736,10.63888888888889,0.4803226796052939,-67.91666666666667,1.4976833963009524,-104.48148148148148,5.273064822285749,54.44117647058823,3.4230290719889687,-117.73076923076923,1.0582166532459696
1590,36.45652173913044,13.262740423980077,20.06382978723404,17.208859983406057,-9.5625,0.49607837082461076,-82.27083333333333,1.8679264722026816,65.30434782608695,25.33417486082815,-104.9375,2.105610065990377
1591,29.147058823529413,11.42786160054652,14.944444444444445,14.821051927812466,-56.638888888888886,17.225873268909858,-94.34285714285714,20.342696628580217,50.11764705882353,13.693632495954319,-123.14285714285714,12.574674905523079
1592,40.73529411764706,3.7283399833091764,18.014705882352942,4.1248623758105145,-17.38235294117647,16.329357730034346,-51.83582089552239,29.019086367076792,59.11764705882353,10.068193090655672,-80.61194029850746,22.06364959721475
1593,31.88235294117647,8.740590590768598,9.5,0.8134892168199607,-56.26470588235294,16.22146149854534,-94.72,19.441234528702132,54.76470588235294,8.387872279910027,-112.45833333333333,13.175036896427358
1594,38.13636363636363,16.581192671615124,20.551724137931036,18.958368558677687,-16.032258064516128,13.845888806307402,-86.35483870967742,18.681625243757004,64.5,16.697169057820986,-111.87096774193549,19.358655537633958
1595,66.0,21.625216761919404,39.5,19.462112154743366,-16.26086956521739,13.217963374347633,-65.55813953488372,27.69879715764802,84.4,12.187698716328692,-92.14285714285714,24.55273375194456
1596,43.10344827586207,2.708159160837498,18.482758620689655,3.8112418978339586,-9.7,1.2423096769056152,-78.56666666666666,10.815677920911332,67.41379310344827,11.607123975889833,-98.96666666666667,8.352577779078478
1597,49.17857142857143,6.866344272862335,18.17241379310345,11.129547394574752,-19.53125,6.304682659539654,-77.0625,1.9990231989649345,69.85714285714286,11.05736433886706,-98.29032258064517,5.669349102920056
1598,40.03225806451613,16.05129654288389,17.818181818181817,7.2549023987526535,-25.61764705882353,8.758238830087034,-73.81818181818181,13.903246940268797,54.12903225806452,16.338638028056764,-93.87878787878788,16.570798659923785
1599,39.148148148148145,10.03218414867206,19.0,12.159854808570588,-20.625,24.196784393799106,-77.60714285714286,13.449214755926102,61.03703703703704,11.98913545668028,-99.21428571428571,4.981086677603184
1600,31.6,16.3560386402087,13.0,8.735427425586701,-37.583333333333336,31.038842153376503,-70.69565217391305,34.46792432368628,60.4,17.34358671094304,-99.43478260869566,27.423928122141678
1601,39.96153846153846,18.864865122620795,24.2972972972973,22.49067658466367,-9.95,0.6689544080129826,-64.02564102564102,1.9934145359565965,82.96153846153847,21.957092369561227,-86.17948717948718,4.482855059067254
1602,43.30769230769231,1.976189627486943,20.423076923076923,2.559643558765359,-16.185185185185187,6.176640804869027,-76.77777777777777,11.183100124521006,62.57692307692308,14.366555919707508,-97.25925925925925,8.733047461786846
1603,35.3235294117647,9.434668821879585,13.557142857142857,13.87148742079616,-17.428571428571427,13.506158837012553,-77.8695652173913,21.702810239108025,56.838235294117645,12.11417533077001,-100.38235294117646,20.86442892733151
1604,26.103448275862068,3.294141378225653,11.4,3.702251567177286,-70.56666666666666,31.965276299273384,-89.52941176470588,38.07904726789327,54.41379310344828,10.23690834719731,-114.76470588235294,18.164378235386994
1605,39.911764705882355,7.047601373595648,19.529411764705884,10.059339512049743,-10.82857142857143,0.6540298938434056,-65.11428571428571,12.689188713392264,58.26470588235294,10.536515842059243,-98.32352941176471,8.824166643656344
1606,46.91379310344828,12.889830905980885,17.34426229508197,10.233159289581852,-27.603174603174605,15.442201178053663,-59.49152542372882,17.04766287610971,64.51724137931035,9.803661137572877,-78.1864406779661,12.581227037610624
1607,53.42857142857143,17.306952714007686,26.08888888888889,15.983077470628077,-12.787234042553191,0.7700834498235685,-61.56521739130435,9.085708256264802,75.57142857142857,14.51787544660007,-88.23913043478261,11.83800949522654
1608,53.26923076923077,8.95096768429018,22.46153846153846,7.3287147012008615,-23.806451612903224,5.342582164379183,-75.63333333333334,3.351450763806955,72.96153846153847,8.842557797513503,-94.43333333333334,3.8356514729863327
1609,34.3,17.27454775095429,10.916666666666666,4.290655220618667,-51.5,35.5117351495718,-99.54545454545455,35.448717469718616,65.9,27.88709378906307,-127.27272727272727,15.184267630382257
1610,43.958333333333336,17.840681897157282,11.517241379310345,5.957439218757025,-21.517241379310345,20.259728509695375,-67.92857142857143,40.253596619635445,64.91666666666667,15.609603525465413,-113.07407407407408,25.547234286674104
1611,28.783783783783782,2.157765800671575,13.891891891891891,1.9970760218282342,-19.13157894736842,7.182475209738224,-78.0,9.16515138991168,48.945945945945944,11.481938686349016,-97.86842105263158,11.232403905973342
1612,52.0,10.430723848324238,27.23076923076923,12.92078734296522,-10.035714285714286,0.8652886742561227,-97.46428571428571,14.04452649574901,82.24,15.479741599910511,-123.22222222222223,3.899984172174276
1613,45.88095238095238,19.422866225825267,20.86046511627907,15.148230989433987,-16.955555555555556,7.817233257519513,-67.31818181818181,22.518449735991968,67.45238095238095,19.137599965155083,-92.43181818181819,21.61165271463178
1614,34.875,15.251536807810549,12.088235294117647,5.837846334650273,-49.529411764705884,25.39017328916798,-83.46428571428571,32.83669783169123,54.875,14.576843794182608,-99.46428571428571,30.271960320280765
1615,38.0,1.5617376188860606,14.682926829268293,3.978227478751664,-9.666666666666666,0.5194624816493197,-66.97619047619048,1.7249995892076149,68.92682926829268,19.408811481314153,-85.3170731707317,2.2024268697501093
1616,52.791666666666664,14.4019071846598,22.2,16.06237840420901,-23.076923076923077,12.925594992771504,-91.65384615384616,1.859327994657203,87.41666666666667,18.238961654168317,-109.88,3.2780481997676603
1617,43.266666666666666,14.614908674211945,23.96875,17.761412484301466,-21.40625,14.886779736984758,-59.354838709677416,27.615503344570516,63.56666666666667,16.4127660340629,-84.96774193548387,23.423842100990015
1618,41.28125,1.4412315697000257,17.03125,4.216666152009191,-16.363636363636363,5.542224593385419,-77.0909090909091,2.4291616756158887,58.84375,7.458675213300282,-99.28125,4.6986326135908945
1619,59.45454545454545,18.965823982596774,24.272727272727273,8.046353313948659,-24.0,7.096734204099542,-100.54545454545455,27.407244020393378,96.54545454545455,18.212701044568952,-136.1818181818182,8.819587516825385
1620,32.07692307692308,3.422284552486161,10.974358974358974,0.3571381609534389,-23.205128205128204,7.609641277233694,-87.25641025641026,1.2953159938784706,51.76923076923077,12.281863924484998,-105.35897435897436,4.060359839347193
1621,41.523809523809526,16.102703256105634,17.80952380952381,14.036072736648265,-15.5,10.206207261596576,-80.625,3.0524921512320606,66.0952380952381,17.63088405504268,-103.78260869565217,8.102369603684282
1622,47.81481481481482,1.9058785674472012,12.333333333333334,3.1387659759612294,-10.321428571428571,0.5380899704756915,-75.14285714285714,0.7423074889580903,65.55555555555556,11.773584159066315,-95.57142857142857,1.720227796970328
1623,56.389830508474574,18.05266959849123,27.34375,18.019276787304754,-16.301369863013697,9.484933880961693,-72.94520547945206,12.55005366026721,82.47457627118644,11.327716020636407,-101.56944444444444,14.514194574133366
1624,44.458333333333336,3.2012909722311855,11.75,4.389855730355308,-10.291666666666666,0.45452967144315476,-89.875,13.49787791963364,73.54166666666667,19.34549725101138,-112.70833333333333,13.596810798451557
1625,49.0,11.89320292696921,23.2,11.992775603114845,-15.366666666666667,6.441963123838018,-80.06666666666666,17.89959651935081,68.75862068965517,12.392030732842374,-104.2,12.292002820262178
1626,37.75,12.871965661856,22.0,21.91802910847597,-12.461538461538462,5.386812738465106,-49.38461538461539,20.510929400006987,54.375,12.598983093884998,-86.38461538461539,21.706214854589675
1627,39.285714285714285,13.494770970172668,9.903225806451612,0.46523242264051473,-63.41935483870968,15.56831810492145,-96.96153846153847,14.058889247159795,62.476190476190474,17.308459389556,-117.2,10.442221985765292
1628,56.57142857142857,12.488361929151052,37.0,21.354156504062622,-12.285714285714286,2.4619554199448697,-70.0,31.46671012600215,87.85714285714286,21.885602386882905,-97.46153846153847,23.799209374765063
1629,43.03448275862069,14.770620323211254,19.676470588235293,11.996863777022272,-10.714285714285714,8.466982692693266,-75.11764705882354,16.09670171893527,62.37931034482759,16.42414915258762,-101.0,14.002100682733708
1630,46.36842105263158,16.626581527674258,25.727272727272727,18.300973193650407,-20.6875,14.719114910550838,-73.23333333333333,21.311473175003385,63.473684210526315,15.530507908638308,-95.23333333333333,22.01163833571282
1631,57.91011235955056,14.353984256377013,31.36,15.08344788170132,-11.326923076923077,8.019738039665137,-70.5576923076923,8.01300256203451,75.78651685393258,11.540326860512607,-92.125,8.109452580405545
1632,33.26923076923077,14.8312499922077,14.636363636363637,5.953446579150509,-33.06060606060606,22.36737260405093,-57.774193548387096,31.18075262124144,54.76923076923077,14.283685401150967,-92.64516129032258,18.887695921738306
1633,41.90909090909091,5.5506681899904535,11.151515151515152,3.3585820612114934,-10.794117647058824,0.963431726715247,-77.3030303030303,6.407783375470844,59.42424242424242,9.920991834062434,-97.24242424242425,8.157652302761232
1634,45.34615384615385,13.114707855311819,17.115384615384617,7.376297398668893,-30.12,7.050219854727936,-80.68,13.062067217710986,59.03846153846154,14.22208674840967,-109.66666666666667,12.280291346525763
1635,40.92307692307692,1.9399261866028448,16.0,2.9742484506432625,-10.222222222222221,0.41573970964154894,-84.96153846153847,0.7060599904109931,64.92307692307692,15.367105420152582,-105.53846153846153,1.3076923076923075
1636,42.583333333333336,14.834971819618968,20.666666666666668,16.775202156975855,-24.06451612903226,19.779323651750772,-64.13333333333334,16.48177444600213,71.0,12.86791876463841,-91.83333333333333,17.343746871871588
1637,39.2,12.253978945632314,33.94444444444444,8.618276588624008,-19.083333333333332,8.619664211041583,-81.97222222222223,0.7632573146685605,68.8,5.564171097297422,-99.11111111111111,1.6629588385661962
1638,33.03448275862069,10.473226155859125,22.516129032258064,14.566578998697192,-24.37142857142857,5.155223228009845,-73.02857142857142,2.3112855332750497,53.55172413793103,13.171511072154939,-95.0,3.9496835316262997
1639,48.833333333333336,21.04294550569277,25.0,17.84656829757475,-53.75409836065574,12.426380897905608,-89.6,17.49056888726036,79.16666666666667,17.658016750347578,-105.36,16.28466763553988
1640,37.111111111111114,24.20029588636582,18.5,15.036067748362047,-41.166666666666664,32.19687700521416,-78.9090909090909,42.44237707646482,68.77777777777777,14.740554623801778,-122.0,14.303845636750978
1641,44.416666666666664,14.5599813034068,19.666666666666668,9.681023820971737,-15.333333333333334,14.741287445659404,-89.33333333333333,16.577260194481944,78.70833333333333,20.300819291075147,-106.70833333333333,14.099288299611281
1642,50.52173913043478,11.228339786750741,16.666666666666668,16.306099744846676,-32.09375,11.465599022183708,-85.74193548387096,14.76038233164991,71.1304347826087,11.580734931345875,-104.16129032258064,17.491189992888582
1643,38.357142857142854,12.669463529386277,17.464285714285715,7.316723226657559,-28.133333333333333,13.635085461982099,-83.10344827586206,9.404125388162907,65.89285714285714,15.159483796607054,-105.10344827586206,10.729735760432497
1644,44.54838709677419,5.907014472573125,16.794117647058822,11.74177913106143,-26.142857142857142,7.642523357197289,-72.03030303030303,9.163447969844727,64.54838709677419,10.102183442294493,-89.15625,9.575715949081824
1645,50.92307692307692,21.639392634948592,29.028169014084508,19.154649956534044,-22.96,10.889064851185951,-80.19718309859155,17.722127267401277,70.73076923076923,22.431189982336395,-101.59154929577464,18.74031390359608
1646,41.738461538461536,5.141915007157198,13.121212121212121,7.394746602733656,-11.130434782608695,0.9767298808982173,-67.53623188405797,0.9865723144995657,62.815384615384616,11.710471721027899,-87.98529411764706,3.5665630475737196
1647,38.03030303030303,1.4245647604294738,12.606060606060606,1.999081515450987,-14.878787878787879,2.8150846454529916,-74.66666666666667,1.3632996217214537,53.90909090909091,8.525767134643061,-95.45454545454545,2.861350699178879
1648,52.375,9.209652997444222,20.28,5.063753548505298,-20.88,12.672237371514155,-102.41666666666667,26.447931025990588,76.04166666666667,11.85846802453373,-126.875,23.172024260589176
1649,46.3728813559322,13.588253033828423,13.11864406779661,8.356636955874974,-15.066666666666666,13.183154233928827,-87.83333333333333,9.68016299219985,61.28813559322034,13.284438261131628,-109.16666666666667,11.971029845237025
1650,37.4,11.68170459403174,14.422222222222222,5.140207038151453,-10.577777777777778,0.4939135726865082,-68.29545454545455,9.211108771119166,69.75555555555556,17.499403869917085,-93.95348837209302,10.856256342991745
1651,68.92592592592592,12.159209056653395,39.15151515151515,11.919226159854945,-11.735294117647058,4.552367344899418,-76.33333333333333,11.496156582163282,76.88888888888889,9.904482088029578,-101.87878787878788,7.335086191712615
1652,49.47222222222222,22.112698854216866,12.194444444444445,3.0805793506745562,-10.594594594594595,0.9141370013669061,-77.35135135135135,2.868432251118184,73.94444444444444,21.052770264325527,-99.27027027027027,3.977291273329114
1653,32.71052631578947,1.9987877212377096,14.710526315789474,3.1111674466165313,-10.102564102564102,0.7440316988998414,-73.48717948717949,1.823940435259358,54.578947368421055,13.433327719846964,-95.23684210526316,5.598092769799352
1654,43.97872340425532,16.13175718449993,24.452830188679247,14.949684211640323,-16.333333333333332,15.539674432930747,-51.53703703703704,25.945607608684238,62.234042553191486,13.611967147154393,-76.72222222222223,20.577240813728473
1655,38.833333333333336,15.818414023606229,13.708333333333334,15.194514269593776,-23.416666666666668,10.59841445164742,-93.58333333333333,15.989362783495226,75.33333333333333,26.799668322989042,-124.43478260869566,14.156965060893164
1656,37.86206896551724,21.30521085350917,19.457142857142856,19.222520805618835,-41.411764705882355,25.151444406024527,-88.23529411764706,34.350322220878816,58.41379310344828,24.079634035166286,-114.20588235294117,23.902718786738966
1657,47.64,17.022056280015054,25.548387096774192,11.572600314696109,-31.53125,18.74664032400206,-56.93103448275862,24.90524253699203,65.92,17.352625161629003,-94.03448275862068,13.914722440441645
1658,27.62857142857143,4.13407937089964,7.785714285714286,0.5829201646600904,-56.642857142857146,20.804556996887356,-84.6470588235294,32.22885294169987,45.82857142857143,5.798944309272234,-105.0,18.069582284091922
1659,49.22727272727273,17.11706171201391,20.636363636363637,16.33887014716594,-12.36,6.869526912386326,-102.44,14.985539696654238,69.36363636363636,21.014162874649898,-126.92,15.833938234059143
1660,61.20634920634921,17.59433416211633,34.74242424242424,13.745865059873852,-41.973684210526315,25.03942874128223,-81.29166666666667,26.547879963484007,84.17460317460318,17.089437638810224,-104.58333333333333,22.532538200961245
1661,50.19230769230769,14.000052831683915,21.11111111111111,13.411806112894581,-18.866666666666667,11.247913386737807,-75.96551724137932,9.072439350414204,72.73076923076923,15.361184079730345,-96.86206896551724,7.295365264335388
1662,55.28,16.636153401552896,22.0,7.216434235612702,-15.222222222222221,22.010659594897856,-99.88461538461539,9.107591605472383,78.36,15.851510968989675,-125.76923076923077,10.95202015895379
1663,39.12820512820513,1.9239314340824687,13.846153846153847,2.4551198366329894,-18.743589743589745,5.352775214629917,-60.84615384615385,4.394276356156959,60.84615384615385,17.895047963538875,-94.8974358974359,11.716293436361028
1664,35.78125,4.621514734099633,15.96875,5.193050494410776,-13.121212121212121,3.235762059626718,-81.28125,8.948583599514507,52.5625,8.135329971795858,-103.59375,11.266264284912724
1665,50.5,10.821097626680661,27.178571428571427,13.11774580871427,-9.7,0.5859465277082315,-79.03333333333333,1.760366123534786,71.6923076923077,13.889036159639984,-95.66666666666667,2.4675674031095665
1666,35.714285714285715,13.640426111005327,17.022222222222222,12.727029659375248,-19.19148936170213,8.845333660695664,-63.84782608695652,16.623670121774566,70.38095238095238,16.936790583916622,-90.47826086956522,15.110806859064377
1667,45.0,4.462403329850504,11.173913043478262,0.5635426694267704,-12.826086956521738,0.5635426694267704,-83.8695652173913,1.8010708849746069,83.69565217391305,16.627464923795824,-104.6086956521739,3.089099072753324
1668,57.26315789473684,19.208940093128124,26.19047619047619,17.05207443774468,-22.488888888888887,10.740623243290912,-73.47727272727273,10.465285984807183,75.13157894736842,17.085190651912207,-98.16279069767442,11.9727019595414
1669,38.787234042553195,4.959135864209829,14.617021276595745,6.843394676743039,-9.063829787234043,0.43291467977395326,-65.72340425531915,9.670534601296637,67.65957446808511,13.590166338037161,-86.08510638297872,12.075700565086022
1670,43.44,9.415221718047855,15.846153846153847,12.820333332076906,-19.037037037037038,9.934904728360067,-86.18518518518519,7.958396623539084,67.88,15.526287386236287,-115.88888888888889,12.535382023262626
1671,56.18181818181818,20.783814427307618,18.043478260869566,14.20801445868574,-18.875,23.507645033052544,-85.04347826086956,41.26739766014852,84.63636363636364,23.991561877508392,-121.1304347826087,37.11357931237812
1672,30.321428571428573,13.18834326059129,12.0,11.406912249106835,-52.39393939393939,21.45458825539302,-91.41379310344827,18.073637195496516,50.142857142857146,12.684958149923322,-106.6896551724138,19.576733988952228
1673,45.16417910447761,5.8016904765621575,17.823529411764707,6.489677723509643,-10.847222222222221,0.569105590237441,-76.47222222222223,11.57220355255335,63.26865671641791,8.277973090926105,-101.54166666666667,7.5644223911089945
1674,33.708333333333336,11.609906569630764,14.68,13.141445886963881,-16.77777777777778,9.210836344916759,-82.07407407407408,1.7622781116104176,57.541666666666664,23.084950304376996,-103.25925925925925,1.1086392257107973
1675,28.93548387096774,0.8006241061929583,13.0,0.5679618342470648,-12.741935483870968,1.1630810566012872,-67.2258064516129,1.3844686279919316,47.38709677419355,14.155079834450493,-86.93548387096774,1.7026636413415026
1676,36.82142857142857,1.6914400337449458,18.862068965517242,9.690820889505964,-8.6,0.4898979485566356,-75.8,10.656453443805777,53.82142857142857,12.606839332647326,-99.7,12.288612614937458
1677,45.016666666666666,2.2022084874557684,19.633333333333333,4.651045282753353,-11.96774193548387,2.5650739908556233,-76.24193548387096,1.2531957068665043,69.51666666666667,10.482511891505563,-97.12903225806451,2.1663397923072014
1678,34.86206896551724,4.431269281314285,11.5,2.1563858652847827,-16.40625,6.580555518913278,-83.87096774193549,7.89341062668984,62.206896551724135,15.349669906244818,-106.93548387096774,9.46618935448162
1679,46.23809523809524,15.56829734062681,41.416666666666664,30.251147820280213,-13.488888888888889,11.346310652899414,-62.13333333333333,9.760692143035305,74.38095238095238,15.704037062021712,-80.73333333333333,9.627276065660755
1680,47.0,2.7838821814150108,23.96153846153846,16.04915710518725,-10.185185185185185,0.38844772154450063,-71.48148148148148,7.062526934044324,70.70833333333333,10.179551261666148,-97.03703703703704,4.887485769470475
1681,50.666666666666664,17.28358244757788,18.75,10.678053817682946,-10.76923076923077,1.049090899768143,-55.76923076923077,27.20620360860551,83.41666666666667,21.06520960151015,-101.15384615384616,25.603023120315466
1682,48.4,16.316862443496913,15.470588235294118,15.48478436119802,-13.88888888888889,19.94127179965346,-69.6470588235294,18.42613609386083,71.06666666666666,18.18961852877136,-99.6875,16.13505016261183
1683,34.5625,2.014595182660775,12.363636363636363,3.131638953397288,-11.117647058823529,0.5294117647058824,-75.02941176470588,1.0977328003836189,51.125,7.987294598297974,-94.55882352941177,1.6483713257884771
1684,61.48148148148148,4.5531460053410715,29.75925925925926,8.302019355387525,-17.596491228070175,10.21842101498058,-79.71929824561404,8.243560774591456,79.31481481481481,7.0601229505453755,-102.53571428571429,2.86583499247281
1685,43.58108108108108,14.336691499630868,19.524390243902438,15.628480576050968,-11.310344827586206,5.072600151291942,-82.53488372093024,13.336170150714363,70.27027027027027,17.091405535244817,-102.56976744186046,11.040665527709546
1686,44.86206896551724,3.421273587534473,21.8,5.002665955934562,-9.67741935483871,0.7782153601170851,-66.41935483870968,2.044255421645788,68.41379310344827,11.043853779456763,-91.9,8.23549229453427
1687,25.35135135135135,3.2732842934492288,10.135135135135135,0.7037414360157587,-32.78378378378378,24.152818799329623,-70.05714285714286,27.829011436826505,46.91891891891892,10.15389255243519,-94.0,16.47508942095828
1688,40.833333333333336,7.9843597113356575,21.894736842105264,14.637352136309591,-10.025641025641026,1.3490201474836827,-68.46153846153847,6.868158241707604,65.11111111111111,17.0648725908871,-95.39473684210526,4.337956550728821
1689,42.01449275362319,1.9448389793873917,18.391304347826086,4.191839523232232,-9.242857142857142,0.5716071149640731,-68.5,1.349603116263656,60.94202898550725,8.893710622504027,-90.17142857142858,3.023580793748784
1690,46.40625,5.207322818637231,14.09375,6.221732952923968,-12.176470588235293,2.6398594908608093,-75.97058823529412,5.3549608342482005,67.4375,10.790439923839992,-98.23529411764706,10.05589912769793
1691,37.05,2.2242976419535223,13.902439024390244,3.497768473621784,-9.86046511627907,0.40813787848335453,-67.0,8.802056036869482,60.425,12.945824616454528,-89.23809523809524,8.687181371503987
1692,55.88461538461539,8.78515760147991,27.666666666666668,11.701451901716604,-10.014285714285714,0.5207921752445195,-64.8,8.245518263188277,71.0,9.13993772071022,-89.68571428571428,10.837162065441907
1693,48.69444444444444,15.426923514939796,31.26829268292683,16.258617812797905,-14.166666666666666,14.158821357098276,-71.31666666666666,8.357614625132115,67.44444444444444,15.690486226522468,-93.46666666666667,6.817787193967131
1694,40.13333333333333,10.719867329195615,18.612903225806452,11.375348046727325,-12.46875,10.720845276259704,-83.34375,21.996603963737222,66.86666666666666,16.483796757893963,-104.0,16.30375723568037
1695,37.4,15.226293048539423,9.033333333333333,0.9480975102218595,-43.86666666666667,31.918368100863525,-94.14814814814815,35.85640466959709,66.7,13.943098651304163,-121.14814814814815,20.975653794964302
1696,34.41095890410959,9.925524887177623,10.342465753424657,4.913551788709876,-9.91891891891892,1.9504452489371582,-64.39189189189189,2.95377709440773,64.58904109589041,17.471570344802423,-88.56756756756756,7.6689635669613505
1697,50.44444444444444,9.435289680662946,24.894736842105264,13.856006627726115,-12.85,9.655438881790925,-59.45,27.505408559045257,70.72222222222223,10.059851752583167,-95.05,19.905966442250424
1698,46.925925925925924,11.365724711461882,17.678571428571427,11.051999080413887,-17.866666666666667,2.667499869832341,-82.13333333333334,23.154169290984196,75.66666666666667,14.54494948618095,-111.03333333333333,15.467133613640966
1699,29.88888888888889,14.702817400286683,22.6875,22.261847267241773,-13.029411764705882,8.301258919825308,-70.05882352941177,16.420828195189088,54.074074074074076,16.379585139064005,-90.61764705882354,13.953735965856753
1700,43.416666666666664,13.701936197324653,21.46153846153846,13.534090203376662,-11.076923076923077,2.9732535523211827,-64.25,15.481844205391036,58.416666666666664,14.902227648539291,-88.5,23.11384866265244
1701,49.46153846153846,1.2474826723251426,25.23076923076923,7.116112228909678,-14.75,21.800434137223704,-89.29629629629629,1.1805464778154984,69.07692307692308,11.498906559799758,-108.62962962962963,1.5189701225488796
1702,49.69047619047619,1.8833619286252472,10.13953488372093,3.253487540934448,-8.581395348837209,0.538411018734429,-64.6046511627907,6.928671589460109,72.73809523809524,6.9729392716535115,-85.33333333333333,1.699673171197595
1703,34.432432432432435,3.8028477276942363,12.297297297297296,4.741221560377377,-11.25,3.5463204718255357,-80.05555555555556,14.951671115156408,50.432432432432435,9.356427305393352,-107.05555555555556,4.818623849448008
1704,46.885245901639344,10.513220967118821,24.758064516129032,15.710778592922683,-14.774193548387096,12.262477983063608,-82.04838709677419,13.003011337769266,67.59016393442623,11.235740761735684,-106.1774193548387,12.220453760579598
1705,49.46875,14.188429209658834,18.390625,7.831461364865117,-20.723076923076924,9.552297657241654,-62.142857142857146,12.890081264729789,65.546875,11.618855482980026,-82.57142857142857,15.323717777700432
1706,47.6031746031746,7.46747377130106,17.015625,11.328189654987906,-13.450704225352112,10.153454601717442,-73.76811594202898,7.829977562179766,65.39682539682539,10.651089343706069,-97.66666666666667,10.393234514408764
1707,55.81481481481482,21.501140429766075,26.387096774193548,22.0053914498607,-12.378378378378379,6.161569435694436,-76.58333333333333,15.991968470315202,89.66666666666667,13.1120526968864,-101.69444444444444,18.53198353064903
1708,27.285714285714285,3.209255322951285,9.083333333333334,0.5713045500334204,-83.5,1.0801234497346435,-120.30434782608695,3.4063212670958074,50.19047619047619,3.2163132934796725,-151.1304347826087,8.573489715274674
1709,49.5,2.484567753770648,20.615384615384617,7.395824825675024,-20.296296296296298,5.6882908636290335,-81.92592592592592,2.226539017065057,74.96153846153847,14.572051144441302,-106.11111111111111,3.510126444206959
1710,42.80769230769231,12.824313539191067,16.25925925925926,4.114946492542562,-27.48148148148148,7.88045106046118,-73.62962962962963,4.164649717591288,73.34615384615384,22.20177107920119,-97.55555555555556,3.2697642154582582
1711,35.76315789473684,6.986581916059246,15.947368421052632,5.933612410048956,-12.64102564102564,11.594621165596637,-78.78947368421052,11.448185088836345,52.26315789473684,11.50899924893174,-102.84210526315789,8.652734024236665
1712,60.18518518518518,12.077027586955197,18.925925925925927,9.026405403760213,-24.821428571428573,12.74489693795849,-96.73076923076923,29.754841483630464,76.88888888888889,11.811273125260723,-119.84615384615384,29.69679121191419
1713,,,,,,,,,,,,
1714,49.96551724137931,2.484194986803845,19.193548387096776,5.844320953622328,-10.75,0.6123724356957945,-69.125,7.24892233369899,70.41379310344827,8.422127020141689,-99.40625,5.899467004526765
1715,52.65384615384615,18.812725455213936,26.0,21.23003263573294,-12.321428571428571,2.5362172539401415,-76.96153846153847,25.453548595327028,70.96153846153847,20.075780987262256,-102.11538461538461,24.07732243463342
1716,47.310344827586206,6.379403540791753,18.79310344827586,6.332071134420982,-28.586206896551722,14.247848576562081,-72.20689655172414,15.031872598478364,67.75862068965517,12.694433133474753,-107.51724137931035,13.700291186573681
1717,49.0,9.987492177719089,23.714285714285715,15.147977570943123,-14.421052631578947,13.591079851268098,-71.72222222222223,11.046897782512698,68.03125,9.1086647450381,-90.97222222222223,11.861436373370056
1718,40.62068965517241,2.9874887747986865,17.620689655172413,3.1118659786699245,-10.483870967741936,0.8751393526613249,-65.48387096774194,9.651578402560382,63.724137931034484,13.605010617857287,-87.0,4.366539438350084
1719,53.82608695652174,6.837569959346691,20.64,11.797898117885238,-24.071428571428573,22.95014561333913,-76.84615384615384,16.25208225166218,76.30434782608695,14.66861418014577,-106.76923076923077,18.41259538031109
1720,50.86666666666667,13.889404434876086,17.6,9.086987032748166,-14.419354838709678,6.4596723853228335,-79.6774193548387,16.764761616257715,69.46666666666667,12.714121632613434,-97.83870967741936,19.75347543809582
1721,35.92,0.7959899496852959,12.73076923076923,7.668906713314147,-26.22222222222222,6.190394789859608,-91.96296296296296,14.950489850717469,52.16,11.942127113709684,-108.77777777777777,16.461702655587835
1722,47.38095238095238,12.560240331626167,21.0,20.201072578784853,-16.724137931034484,24.299704201015228,-85.60714285714286,20.605719188257083,75.80952380952381,18.77845535414264,-106.82142857142857,20.1566252338115
1723,54.48888888888889,6.621923930642052,25.266666666666666,7.925766699681349,-30.72340425531915,19.684427507128216,-65.88636363636364,25.577170137280728,70.42222222222222,8.945486481743838,-90.68181818181819,19.55850515675833
1724,39.5,2.16794833886788,12.317073170731707,10.689495697316069,-22.74418604651163,3.9242420287579636,-71.53488372093024,2.2135821459145664,56.225,6.536388528843737,-92.93023255813954,7.6565683880443745
1725,48.25806451612903,16.10643578428378,19.870967741935484,11.20121518604659,-22.322580645161292,14.003195710782023,-77.14285714285714,23.375375147049642,64.64516129032258,15.865459311584202,-102.39285714285714,16.973381020448052
1726,44.689655172413794,16.704538818012104,21.724137931034484,15.026176129821696,-10.758620689655173,3.1255915016895615,-76.75862068965517,15.740690017767136,66.3103448275862,16.966708676975916,-103.03448275862068,13.417648590493737
1727,52.05555555555556,15.042429702612033,26.272727272727273,22.703988072146384,-10.814814814814815,0.6687211142691774,-83.11538461538461,13.293511786631166,80.94444444444444,14.777882205144817,-107.38461538461539,9.911442195287854
1728,41.28,4.294368405248902,18.73076923076923,13.19544703620181,-15.851851851851851,5.835419967772187,-77.44444444444444,8.937367800973425,62.76,7.218199221412499,-98.92592592592592,11.098634970875258
1729,45.40909090909091,15.14373284986562,26.846153846153847,18.804034566452255,-27.25925925925926,25.832211577928415,-106.76923076923077,22.500098619113263,67.22727272727273,19.38118069905072,-123.8076923076923,25.015409452159115
1730,45.07692307692308,15.233876916831111,20.071428571428573,15.383034651915754,-14.058823529411764,7.396108581228964,-71.0,6.4666979068286325,67.61538461538461,12.640219457311415,-90.96969696969697,7.1540827440121655
1731,48.41025641025641,1.0055729000578242,10.205128205128204,0.5153782369805584,-13.23076923076923,0.97300851082104,-69.6923076923077,7.968379322894372,66.43589743589743,14.894147657755346,-90.48717948717949,5.027472193865625
1732,56.375,9.308654127566813,28.64516129032258,15.677286605039983,-19.878048780487806,10.300829050109106,-69.58974358974359,10.287453021902143,78.125,9.790780101707933,-95.82051282051282,14.820069197512758
1733,51.648648648648646,3.015421768860833,27.57894736842105,8.057789885529107,-9.931818181818182,0.5798795828260488,-73.31818181818181,1.9279372782225908,69.16216216216216,8.982004572246977,-95.79545454545455,2.9586509936927907
1734,38.38095238095238,7.107850726493444,16.976744186046513,5.328677885210051,-9.727272727272727,4.223116236122522,-62.04651162790697,9.350919587590608,64.35714285714286,14.827293733375026,-81.02325581395348,10.08449966957816
1735,69.5,9.462331334597954,33.785714285714285,10.317658728250953,-32.11538461538461,11.025588849011903,-92.75,8.795121753942164,90.35714285714286,11.26059591709796,-111.41666666666667,12.003182448371303
1736,49.256410256410255,8.98636559466175,19.384615384615383,7.882520046785067,-9.307692307692308,0.685148164917302,-67.33333333333333,2.324157783307623,70.6923076923077,14.442021745948647,-91.26315789473684,8.854627724131829
1737,34.064516129032256,6.015761469356267,16.375,12.951230636507097,-11.784615384615385,7.056894735902574,-75.796875,9.144977596165832,55.79032258064516,12.517261754530246,-95.8125,13.002253410466972
1738,45.526315789473685,13.402153876592223,30.136363636363637,23.05782346928035,-10.16,0.8333066662399864,-79.08,5.599428542271077,64.89473684210526,15.94363339967962,-107.44,13.699868612508661
1739,39.93103448275862,13.940590781729394,20.25,15.237699957670777,-15.105263157894736,2.0874244226370466,-80.26315789473684,9.778290159775045,66.37931034482759,13.707319446957069,-102.48648648648648,3.9703061466927254
1740,59.81818181818182,18.024317825034355,25.23076923076923,15.095357646813378,-34.857142857142854,20.94502035212715,-82.15384615384616,15.08359350086737,81.72727272727273,14.116984670897219,-108.38461538461539,15.992971829181533
1741,41.04545454545455,15.222523004139958,17.254901960784313,11.716994758335385,-32.509803921568626,14.077338971217992,-58.6530612244898,17.59354127827986,57.09090909090909,17.317644945150047,-83.38775510204081,13.520681552877084
1742,45.28,12.163946727933332,23.23076923076923,16.30079680050521,-10.0,1.9639610121239315,-74.10714285714286,22.351636702159105,75.88,19.36454492106644,-125.10714285714286,25.51937539220275
1743,31.5,2.598076211353316,14.416666666666666,1.9773017529507786,-9.25,0.4330127018922193,-76.5,5.838093296045665,67.83333333333333,20.090766259376192,-108.75,14.572376836558497
1744,43.867924528301884,10.668305617529946,19.620689655172413,8.337343466362645,-15.063492063492063,12.875315395579685,-68.80327868852459,4.284243614520797,71.60377358490567,15.616077374056195,-93.18032786885246,9.926794666533524
1745,42.490566037735846,14.470037542178463,14.339622641509434,4.2334846533831625,-21.37735849056604,8.746376964409892,-67.35849056603773,7.603609717790428,70.60377358490567,19.533560498794298,-98.0,14.850195348438769
1746,40.0,17.710227946388592,12.892857142857142,7.673420199039044,-43.642857142857146,20.356140326191305,-79.46153846153847,21.13551653429832,62.391304347826086,19.135078487778916,-114.8076923076923,19.789311860328176
1747,34.121212121212125,1.7539146822409433,10.176470588235293,1.4646940703516156,-25.0,5.41240405430515,-81.45454545454545,1.304790917673393,52.81818181818182,11.932777739193954,-99.0909090909091,2.035497651363232
1748,35.0,3.22490309931942,9.88,1.1771151175649728,-68.03846153846153,10.736282013774133,-104.0,13.746272221951667,54.0,2.4979991993593593,-135.12,12.228883841136115
1749,44.03225806451613,6.234575138628867,16.64516129032258,6.337539906837638,-30.483870967741936,13.972024970984066,-84.2258064516129,29.713372331618267,66.12903225806451,12.411602104700707,-105.61290322580645,26.188741017609246
1750,47.2,25.4061859733862,26.333333333333332,22.899539054070257,-22.513513513513512,13.194228102575398,-79.86111111111111,2.551173779718071,72.34285714285714,22.025884586929415,-105.0,11.460075625114056
1751,43.41379310344828,18.92183056205881,19.0625,8.177474778316348,-25.75,23.577001505704665,-44.96666666666667,29.66421338170887,61.03448275862069,16.48297503825604,-88.13333333333334,20.76813798961177
1752,40.714285714285715,6.4227486857475675,11.904761904761905,3.449013135663204,-10.59375,1.729511762752714,-74.59375,3.5607177559447196,77.14285714285714,12.23689080602746,-104.875,7.490619133289317
1753,45.0,13.495762046670022,20.0,12.854800723439638,-11.983870967741936,11.625183918744726,-74.11290322580645,13.221566983786898,69.98305084745763,15.329700346915725,-106.64516129032258,15.962755819753749
1754,41.333333333333336,15.837718690939466,18.94871794871795,14.939104970871028,-18.075,22.87726764716451,-77.05128205128206,16.699376186642755,73.77777777777777,21.641153069391645,-104.46153846153847,16.40019723747272
1755,40.42307692307692,3.5536879751677795,15.03448275862069,5.3141500025594635,-24.29032258064516,10.23968733263547,-81.85714285714286,4.129288123655609,58.42307692307692,7.766659894520925,-100.35714285714286,4.972885664956987
1756,49.55555555555556,17.07572097785567,20.875,10.195229685168124,-30.771428571428572,13.208407959187456,-85.24242424242425,6.6516359483750565,67.0,7.4981479194679945,-100.45454545454545,7.467468473281225
1757,56.535714285714285,2.1791568300138286,13.642857142857142,8.168818264396306,-8.966666666666667,0.4068851871911235,-73.46666666666667,0.8459051693633014,80.67857142857143,5.48409109169795,-91.10344827586206,1.1845216577460462
1758,48.56666666666667,4.01400326634424,21.3,6.7928884381633505,-11.2,0.541602560309064,-86.66666666666667,14.878022568727188,66.56666666666666,9.174905388552457,-111.3,20.768806738311504
1759,62.94117647058823,25.412990166530037,40.041666666666664,20.55172167700042,-11.866666666666667,3.106266068592465,-85.3,14.526183256451091,75.76470588235294,18.536226571277393,-109.03333333333333,11.476013632306687
1760,42.51724137931034,8.700458527968998,20.125,9.150648884095597,-13.03225806451613,4.299166243007545,-76.6774193548387,8.402714986641055,61.58620689655172,11.763524106553685,-100.64516129032258,13.101461103193854
1761,34.57142857142857,4.736599428879316,16.19047619047619,2.3221305409974495,-18.61904761904762,9.678036944182974,-84.52380952380952,3.685480489693209,66.95238095238095,22.798237589520127,-113.14285714285714,7.317856271351827
1762,26.20689655172414,11.698450561549704,8.727272727272727,0.6639061303092922,-51.75757575757576,23.11110228155514,-79.94444444444444,27.99696853078169,49.44827586206897,19.677724509072043,-102.11111111111111,24.064471019162227
1763,49.38461538461539,14.88178267618842,12.928571428571429,3.8815366197695784,-14.714285714285714,4.542318027309899,-77.92307692307692,10.992735632516164,86.46153846153847,18.817403501976912,-117.53846153846153,12.125087689550535
1764,,,,,,,,,,,,
1765,63.80952380952381,6.153737134914327,31.818181818181817,6.109875490744201,-28.096774193548388,11.0288619560581,-105.96551724137932,1.3514426167079603,82.57142857142857,13.926922979375933,-127.0,9.934266715385379
1766,34.3448275862069,1.0915304683685803,15.758620689655173,1.6537350080388689,-10.482758620689655,0.4997026464203255,-64.27586206896552,1.141582438430817,53.689655172413794,10.127134762694904,-83.89655172413794,1.4702762486432996
1767,63.56,18.90836851766963,31.153846153846153,18.03989661340899,-11.964285714285714,8.645734467920926,-71.89285714285714,21.484777477677213,84.8,13.564659966250536,-102.14814814814815,23.00515836471159
1768,45.12903225806452,13.494902109109324,17.71875,5.674693686667149,-23.303030303030305,10.004498529025007,-75.83870967741936,20.286809275811024,67.74193548387096,13.21281817008914,-97.29032258064517,18.729300054756532
1769,39.483870967741936,7.0887050900935655,20.852941176470587,12.693519312072267,-10.666666666666666,6.08276253029822,-69.0,9.591663046625438,62.67741935483871,14.035409360646227,-89.75,11.686590130953036
1770,51.567567567567565,10.45334691143655,18.756756756756758,8.145320013972558,-16.83783783783784,8.493283557925349,-73.62162162162163,2.714837622453553,75.94594594594595,18.02392695902048,-94.51351351351352,6.029753352589195
1771,45.885714285714286,12.716179634221747,21.457142857142856,12.410462998483766,-15.194444444444445,13.880080540201096,-73.97222222222223,9.912074878402692,63.94285714285714,19.961309514934648,-100.88888888888889,18.474874496307706
1772,46.0,13.751033019046572,16.09090909090909,5.418059791182306,-12.090909090909092,3.5279287112604103,-72.0909090909091,26.366144081359497,63.81818181818182,11.542948904915399,-104.1,11.903360869939211
1773,51.1,13.503950039402053,21.233333333333334,7.490809183407507,-35.193548387096776,12.022611371209775,-99.06451612903226,9.94804400897878,67.96666666666667,15.280670433226708,-116.19354838709677,5.408591461970243
1774,44.75675675675676,21.675001674497775,20.05,10.33912472117442,-48.3,17.048753620133056,-81.61290322580645,33.81799236649497,69.35135135135135,23.926934067061854,-106.96666666666667,27.747051895451683
1775,51.38,24.433493405569333,16.49056603773585,11.74512767950622,-33.672413793103445,21.962654769367713,-99.10714285714286,26.15317419374106,66.7,24.04849267625728,-117.27272727272727,23.16459253057213
1776,46.66153846153846,17.27450493386306,16.107692307692307,5.772942395808696,-19.723076923076924,10.36934489779694,-61.04615384615385,19.275676796842475,71.0,17.58933243146582,-90.78461538461538,24.314916161257766
1777,52.256410256410255,14.309254578800408,21.175,12.022660895159607,-17.7,11.885285019720815,-77.07692307692308,26.326728755065655,70.71794871794872,16.69630500800842,-93.87179487179488,30.209677076826353
1778,58.25925925925926,6.642135938210954,18.321428571428573,9.517103293651951,-16.225806451612904,12.83822336572882,-75.39285714285714,20.564079788578443,73.88888888888889,5.801234436536273,-91.60714285714286,21.745835866919908
1779,41.44117647058823,8.055656311928715,17.676470588235293,5.400003203894987,-18.166666666666668,11.605793572369121,-66.34285714285714,9.395874040215304,61.705882352941174,11.826016712328663,-84.79411764705883,11.326126516533007
1780,45.935483870967744,18.941225705256823,17.454545454545453,17.294404260707633,-23.65714285714286,22.424403616395693,-70.17647058823529,16.867076507094932,77.19354838709677,23.49662893437943,-94.79411764705883,19.740640986918194
1781,34.0,6.199078272499181,15.859649122807017,10.002523535081917,-8.758620689655173,0.7946012842622697,-50.43103448275862,4.93443938389091,61.857142857142854,4.2793603692687565,-70.58620689655173,6.8330698981538225
1782,46.0,15.378556499229699,16.74074074074074,9.670851939156185,-23.5,21.185195302380386,-84.46428571428571,18.86319572769218,73.875,15.311522077616365,-110.88888888888889,20.688757607889958
1783,62.3,22.956698368885714,26.17391304347826,15.434721371587033,-22.041666666666668,17.154880662818833,-46.30434782608695,23.39720307069182,78.0,20.825465180878915,-101.3913043478261,15.159267879633992
1784,28.692307692307693,14.475715909232699,9.725,0.4993746088859544,-53.15,6.01477347869394,-86.93548387096774,11.570082342448138,47.17948717948718,15.602221726854745,-109.7741935483871,14.054524417699103
1785,41.75675675675676,1.2171167836970491,17.289473684210527,14.732541665765554,-14.76923076923077,4.305402321720209,-74.8974358974359,9.948057075591404,58.351351351351354,10.10543395758672,-97.5,6.475662941067562
1786,40.175,5.58071455998244,19.025,6.113458513803787,-13.048780487804878,5.151136362965281,-63.46341463414634,2.9885763065837296,68.15,16.807066966011647,-89.0,6.5257463828790145
1787,28.724137931034484,13.135622930568557,14.75,12.798925736170204,-24.125,22.664330455585933,-76.83870967741936,32.77597150371728,61.03448275862069,16.27242804217102,-96.86666666666666,26.02912898188404
1788,46.8235294117647,10.705882352941176,23.454545454545453,12.56086010636096,-9.783333333333333,4.498487400103382,-76.88333333333334,6.478404295983867,74.07843137254902,15.62783230769537,-98.86666666666666,9.43480553883097
1789,72.75,17.74949697476362,46.878787878787875,12.713051217470765,-12.852941176470589,5.168526658542955,-72.1470588235294,12.502075952184375,81.60714285714286,13.844388460193345,-97.52941176470588,14.727396028206286
1790,41.476190476190474,12.097300161681286,15.16,10.698336319260113,-12.56,4.833880428806653,-98.72,13.417958115898259,71.66666666666667,19.082111626520376,-122.04,15.685611240879329
1791,35.166666666666664,0.7993052538854533,15.576923076923077,7.281024214316791,-10.333333333333334,0.5443310539518174,-96.34615384615384,15.769840513539926,48.25,3.3942353090693835,-126.76,15.004745915876082
1792,67.16666666666667,8.070866675202167,21.813953488372093,14.579781817925184,-18.044444444444444,3.457395008805557,-88.08888888888889,1.6305721180305903,89.38095238095238,8.962759940980078,-109.13333333333334,2.445858177045885
1793,40.972972972972975,7.499500835592547,20.575,15.589880531934808,-23.837209302325583,12.186401557050422,-80.51282051282051,10.086476843855367,74.97297297297297,17.03015844221178,-101.33333333333333,9.213516640723501
1794,58.36363636363637,22.66062956388028,30.0,16.24807680927192,-22.285714285714285,12.00552593855115,-87.74074074074075,3.0011429007233916,88.45454545454545,18.426086430846482,-117.33333333333333,7.779364917428576
1795,47.74193548387097,17.038793956137525,28.97222222222222,20.093512097069087,-12.486486486486486,0.7577213929122262,-82.36111111111111,1.6524859686373163,78.90322580645162,21.595033537022825,-109.75,7.088233599110258
1796,48.5,17.635192088548397,27.071428571428573,15.752388869693412,-27.166666666666668,25.009442661167444,-66.96296296296296,25.87216648501354,68.125,15.979967928628643,-90.62962962962963,23.13590787490647
1797,49.625,15.176221806936447,23.6,10.137718349477526,-10.117647058823529,0.6758308995927093,-76.81818181818181,3.8095139708649026,63.75,15.127926714083019,-98.72727272727273,7.993454622652694
1798,54.0,26.030346662471114,21.80952380952381,13.10622915374157,-24.761904761904763,22.620902179610372,-72.33333333333333,38.99124850934451,91.21052631578948,27.15371244826371,-117.52380952380952,31.321100521349514
1799,34.666666666666664,20.805982045769646,11.923076923076923,3.9313637966709654,-53.74074074074074,27.27716803019697,-91.79166666666667,32.91653480986248,54.541666666666664,25.938997614060227,-130.04166666666666,17.768134320243703
1800,41.794117647058826,18.973324016140484,15.485714285714286,9.119434282489953,-18.56756756756757,14.183241996903668,-66.17142857142858,3.8802482563119907,77.05882352941177,23.52963235190718,-95.17142857142858,12.140806549544779
1801,37.61764705882353,17.254180577612033,16.08823529411765,13.430359916027884,-37.411764705882355,28.579216684464566,-37.15,26.10225086079743,62.94117647058823,11.404181834827053,-88.85,12.108984267889689
1802,55.542857142857144,21.504607954234043,20.94736842105263,18.833686740324822,-21.714285714285715,17.796728973385353,-77.3108108108108,25.70988119837347,76.14285714285714,21.654617266984697,-105.77027027027027,23.573087780231962
1803,45.371428571428574,14.069390715380708,14.371428571428572,4.7091747186330055,-21.75,7.5291101731877985,-76.75,11.528647892195433,76.94285714285714,17.674748504402476,-101.19444444444444,14.694706991983438
1804,31.725490196078432,7.324625216598415,10.796296296296296,8.744055397874455,-12.87037037037037,9.68971638215121,-53.735849056603776,2.4660023672594678,63.333333333333336,12.301230078244553,-74.66037735849056,8.266649058116197
1805,47.87096774193548,8.190245714868826,31.32608695652174,15.35387551674635,-32.95744680851064,14.258938886258834,-71.27659574468085,10.43664193090979,66.12903225806451,12.018109817255148,-93.14893617021276,9.882240084162705
1806,40.0,11.871102599298725,16.357142857142858,9.900267982355276,-11.870967741935484,10.028160142203008,-71.96551724137932,16.63913699399326,66.65384615384616,15.427104787683836,-101.48275862068965,14.485713984177348
1807,40.42857142857143,5.111811053325226,16.942857142857143,2.975546597017161,-20.054054054054053,5.694691439549008,-65.75675675675676,5.252569026035275,59.48571428571429,10.640546249596207,-89.02702702702703,7.212925659317245
1808,48.5625,15.817192979476479,25.0,19.066447276949784,-28.16216216216216,22.1865719232024,-75.11764705882354,28.822749089077245,73.59375,17.01627782264676,-101.82352941176471,24.083763859930606
1809,54.58730158730159,13.011148968499041,23.584615384615386,9.450913358697637,-8.606060606060606,0.7761362712039818,-76.57575757575758,4.317198186747364,70.96825396825396,14.007898286741328,-103.15151515151516,7.084431125431494
1810,48.94117647058823,15.887363044201827,21.88235294117647,5.256730732411503,-22.533333333333335,7.121485487983216,-85.79310344827586,1.3741281962187086,72.05882352941177,19.15101160969677,-107.03448275862068,5.6353732466459645
1811,50.65384615384615,10.58279557254025,19.928571428571427,11.967003955605152,-20.82758620689655,8.304834344160495,-72.58620689655173,10.397337992799125,71.23076923076923,10.221800580161585,-92.3103448275862,15.168259619385935
1812,33.075,6.933208131882383,13.675,4.280113900353587,-8.175,0.5425633603552675,-64.225,11.40501534413698,65.6,20.787977294580635,-89.3,2.5317977802344322
1813,69.78378378378379,7.252716676976552,33.810810810810814,10.769922677425356,-22.727272727272727,3.8515854844208834,-64.62790697674419,4.242768160737195,89.0,5.541001958373838,-88.13953488372093,7.1155950423645296
1814,45.8,9.593053042002149,22.45,16.512041060995458,-9.521739130434783,0.8272303300191499,-64.34782608695652,16.4650055668858,64.0,13.0843417870369,-86.78260869565217,18.724446986061764
1815,49.8974358974359,13.44656065413673,28.591836734693878,23.215862247431424,-10.714285714285714,5.314592925068078,-58.755102040816325,10.643634894391006,71.35897435897436,10.918079993429812,-80.06122448979592,8.445281651555153
1816,40.0,2.9920529661723827,17.136363636363637,2.800900091455254,-20.727272727272727,7.2874850268476665,-78.85714285714286,1.124858267715973,89.85714285714286,22.577455494334156,-100.33333333333333,1.9599157740244457
1817,25.964285714285715,7.589852919980649,7.6,0.5537749241945383,-47.16129032258065,25.225558946067366,-78.8076923076923,31.207764357816753,51.42857142857143,12.83808110780627,-106.4,22.866569484730324
1818,56.095238095238095,22.03872082085304,30.857142857142858,18.744613738823404,-21.862068965517242,16.792289153945823,-90.27586206896552,14.180843201728504,78.14285714285714,17.915903321818153,-113.96551724137932,17.62342242119588
1819,44.9375,4.904956039558357,13.15625,3.7592334241837126,-12.878787878787879,4.374565438210567,-81.21212121212122,10.179473034397944,62.90625,8.708327103267308,-103.96969696969697,13.3132079518341
1820,52.666666666666664,15.807874268505833,28.4,18.778711350888805,-23.2,25.126878039263055,-73.375,12.24681080934951,70.33333333333333,11.14550233153366,-100.625,9.809912079116714
1821,32.810344827586206,7.4659154150406914,12.40677966101695,1.7671066466411345,-9.9,0.8103497187428812,-62.20338983050848,9.663454940672361,50.293103448275865,7.124529314615507,-83.60344827586206,7.993401708159941
1822,62.130434782608695,5.127117571654933,35.041666666666664,14.87021398261938,-12.192307692307692,3.0002465381932915,-84.23076923076923,9.600912185459224,78.69565217391305,7.7596211393883845,-109.61538461538461,14.115122613372245
1823,72.0,27.70679820308847,27.5,20.71231517720798,-19.818181818181817,16.91593214489165,-83.125,37.274111324081225,94.5,23.921747427811372,-130.5,19.222382786741086
1824,46.65217391304348,19.82446599018095,18.083333333333332,13.162182780813962,-8.935483870967742,0.5038870758649454,-78.33333333333333,9.307106006822004,74.52173913043478,19.741524466964886,-103.2,7.743384273042376
1825,44.473684210526315,5.874731089501987,13.512820512820513,9.396867440042616,-23.428571428571427,5.932729465563438,-66.5,5.04385529039803,62.55263157894737,10.594679321097807,-85.64285714285714,7.674389780523358
1826,43.925925925925924,10.338442915663798,17.049180327868854,13.638694026114583,-15.046875,14.492918192495775,-80.09677419354838,12.073310577627419,67.11111111111111,12.663254901144413,-100.51612903225806,13.297758646313625
1827,40.645161290322584,1.1513915030693387,15.96774193548387,3.2476678577169595,-9.0625,0.8267972847076845,-73.61290322580645,1.235951229720517,54.935483870967744,6.226558537224378,-93.64516129032258,1.8058754841649556
1828,36.85333333333333,10.103060042493176,10.25974025974026,5.567537163091515,-7.922077922077922,0.31276869035824145,-76.68831168831169,8.625332277069875,58.306666666666665,18.90042209993088,-101.77922077922078,9.4561508555651
1829,43.595238095238095,19.966709822446635,15.227272727272727,11.91992914172738,-29.704545454545453,21.558144996786698,-73.0,24.725813508528624,59.333333333333336,22.063400707815887,-89.04878048780488,23.313296969454164
1830,49.15384615384615,10.483291862960968,18.5,5.394085079617659,-10.37037037037037,1.093690597054326,-83.96296296296296,1.9528039002168986,73.26923076923077,14.516721637497625,-102.1923076923077,2.9744971232285087
1831,44.0,8.221921916437786,13.4,3.0199337741083,-29.653846153846153,9.48659908134509,-85.1923076923077,1.4416665241531779,61.28,14.041424429166721,-105.6923076923077,7.476986387829456
1832,52.205128205128204,23.67751230780226,17.26829268292683,12.265407215345078,-24.071428571428573,22.999371479137732,-61.71052631578947,24.31796811839349,72.94871794871794,20.1290053736071,-93.28947368421052,23.501296598874173
1833,45.81481481481482,15.458515661187782,21.321428571428573,9.953655363836987,-28.285714285714285,11.734129533900985,-86.02941176470588,5.153441420789476,56.370370370370374,15.444400035463287,-103.73529411764706,6.141990592870244
1834,56.18518518518518,9.895891541955727,23.74074074074074,7.686412217975073,-32.407407407407405,13.092998579278245,-93.0,23.930454794396756,77.03703703703704,13.158524856762467,-115.85185185185185,23.143199471028847
1835,77.86666666666666,24.90747322034538,26.6875,18.700664259592493,-28.958333333333332,13.001535699891592,-110.20833333333333,34.83769410502876,101.13333333333334,18.62208963092548,-142.58333333333334,33.04531820932514
1836,45.4,14.513442045221387,44.36363636363637,30.878862223718752,-11.214285714285714,2.5684506566236003,-70.92307692307692,15.676840039034253,90.8,7.782030583337487,-95.07692307692308,15.808768445496112
1837,62.5,25.734218464915543,32.18181818181818,23.881594974213858,-9.703703703703704,2.290314790183749,-101.76923076923077,21.559056088063876,80.6,20.597087172704786,-126.8076923076923,4.287900963706626
1838,46.607142857142854,16.482326651196267,17.0,3.93042947552414,-26.551724137931036,23.551244504632947,-48.77777777777778,26.427165223088057,66.92857142857143,16.466261114838453,-100.48148148148148,12.145324875182677
1839,57.76315789473684,15.943047008725706,23.974358974358974,15.740666228182175,-30.48780487804878,16.061045057908636,-86.07692307692308,29.864982165796008,76.78947368421052,15.985450448416561,-106.71794871794872,25.619452463122446
1840,51.18181818181818,18.757551280152434,24.0,22.798635436748793,-11.055555555555555,3.0271406057389507,-69.44444444444444,9.595845294375074,80.3030303030303,18.01259634758132,-100.16666666666667,16.146034944977806
1841,30.275862068965516,9.533594147030033,14.866666666666667,6.795750306053205,-26.46875,12.695925465971357,-88.78125,3.1098068167492334,57.86206896551724,18.77585415281173,-106.0,6.209871174187111
1842,51.55882352941177,15.185502328499316,16.71794871794872,7.0053046492025866,-24.904761904761905,8.4622678594017,-69.36585365853658,6.90618703723106,75.47058823529412,19.35008024625046,-90.90243902439025,11.518394362293138
1843,36.94871794871795,5.138835136630938,16.65,8.571901772652321,-13.55,6.15609454118437,-63.025,6.536388528843737,51.48717948717949,11.130627173500901,-87.48717948717949,8.530102938843793
1844,55.72222222222222,17.70218302782505,26.073170731707318,16.56677580817003,-15.80952380952381,10.617232388092788,-68.04878048780488,25.81354458184005,76.91666666666667,16.357762343575263,-98.275,21.47555296144898
1845,53.28125,18.260672179235353,26.68421052631579,20.583725384208776,-34.4,17.491140614608298,-80.025,18.119723369853084,76.34375,15.462877673237282,-100.425,19.155792204970275
1846,41.44,19.405318858498564,18.56,15.927535904841024,-10.538461538461538,0.7457969011409736,-80.6923076923077,17.832056766416766,70.36,23.825834717801598,-108.68,12.415216470122461
1847,63.46153846153846,26.28721650307027,13.23076923076923,2.0438969623979113,-41.53333333333333,22.68293533816899,-91.13333333333334,25.481670972594312,75.92307692307692,22.557487375290506,-101.2,24.870866490735697
1848,61.19047619047619,24.558228274118612,23.5,16.196941349863224,-17.272727272727273,21.74685310187915,-77.95454545454545,29.824451946084398,92.28571428571429,18.885980835234466,-118.38095238095238,29.147369709765105
1849,42.36363636363637,15.44946440538387,11.433333333333334,0.7156970184527964,-18.7,16.330237801901927,-97.53333333333333,18.337090524095935,68.04545454545455,10.481487024651317,-130.26666666666668,17.433556403926563
1850,45.421052631578945,19.913803172340124,19.608695652173914,12.04606784276885,-10.2,0.6,-74.1,2.8792360097775935,74.26315789473684,17.570436010715504,-96.48275862068965,7.351381243216499
1851,26.696428571428573,14.277754478880203,14.379310344827585,10.900533973328375,-11.451612903225806,3.6085803631418347,-82.26229508196721,18.99948371977104,43.32142857142857,19.449666856178453,-108.27868852459017,16.07577461360955
1852,39.53333333333333,17.570303228901757,8.935483870967742,1.0452807578077195,-38.516129032258064,20.94519879966634,-85.83870967741936,21.84859451328701,66.03333333333333,18.744747412423447,-112.3225806451613,17.25779318448147
1853,53.25333333333333,16.761935714257135,25.12,9.555396381103192,-38.626666666666665,7.497152051872024,-70.91891891891892,22.15227201864451,67.90666666666667,17.754002991500883,-85.22972972972973,23.502471001369138
1854,46.34090909090909,9.883280606012866,12.659574468085106,11.255781674122783,-10.97872340425532,0.3254693306548586,-90.32608695652173,0.8859862553180363,78.06818181818181,20.354134857200982,-111.69565217391305,1.0808524256222656
1855,61.48571428571429,14.13884502975792,18.783783783783782,9.040853628481601,-17.08108108108108,19.64877876457903,-65.44444444444444,6.339665450533755,78.42857142857143,14.006703934260937,-91.58333333333333,10.031547460110252
1856,42.04761904761905,4.973512608247726,14.119047619047619,6.519941501900811,-16.341176470588234,7.551475027205293,-63.23809523809524,12.704160405551299,63.67857142857143,14.534983016588532,-82.35714285714286,11.683976468756217
1857,50.6551724137931,10.222611388043816,17.133333333333333,15.398556930945041,-26.633333333333333,19.44647925861017,-79.34482758620689,11.314549260588043,80.44827586206897,16.07007543895035,-100.03448275862068,14.223542307278594
1858,42.54054054054054,2.422803765515132,11.45945945945946,0.5499186472804273,-11.526315789473685,0.54948981625845,-73.13513513513513,1.9750082061021739,60.891891891891895,7.783502247160714,-92.37837837837837,5.0099973099812125
1859,49.65384615384615,1.2991804426195797,25.153846153846153,4.495230871903686,-11.153846153846153,0.36080121229410994,-80.0,11.097470259200795,71.42307692307692,12.85772164565557,-101.88461538461539,7.12701751774365
1860,48.15384615384615,8.729667839712802,23.5,11.881858921421825,-10.580645161290322,0.9426863997549972,-76.19354838709677,9.95609508514422,76.34615384615384,15.033148776293594,-96.35483870967742,14.846631826339895
1861,55.40625,11.036471851887269,22.666666666666668,15.656669924709824,-22.916666666666668,10.623284175181736,-75.11111111111111,13.097450510559039,80.25,13.968715044698993,-103.13888888888889,14.366536692717904
1862,41.75,10.882899429839458,24.413793103448278,15.112263212552566,-9.67741935483871,1.1183829563457883,-76.41935483870968,1.755621267637133,69.91666666666667,14.065076924385764,-97.61290322580645,2.4053357267493225
1863,35.984848484848484,6.670814825161062,13.212121212121213,6.342533552461155,-24.106060606060606,8.00024391271876,-80.27272727272727,4.733969615403042,56.015151515151516,13.683093332973408,-99.60606060606061,5.992112967435504
1864,32.857142857142854,8.00764940413801,11.428571428571429,0.9035079029052514,-23.466666666666665,10.30771016709768,-74.26666666666667,3.4344658326376694,62.642857142857146,17.065450238324644,-96.66666666666667,5.593647190240809
1865,38.0,8.904956238749019,19.742424242424242,11.995340769801196,-10.304347826086957,0.5724179031342463,-66.16176470588235,12.30567814193399,65.24561403508773,14.066609339395596,-95.48529411764706,8.930273441335613
1866,37.2,12.476377679438853,14.238095238095237,3.0691205798708605,-16.047619047619047,9.987974628932967,-58.80952380952381,13.985090862769155,72.15,20.12281043989631,-91.25,26.95157694829748
1867,34.5,5.372029007011588,14.638297872340425,3.772383026484203,-10.041666666666666,3.102138599239062,-61.75,3.971250852481285,64.32608695652173,18.901408215108674,-79.31914893617021,4.444008076762311
1868,49.51162790697674,6.274244485318275,22.355555555555554,13.573103396145966,-25.68888888888889,16.02473396863212,-69.73809523809524,7.084723753089909,74.25581395348837,10.081281349104652,-95.30952380952381,12.014848145678696
1869,50.608695652173914,14.54001713543271,24.595744680851062,12.952711988217207,-28.361702127659573,19.90020371104425,-64.73913043478261,15.254984620300196,66.65217391304348,13.622579388175557,-85.0,19.193522458054073
1870,,,,,,,,,,,,
1871,34.82142857142857,8.86829654857512,14.724137931034482,2.4339063496581095,-12.625,4.005855089740517,-85.8125,1.7218721642444887,56.25,15.060888325157222,-103.65625,1.7959916306876265
1872,39.256410256410255,1.2135548273024852,13.225,3.320297426436373,-9.78048780487805,0.41391616459700337,-66.875,1.2487493743742177,74.41025641025641,19.749349809119586,-94.85,2.46525860712421
1873,42.21212121212121,5.563722188550416,18.848484848484848,4.377083657034616,-9.696969696969697,0.6269139656235516,-86.03030303030303,2.959164997753625,65.33333333333333,12.52794855311495,-107.36363636363636,5.273249712884386
1874,46.48148148148148,12.532536530139728,24.25925925925926,14.728638247865563,-14.555555555555555,7.0044077833219935,-78.66666666666667,13.2664991614216,65.14814814814815,14.459915741017005,-102.70370370370371,18.149206318356807
1875,54.0,20.805517662807414,23.166666666666668,17.787323825941012,-10.958333333333334,6.221462627246282,-80.04166666666667,26.273369227328946,80.21739130434783,17.584470722373513,-104.875,23.761510368661334
1876,49.42424242424242,8.399243483358822,21.12121212121212,7.9191274992226255,-14.125,20.127329057776144,-74.74193548387096,17.44663336030023,64.72727272727273,11.704111495338584,-101.87096774193549,21.831823377049872
1877,37.464285714285715,2.162705693886098,16.607142857142858,3.7353455158055966,-10.392857142857142,1.0467393492680603,-80.5,1.8612591743993405,58.285714285714285,13.532651368494811,-99.17857142857143,3.1628826299140855
1878,42.214285714285715,6.002125473870205,14.433333333333334,8.573926884585743,-11.387096774193548,6.297349259832438,-78.5,15.749603169603988,66.82142857142857,15.278494623462866,-99.66666666666667,7.3363630105265525
1879,58.6,20.07336543781336,43.888888888888886,22.36620024904201,-27.444444444444443,11.283331965643553,-74.20454545454545,8.853811571229814,72.85,17.24898547741287,-96.43181818181819,12.288941309665233
1880,49.06666666666667,5.415615282577677,21.387096774193548,9.032834083015137,-16.21875,15.20019402631098,-87.15625,10.949056394845174,68.3,10.000499987500625,-108.78125,12.300239771545106
1881,35.28260869565217,1.2276354698691738,11.02127659574468,9.744587939722448,-13.208333333333334,11.282283924611876,-61.38297872340426,1.695465686224386,67.80434782608695,15.432348246483945,-83.8936170212766,1.6661082511022884
1882,44.340425531914896,11.474813484313096,17.3125,9.789782620160674,-22.627118644067796,9.851263887053491,-89.8135593220339,3.43202552374446,66.70212765957447,16.279362857542452,-112.7457627118644,3.5776766456713887
1883,50.36470588235294,16.884972127220827,21.161290322580644,10.392605231430565,-16.877551020408163,14.941563250538609,-68.42708333333333,10.094083241833086,74.29411764705883,11.74115289399967,-92.79166666666667,9.33175209819797
1884,55.06060606060606,18.943199617643863,28.833333333333332,21.03766463591749,-25.930232558139537,15.474503183725348,-70.0,10.835803345684226,77.27272727272727,15.932191021444652,-91.65853658536585,12.343873282503964
1885,45.61764705882353,10.24125080217644,9.527777777777779,2.8527385586398584,-10.35897435897436,0.5767806091898457,-65.05263157894737,2.713973280916577,79.1470588235294,20.377514067834063,-88.76315789473684,3.2882102836962988
1886,46.06060606060606,21.258779853152717,8.894736842105264,2.890906556812517,-28.2972972972973,22.458207269870833,-77.94285714285714,28.099763961533156,83.87878787878788,22.31965783347696,-104.2,27.518097940913616
1887,40.833333333333336,17.31248746489719,17.833333333333332,14.395215254459456,-19.76,25.03162799340067,-71.70833333333333,27.636749638037315,61.041666666666664,16.33115419136756,-100.08333333333333,25.926043319840037
1888,43.39344262295082,9.672131147540984,18.016393442622952,8.408605668470003,-10.34920634920635,4.557076235324891,-70.39682539682539,9.610740820990019,76.85245901639344,19.955553946144935,-94.41269841269842,11.746846818567368
1889,40.689655172413794,11.873190456032946,19.566666666666666,11.011155959096918,-14.117647058823529,8.890724531721919,-73.82352941176471,5.249485062899554,70.96551724137932,17.866328875599542,-98.08823529411765,8.420450061532003
1890,41.032786885245905,10.011415145566446,22.046875,14.704835182156073,-15.227272727272727,11.659039222521148,-87.96969696969697,9.356523727956287,62.60655737704918,12.592319658341562,-108.72727272727273,10.255147199193924
1891,52.791666666666664,17.026888457835025,32.92857142857143,19.16456658119087,-13.0,11.523888232710346,-76.46666666666667,6.820231341791534,78.125,15.8989320920201,-102.53333333333333,13.26834160281114
1892,57.5,19.495726027345924,26.208333333333332,22.07936285060982,-18.083333333333332,6.129958310534329,-94.82608695652173,13.71971660853552,83.625,15.601315382578056,-123.34782608695652,13.307757448855924
1893,40.142857142857146,2.677698270382771,13.80952380952381,3.346911122058205,-8.75,0.5088502445991074,-72.03571428571429,1.0516022760239612,72.04761904761905,22.057233324923445,-92.92592592592592,1.152322161933633
1894,38.43478260869565,13.846443859758239,12.130434782608695,2.173043304278226,-16.130434782608695,22.79073867552742,-91.13636363636364,2.180397264583901,54.47826086956522,14.379543335608496,-113.13636363636364,2.52794301117897
1895,49.12903225806452,3.981748161086316,10.419354838709678,5.428563604635517,-11.65625,0.955555303213791,-52.0625,17.68286158261722,71.80645161290323,7.433226863381569,-86.90625,20.801681685322944
1896,51.357142857142854,6.531321708912071,20.071428571428573,9.361503891044475,-12.344827586206897,1.29390779581336,-85.93103448275862,1.659477160760823,73.0,12.20070255588353,-104.44827586206897,4.073346560233022
1897,44.64,10.869701007847455,20.615384615384617,7.636334818972754,-10.655172413793103,0.6032019201564105,-73.65517241379311,1.8804963040601352,70.52,16.370998747785674,-94.21428571428571,2.225776635840411
1898,62.074074074074076,28.81862299885386,35.81481481481482,18.35460793297187,-11.035714285714286,1.7419640568938854,-47.5,41.00653258062323,72.48148148148148,30.294077615038116,-63.357142857142854,41.97466437006485
1899,51.19047619047619,6.286435745032096,18.523809523809526,5.999622059147368,-18.875,3.247595264191645,-77.828125,10.672035137890758,69.28571428571429,8.158019856672292,-100.375,13.808398712377913
1900,44.55813953488372,16.657008198354973,14.795454545454545,6.804342014326872,-19.19148936170213,8.616259488260306,-53.234042553191486,14.398895888459638,61.604651162790695,17.23320150699336,-78.38297872340425,19.16174512495117
1901,39.45454545454545,1.017748825681616,11.606060606060606,3.084068485064709,-10.878787878787879,0.3263736246748184,-74.27272727272727,1.052348809344566,54.45454545454545,6.296179260332167,-95.12121212121212,1.03740865264386
1902,42.22222222222222,12.708507891940194,23.296296296296298,20.384843343387036,-12.78125,12.338289931651794,-75.8,15.691611347043574,71.0,12.337837015547832,-104.20689655172414,10.283496354118112
1903,65.7,27.32050511978137,41.476190476190474,24.03691416614008,-31.933333333333334,14.097123426035854,-81.06896551724138,14.207649795900405,80.25,21.794207946149363,-99.58620689655173,16.042007874541422
1904,48.04,22.994747226268874,14.777777777777779,11.259015591905246,-15.642857142857142,12.042230114162782,-65.21428571428571,36.48126441149244,65.0,21.23016721554496,-103.14285714285714,26.87898048358112
1905,75.9375,15.05186346436879,44.125,17.680762851189424,-20.25925925925926,11.017133433018445,-88.85185185185185,17.723605735694655,94.1875,12.66500468811599,-112.34615384615384,16.538864038035957
1906,44.333333333333336,16.333333333333336,17.394736842105264,14.432309283220667,-17.05263157894737,6.597237733049431,-66.71052631578948,11.79408392001962,69.02777777777777,21.36129172008606,-90.1842105263158,13.659111597753684
1907,45.48,4.437296474205888,23.1,6.441273166075168,-15.387096774193548,14.360962811093216,-59.214285714285715,16.848817556767138,66.04,11.311869871953089,-85.96428571428571,18.24923118313509
1908,38.14,1.9698730923589975,16.423076923076923,9.06036625564279,-12.296296296296296,0.6562979683951612,-78.46296296296296,1.227960714822252,59.02,13.140000000000002,-98.81481481481481,1.6451283195935413
1909,37.4,18.50513442264065,20.242424242424242,10.728128710926253,-35.371428571428574,28.172008107629225,-24.6,1.2806248474865698,58.93333333333333,19.812341832526737,-87.45,13.70209837944539
1910,49.266666666666666,7.659126727129028,20.9,4.975607165629806,-22.727272727272727,13.811002919878504,-64.03448275862068,34.72302501384019,68.93333333333334,7.580384041869002,-92.13793103448276,23.743927191557898
1911,49.035714285714285,19.711276944315664,22.25,13.402092054174656,-19.607142857142858,12.995436797238497,-78.07142857142857,20.803379827443855,73.75,13.629340724019947,-101.32142857142857,17.560209833249576
1912,48.80769230769231,8.128862304582599,23.1,9.199094158303486,-9.71875,0.5719689130538477,-70.65625,4.4972865082736275,70.3076923076923,12.718155498732544,-97.12903225806451,10.156015015691903
1913,42.8780487804878,12.459094282454236,17.571428571428573,12.624886340163258,-10.952380952380953,4.735641863029265,-41.97560975609756,7.59167645895594,64.78048780487805,16.39826313694191,-67.48780487804878,17.43576636801423
1914,40.265625,2.130450271509523,12.076923076923077,4.517683859636628,-10.676470588235293,4.951058046372181,-70.43283582089552,4.452816920252171,51.125,3.3888604279314896,-91.36363636363636,4.601173643547005
1915,60.36842105263158,25.953826462262576,24.523809523809526,13.343873385044532,-31.047619047619047,28.745974774907825,-81.23809523809524,44.32982953777369,84.78947368421052,22.593848597789485,-138.76190476190476,30.741479286996494
1916,39.592592592592595,6.366924132427941,14.37037037037037,2.89505514753523,-10.592592592592593,0.49135182079339257,-83.74074074074075,1.6237266827246644,63.81481481481482,15.028459513073082,-106.15384615384616,2.160703370028944
1917,59.7,22.0592384274707,23.5,16.740669042783207,-30.692307692307693,18.623329518828363,-68.0,23.89721580178166,78.0,13.289093272304171,-100.41666666666667,17.24557109005736
1918,33.375,15.94472875278849,10.142857142857142,1.245399698154478,-54.0,29.017236257093817,-92.9090909090909,36.999888317901586,73.875,25.575562066159954,-118.3,30.58120337723812
1919,44.148148148148145,1.0785347984119287,22.88888888888889,2.6851213274654606,-9.571428571428571,0.49487165930539345,-82.07142857142857,1.193092363463576,61.074074074074076,11.629865531931543,-103.42857142857143,2.1285234893930483
1920,50.82608695652174,14.66036411527485,25.25,15.966762351835765,-22.88,22.062311755570857,-79.88,26.054281797815882,81.04347826086956,14.769175482180463,-113.48,25.435597103272414
1921,39.36363636363637,17.316690463106433,18.869565217391305,10.126608719546251,-9.814814814814815,0.38844772154450063,-79.07407407407408,1.2149051456930906,71.36363636363636,20.116807659597065,-99.53846153846153,3.103729384897233
1922,59.5,15.365003525327722,25.333333333333332,11.647603473104098,-10.864864864864865,0.6222088882822345,-84.22222222222223,26.614648338327513,80.44444444444444,15.709948094624705,-109.88888888888889,19.57858492471611
1923,45.78181818181818,11.836293813507226,20.25862068965517,14.740935665838837,-15.948275862068966,15.121829863037696,-76.98275862068965,13.546206211882332,67.69090909090909,13.628676621238064,-98.86206896551724,14.831755628708509
1924,38.644067796610166,8.058604648247707,21.116666666666667,5.528989258645944,-25.774647887323944,13.218848241041222,-62.08955223880597,23.450634936052108,57.13559322033898,12.971229738127224,-85.3731343283582,22.88572247408983
1925,44.935483870967744,21.821764045470555,15.232558139534884,18.41111546120141,-13.023255813953488,10.464754515711016,-45.65,27.00791550638442,61.25806451612903,22.400990389878984,-85.65,27.260365001224763
1926,58.95454545454545,17.582215375789854,14.344827586206897,1.23946212107665,-11.3,0.5259911279353167,-32.96666666666667,11.03172193671001,88.81818181818181,18.09730357523504,-108.06896551724138,2.677248130176782
1927,49.55263157894737,3.9449992890470487,26.81578947368421,4.672738761649965,-54.31578947368421,11.420446260885951,-88.13333333333334,20.165537158451517,63.55263157894737,7.425763715538138,-102.66666666666667,17.696201726798765
1928,26.666666666666668,10.181682899534175,9.88888888888889,1.2422599874998832,-49.411764705882355,25.495233288111425,-74.35714285714286,33.957130837187606,47.55555555555556,16.344289598178804,-91.71428571428571,27.690711623287722
1929,39.36666666666667,16.328876943079162,18.944444444444443,17.866704671048577,-11.125,6.438895479816395,-61.75,4.841229182759271,77.23333333333333,20.948640899961877,-89.025,14.173015734133651
1930,40.0,17.568353901932003,12.029411764705882,3.6176470588235294,-9.925,0.34550687402713137,-65.05128205128206,7.5818566089313375,60.64705882352941,23.156605401103633,-93.56410256410257,9.8444175819569
1931,39.708333333333336,5.989429345846638,23.59259259259259,14.019191235877098,-19.392857142857142,9.143066403855226,-79.29629629629629,1.2417077492029787,60.0,14.871673297469476,-100.03703703703704,7.130952258270937
1932,46.733333333333334,20.974481850307743,15.972222222222221,10.152958274729345,-37.34285714285714,25.256334828703704,-72.5,35.963420958785655,68.06666666666666,22.823866650698978,-109.3030303030303,19.746092591584933
1933,55.62162162162162,11.307379440116785,33.45238095238095,18.264201755336508,-37.723404255319146,20.315283134541286,-88.46511627906976,15.332514223973172,74.32432432432432,12.254186386819885,-102.65116279069767,15.128724751326734
1934,46.55555555555556,16.907884054779785,20.272727272727273,15.659778099888294,-17.558823529411764,9.375158591507503,-69.78787878787878,11.98675424452512,66.66666666666667,15.587269259333496,-93.60606060606061,14.445171981395182
1935,36.029411764705884,4.010906411550204,16.2,8.962780180916441,-12.085714285714285,4.66213579854573,-80.79411764705883,12.794252872848594,56.470588235294116,8.849178406920535,-100.29411764705883,11.97430929302324
1936,54.205882352941174,16.311813495610195,20.760563380281692,13.363250836605562,-9.48,3.069679679271655,-53.95945945945946,4.990366907350409,70.58823529411765,14.27279940194516,-75.39189189189189,6.9841859352040325
1937,51.833333333333336,12.982894729433632,27.5,10.594810050208546,-26.296296296296298,24.4022081800061,-76.6,22.892793625942637,73.91666666666667,14.311757016134983,-107.5,17.163430115607234
1938,37.65625,7.282725172454334,14.06060606060606,6.74621956510232,-17.176470588235293,8.371768343086867,-72.94117647058823,3.2079054598672903,56.9375,15.970553958770497,-92.3529411764706,4.411764705882353
1939,46.2,6.029925372672533,19.4,5.174295443181935,-21.6875,5.38770301241633,-74.4375,1.2975337182516684,70.63333333333334,14.20207340105271,-93.0625,2.8497532787944992
1940,41.892857142857146,1.9701212021143288,12.689655172413794,2.768087205570963,-15.433333333333334,7.6275086947763535,-83.6,1.781385228784985,75.17857142857143,13.538446765280222,-105.20689655172414,2.721299263027429
1941,27.454545454545453,5.416534221733175,13.545454545454545,0.8907235428302467,-71.63636363636364,16.88610363191487,-107.3,6.870953354520753,60.54545454545455,19.142354924776516,-124.7,6.496922348312314
1942,47.388888888888886,11.681604193911463,21.863636363636363,22.308366662319674,-15.68,13.692976301739515,-93.625,1.7514874630819752,76.38888888888889,17.5725129072806,-114.34782608695652,10.097820236812083
1943,35.5,1.742330131092924,17.06896551724138,13.130462172402003,-9.464285714285714,0.625764838140544,-85.17857142857143,17.02949871636309,51.857142857142854,9.742082080608135,-107.46428571428571,2.337308324565168
1944,38.76190476190476,3.1076673521923297,12.30952380952381,1.832096057448632,-17.333333333333332,5.244800902602167,-72.66666666666667,3.1897653792407956,65.5,12.634514331028019,-95.76190476190476,7.972600471404797
1945,62.44444444444444,13.616665533342353,29.657894736842106,14.996975687730954,-12.682926829268293,9.640967020595342,-82.5609756097561,21.285571410410807,78.69444444444444,13.215772236326908,-104.125,17.355384611122854
1946,51.77777777777778,14.723584842601475,26.697674418604652,18.831609848215106,-17.441860465116278,12.691880439746077,-65.0,25.16138386685514,76.27777777777777,15.83528253109196,-96.17073170731707,18.483878854650204
1947,35.0,15.435349040433131,15.416666666666666,3.828801669220048,-32.38461538461539,8.431064003830501,-78.0,8.89252062561134,77.875,21.825658638400814,-97.57692307692308,10.895210934248826
1948,33.793103448275865,5.319964417464797,15.833333333333334,12.583278145574344,-21.516129032258064,14.16691048738377,-92.33333333333333,23.16798557396727,52.241379310344826,13.647420300412955,-116.4,18.743176536186887
1949,33.8125,12.531055173049076,20.25,13.383758814324173,-18.21212121212121,4.5842786403069224,-70.84848484848484,2.0761446221770474,56.5,15.878444508200417,-93.57575757575758,9.237703712537247
1950,47.916666666666664,14.499760534421096,20.307692307692307,15.888479693861477,-11.941176470588236,1.8777517293543962,-70.91176470588235,9.463141025171492,67.58333333333333,14.70520504976233,-94.41176470588235,4.988915048024108
1951,34.705882352941174,9.733294623171195,16.457142857142856,10.699380107925764,-14.942857142857143,16.693784741022384,-72.0,11.454256850621082,50.970588235294116,14.329084561124677,-97.55882352941177,12.331669359991462
1952,44.857142857142854,16.63411787715298,20.35483870967742,13.130973939007292,-19.272727272727273,11.711876197993854,-67.57575757575758,11.565440428486363,63.357142857142854,16.79756420631593,-86.60606060606061,14.877152289290823
1953,54.21621621621622,9.978720968614503,20.846153846153847,10.189331931343713,-14.025641025641026,6.635132520413221,-67.44736842105263,8.308832866360234,75.02702702702703,10.992593296290368,-93.6842105263158,11.215837634809786
1954,45.193548387096776,6.280637705646949,23.59375,12.5221288500598,-11.294117647058824,0.6197443384031023,-67.93939393939394,27.050950124958522,63.225806451612904,10.310375849409535,-91.75757575757575,23.38483101063114
1955,45.61764705882353,11.066682126418796,16.17142857142857,12.733500729034674,-12.5,12.506314194711491,-64.08108108108108,1.7144596245571577,73.76470588235294,18.420031972140308,-87.27777777777777,10.851551632808379
1956,39.75,12.121777922400657,12.36,3.948468057360981,-39.333333333333336,32.51495382469768,-66.95238095238095,36.40836663457635,67.91666666666667,12.961213506286962,-104.28571428571429,27.30976252646113
1957,39.47222222222222,11.302620421612934,17.61111111111111,5.402045794458993,-10.891891891891891,1.2688318480330274,-66.21621621621621,1.772692792627739,61.25,18.149647991689047,-86.54054054054055,4.05098983295871
1958,43.71666666666667,6.15925229949942,19.2,9.086253353280437,-11.466666666666667,5.442017599710199,-82.71666666666667,12.161540015785645,66.35,10.538540379641448,-104.08333333333333,13.425462954980567
1959,38.65217391304348,3.251871643706983,11.695652173913043,2.5948910106742216,-9.208333333333334,0.4061164310337068,-90.70833333333333,3.168584945295858,68.69565217391305,18.667420544683203,-118.79166666666667,13.708206686345065
1960,35.2,7.837516613485847,16.3125,9.03962630588234,-25.419354838709676,8.023249255508954,-76.80645161290323,4.4534825433347915,57.96666666666667,13.751323168658676,-98.06451612903226,6.923245015169003
1961,50.35,17.699646889133128,26.88372093023256,16.077153083520642,-13.215686274509803,7.580454033404378,-56.588235294117645,12.011720535341576,69.2,14.422551785311777,-80.17647058823529,15.757607415620596
1962,27.9375,6.363654119293411,9.285714285714286,0.45175395145262554,-40.17142857142857,11.675335943250417,-89.41666666666667,7.7830835077679135,48.53125,8.499942554952945,-105.16666666666667,5.489889697333535
1963,39.16,4.94513902736819,19.0,2.23606797749979,-10.75,4.306349133215148,-82.78571428571429,11.533668549255335,51.76,5.368649737131302,-105.82142857142857,10.803615702388619
1964,58.02857142857143,7.534627545200755,22.11111111111111,11.132479452728942,-15.833333333333334,19.028487415801955,-74.37142857142857,21.909014080035266,76.57142857142857,12.739781819808632,-101.51428571428572,25.616257592810555
1965,43.76923076923077,19.004670867786672,15.285714285714286,14.32245275995786,-12.514285714285714,2.9313227494127103,-70.34285714285714,8.615410966544136,79.26923076923077,20.912928817264604,-101.11764705882354,12.543488364327557
1966,40.08064516129032,7.42119542386877,13.8,7.768179669949414,-17.03125,6.232397085993479,-82.375,15.381096352341077,64.3225806451613,13.608315998242121,-103.453125,12.437254630117332
1967,46.68888888888889,12.738083271516905,16.644444444444446,5.839161110051323,-32.022222222222226,30.03589621982995,-81.28571428571429,28.841344095788962,79.04444444444445,20.361134606625825,-109.76190476190476,23.84554418175989
1968,70.0,14.266690630221907,43.68421052631579,11.026535608912985,-15.0,16.217274740226856,-87.06451612903226,11.578443496348159,79.23076923076923,13.377097800424806,-107.48387096774194,11.716740072171717
1969,50.06666666666667,2.264705033528404,18.9,6.9586876157313835,-8.5,0.5,-79.66666666666667,11.175369742826808,70.16666666666667,10.535917404552656,-104.65517241379311,5.019107367189601
1970,57.8421052631579,8.646649231713292,36.34782608695652,23.564174531713572,-9.23076923076923,0.5756395979652218,-79.15384615384616,14.675181319001211,81.3157894736842,16.280607229005692,-111.6923076923077,12.793535719769485
1971,43.92,10.688011976041196,18.25925925925926,7.13672086020522,-14.851851851851851,1.6262591407481592,-87.18518518518519,11.119009538347138,69.08,19.419412967440596,-112.33333333333333,11.307159318407603
1972,41.81818181818182,12.297953871335165,19.833333333333332,14.299378385867767,-11.064516129032258,7.857338808589438,-69.3,14.304195188824849,73.13636363636364,17.472824235848638,-92.43333333333334,14.15552503049212
1973,37.0625,12.028449349355053,14.848484848484848,9.435976325715712,-8.727272727272727,0.5652957001872009,-63.65625,17.736983563658733,57.09375,17.22708509694835,-91.4375,17.379832960934923
1974,53.37931034482759,17.129151987189495,25.62162162162162,13.055704668740416,-31.135135135135137,23.812513360611604,-59.861111111111114,32.233654581110116,77.51724137931035,17.882028523468747,-94.83333333333333,27.1860871280391
1975,42.074074074074076,3.6456562273267576,14.456140350877194,6.862228617172173,-15.368421052631579,9.06048211208523,-80.05357142857143,2.2632123413504126,59.94444444444444,8.086148803301594,-97.5,3.8312623805439676
1976,48.24444444444445,14.00976731594474,23.70212765957447,16.96794837535786,-20.46,7.7413435526399414,-81.62,12.894789645434313,87.24444444444444,21.61702575446344,-102.8,11.090536506409418
1977,51.91304347826087,19.194458084874984,28.620689655172413,18.27456078646403,-16.225806451612904,10.181291119782639,-71.56666666666666,17.132198405990465,71.08695652173913,15.36204538996442,-92.53333333333333,14.331162626326666
1978,60.09090909090909,23.35673757361341,29.458333333333332,18.497700682937747,-30.8,20.482187383187377,-77.48,35.43683958820255,85.31818181818181,18.98656549830663,-118.88,27.426002260628508
1979,48.89655172413793,8.413227793332178,14.4375,8.774741805318262,-11.0,4.625358298979593,-64.66666666666667,9.000561149733999,68.20689655172414,10.489335504889052,-90.06060606060606,12.970688152439797
1980,57.256410256410255,26.124669497325897,18.609756097560975,6.324085005755678,-12.878048780487806,4.8145871942752265,-45.36585365853659,22.10480148432713,74.92307692307692,23.594202477145615,-90.6,15.089400253157844
1981,53.08,13.225490539106667,20.81132075471698,11.765085224131557,-14.96875,8.59499990910413,-68.33898305084746,6.887990456231516,71.02,7.198583193934762,-84.0,7.820009103120108
1982,61.48275862068966,21.488763205781524,39.26470588235294,25.599068024774343,-19.54054054054054,11.334221308973497,-80.36111111111111,15.440122296899395,83.34482758620689,19.647366871168092,-108.44444444444444,17.485620194326735
1983,39.34090909090909,4.875463529563026,11.795454545454545,4.393070708278422,-8.886363636363637,0.4869155746733761,-59.83720930232558,5.705689663624186,65.63636363636364,16.94253779033293,-87.13953488372093,8.15712385287294
1984,37.93103448275862,4.322603258436451,15.1,4.474743940532613,-10.419354838709678,0.9078224051271153,-74.33333333333333,8.945514083730584,63.206896551724135,12.943855712786526,-101.53333333333333,4.447721014432248
1985,55.333333333333336,2.160246899469287,16.037037037037038,7.381064268746682,-11.857142857142858,0.6388765649999398,-83.28571428571429,1.2494896917525644,73.25925925925925,7.890888287754533,-102.82142857142857,2.739311324149237
1986,65.95833333333333,16.83864396427324,37.67741935483871,17.486191965928512,-31.23076923076923,24.186732470786794,-70.82857142857142,22.409801062782094,89.04166666666667,15.054011554694943,-104.71428571428571,22.41755871578148
1987,42.57446808510638,18.772710706508477,13.085106382978724,5.197502621386636,-19.391304347826086,7.982258209602325,-74.47826086956522,16.931754487320667,68.0,20.987331538487283,-102.3913043478261,18.332055864297384
1988,39.65384615384615,19.625223776661084,9.193548387096774,2.1162863828202227,-16.741935483870968,16.494315231726947,-57.03225806451613,38.789326658799844,64.61538461538461,21.596076785943755,-101.61290322580645,17.58239115331172
1989,70.3125,34.25039917650596,27.444444444444443,22.920689882535346,-38.73684210526316,42.23971952815471,-82.72222222222223,43.74903879014633,95.25,31.72045869781835,-149.88888888888889,22.47934580129771
1990,28.647058823529413,11.432364669556174,12.0,7.813618341008689,-52.36842105263158,20.202163840111652,-93.57142857142857,14.676094681557517,55.294117647058826,17.33668231332679,-112.28571428571429,10.102535547564083
1991,41.38461538461539,13.770305071970917,16.153846153846153,10.132553432045372,-25.51851851851852,12.541399208282499,-81.44444444444444,9.028076918120835,69.53846153846153,16.77275897957704,-113.66666666666667,11.08552609887726
1992,53.354166666666664,13.13311587700683,26.0625,18.139972264311762,-31.444444444444443,14.025989985085845,-85.61111111111111,6.349151785479832,75.5625,16.387121785617715,-111.20754716981132,10.204250854083215
1993,44.09375,1.0999822441748777,20.03125,3.1072935872717276,-9.4375,0.5555121510822243,-75.75,1.224744871391589,59.8125,5.703274826799073,-95.34375,2.024990354915302
1994,48.81818181818182,19.295869467645055,29.85185185185185,19.775974394130657,-11.333333333333334,7.2033942616581035,-76.8,8.259943502631641,72.5909090909091,16.095338373435084,-102.2,8.186981535747266
1995,44.69565217391305,1.9656790531230115,19.0,4.3837645128756435,-28.74074074074074,19.719500768589818,-88.88461538461539,1.7829733825383476,71.69565217391305,18.178905076820783,-110.07692307692308,1.8589301497837802
1996,41.774193548387096,1.2104298735028205,17.677419354838708,3.125205508331062,-9.387096774193548,0.48708609259811286,-74.03225806451613,1.44766488208496,57.354838709677416,5.739216463869152,-99.38709677419355,3.3473862635026705
1997,34.696969696969695,1.2669421188101135,13.848484848484848,1.892908810514111,-9.0,0.49236596391733095,-76.45454545454545,2.4132325747957024,51.42424242424242,10.0995958605922,-98.27272727272727,5.626090344278474
1998,48.5625,16.3820357022563,28.666666666666668,20.67562529843974,-22.25,14.722735091396183,-74.5,6.008921938013745,68.8125,12.674870561469257,-95.78571428571429,10.286458306423837
1999,46.18181818181818,12.510491464935136,21.583333333333332,3.925521904437959,-8.692307692307692,0.6056929133855239,-66.53846153846153,4.939875187077638,62.09090909090909,15.979842674470435,-94.46153846153847,16.551157917268714
2000,25.823529411764707,8.793281486905697,9.277777777777779,3.768370640469249,-60.77777777777778,24.762327021226675,-88.0909090909091,37.401882659115984,48.3235294117647,10.940267198143838,-117.0,20.324637981792176
2001,43.457142857142856,11.93396798373176,21.325,12.21758466309933,-13.642857142857142,5.588344284019614,-62.48780487804878,7.391893883264261,67.77142857142857,14.126137302958682,-93.14634146341463,13.698069964832692
2002,51.13636363636363,13.291471819948907,22.896551724137932,17.991079834924722,-21.71875,12.562927542475917,-75.6875,11.18715083253998,76.0909090909091,14.038612631884218,-100.34375,7.610064778797878
2003,58.61224489795919,13.099020568668191,29.833333333333332,9.11195795522443,-24.896551724137932,15.53049242638318,-100.2909090909091,14.757029421783097,77.08163265306122,14.774269876906558,-120.98148148148148,13.157860262751749
2004,52.01960784313726,17.40575766366443,19.442307692307693,16.12143038788678,-15.150943396226415,10.327461516469304,-85.32075471698113,5.4970784175337615,79.98039215686275,15.80331337320447,-119.60377358490567,14.235670879263067
2005,51.758620689655174,5.8229934973273645,19.333333333333332,8.494442627715815,-22.03125,6.79376724928813,-76.3125,1.3095204274848102,70.51724137931035,7.309043475581667,-94.93548387096774,3.1308607893034663
2006,39.42307692307692,16.13923331732353,12.827586206896552,7.97006885929342,-38.62068965517241,28.966584545196746,-72.72413793103448,40.94984026049779,59.34615384615385,15.808815232434544,-104.17241379310344,25.851124120848866
2007,40.36363636363637,1.9820127788809494,15.424242424242424,4.861913222554957,-11.088235294117647,0.37319345707204477,-69.08823529411765,1.22156233278207,56.696969696969695,8.110916132856586,-92.23529411764706,3.0970462543736903
2008,52.92857142857143,14.169707556788106,22.875,18.016919131749468,-27.37837837837838,18.71168351787316,-81.29411764705883,18.444717738603305,73.89285714285714,11.149437159766938,-102.79411764705883,16.155092826147836
2009,41.54545454545455,15.485263589288756,22.36,23.496178412669583,-24.12,20.074501239134186,-83.32,15.035212003826217,75.36363636363636,20.47958063878496,-115.08,21.968923505715978
2010,43.80769230769231,11.455664473120278,15.96551724137931,7.289495316813138,-23.266666666666666,18.20610398251702,-80.21428571428571,15.707953269550027,71.38461538461539,12.967642935923609,-110.85714285714286,17.96964560767146
2011,44.774193548387096,14.716042765370602,16.70967741935484,10.032828528537628,-12.727272727272727,6.528597822785566,-81.42424242424242,7.049738026640479,64.90322580645162,16.3851916596421,-104.36363636363636,10.648141627072436
2012,34.63636363636363,12.333296105967193,8.971428571428572,0.5062870041905528,-59.8,25.626771715755158,-101.29032258064517,18.198180604535622,63.21212121212121,16.955838497014025,-126.51612903225806,16.023915529188752
2013,36.2,7.359347797189639,9.5,0.5,-11.65,0.47696960070847283,-98.89473684210526,0.6402907926629705,57.9,21.7,-120.26315789473684,0.5469634129164875
2014,25.6,3.044432858279425,8.942857142857143,0.4746642207381757,-61.05714285714286,2.985133231224909,-98.42857142857143,3.6589281356759136,44.02857142857143,3.5333975093645598,-110.92857142857143,3.844556183085111
2015,38.078947368421055,4.391268722958084,18.512820512820515,8.436404006300787,-9.097560975609756,0.7903342315131536,-66.26829268292683,5.21734625677817,65.60526315789474,15.577547056554476,-94.58536585365853,11.403841051146305
2016,28.857142857142858,11.752550743544647,10.222222222222221,1.0304020550550783,-21.444444444444443,15.034117578295863,-64.57142857142857,33.75905018491716,71.42857142857143,21.842665606933753,-108.71428571428571,26.563746969530193
2017,67.11538461538461,7.602261420013447,18.76923076923077,6.4229617677378785,-23.185185185185187,11.969210614885354,-95.51851851851852,7.420543907240675,85.84615384615384,9.87885195639308,-125.0,14.7648230602334
2018,56.34375,6.029144710280224,24.515151515151516,7.365444347192409,-14.352941176470589,4.969805020090453,-73.26470588235294,10.466497879170056,74.0,7.119515432949071,-96.27272727272727,6.500688668752264
2019,52.22222222222222,16.538022035283003,30.77777777777778,4.365973934308555,-48.8421052631579,10.652467754097055,-93.6829268292683,17.215193267534016,77.77777777777777,19.147252647589347,-107.8048780487805,16.26041056721497
2020,42.06666666666667,6.985381561200186,14.666666666666666,10.67329339609813,-16.029411764705884,12.41082377253028,-78.27272727272727,2.7990553306073913,61.03333333333333,12.237873816785154,-100.21212121212122,6.6867466191672005
2021,45.7,2.223360819420306,17.766666666666666,3.7388352315779967,-24.29032258064516,4.739630776330761,-86.09677419354838,10.964325843711322,63.766666666666666,8.333399999733336,-107.51612903225806,15.309434088573717
2022,39.40425531914894,13.052528204549372,16.959183673469386,11.864815389696131,-23.53061224489796,17.995580002466056,-59.38297872340426,23.723184809594716,64.40425531914893,13.653243047790742,-91.08510638297872,14.454373978707697
2023,60.574074074074076,9.228783178592721,31.642857142857142,10.772697916871302,-26.151515151515152,10.633341537342362,-74.46875,9.43392937420564,76.74074074074075,7.686412217975073,-97.46875,11.663201680392053
2024,42.27272727272727,8.951968557073464,15.742857142857142,15.096532917277695,-13.210526315789474,8.535245486362145,-72.1842105263158,19.539238878617525,61.45454545454545,11.742414467249109,-92.73684210526316,19.300510233951297
2025,65.33333333333333,17.082804869874916,24.52777777777778,16.748940449259454,-15.205128205128204,11.925365096124779,-76.97368421052632,26.160925907187035,80.1,18.675027889314293,-100.37837837837837,26.089607904558218
2026,48.470588235294116,19.424416554365504,19.166666666666668,5.610010893235612,-29.27777777777778,25.092729260253755,-71.27777777777777,25.46414812056694,64.6470588235294,12.447258977596766,-112.6470588235294,17.1976098765825
2027,38.028985507246375,14.939463365110242,14.623529411764705,12.965997586981324,-10.89010989010989,0.831396937115505,-54.653333333333336,21.847650267756993,68.1159420289855,19.20109917738638,-85.44,23.88541535470268
2028,45.0,20.401524997465806,20.0,10.106103766206507,-19.322580645161292,20.982922544334972,-59.29032258064516,35.382876803104686,64.48148148148148,15.12998095607323,-102.51612903225806,22.416685847164104
2029,42.55263157894737,19.50937341304249,20.710526315789473,13.439744465648856,-10.461538461538462,3.2882553541599746,-65.87179487179488,7.994162893522925,60.78947368421053,21.22952003168285,-91.13157894736842,13.774826491660294
2030,81.6,17.658992043715294,49.23809523809524,35.46413985167977,-14.681818181818182,9.683098506894106,-72.57142857142857,17.81003309686887,108.6,14.844976703697899,-115.0952380952381,6.625382374623923
2031,40.41935483870968,7.6948839038314505,18.93548387096774,9.725044104289966,-18.470588235294116,17.298818888817145,-77.78787878787878,4.3676328500207475,57.41935483870968,11.158026746431892,-99.84375,5.105813934868759
2032,42.857142857142854,15.815260003540626,13.25,4.993746088859544,-30.0,23.80603437633561,-68.44444444444444,21.354734635626468,62.142857142857146,16.77096616544345,-94.125,25.68772810117703
2033,42.43478260869565,11.316882682452494,15.63768115942029,6.292325701910256,-15.142857142857142,4.555328792542122,-79.75714285714285,5.271041410482412,57.971014492753625,14.172816412335305,-100.48571428571428,9.124132611835899
2034,41.94285714285714,4.714372293577267,15.471428571428572,6.3801509802364595,-14.71830985915493,5.9105613245776345,-81.16901408450704,8.922176699446142,59.2,8.86179601274079,-101.43661971830986,4.775914909374225
2035,49.98148148148148,17.14479808889321,22.964285714285715,14.28156189651824,-23.74137931034483,9.328414776125364,-63.49122807017544,9.729901113825674,62.888888888888886,15.228709080119483,-81.49122807017544,11.568442869360949
2036,35.73170731707317,11.60534862023815,13.097560975609756,3.0905432315038355,-21.585365853658537,5.73808674562327,-71.14634146341463,5.014909359440382,64.5609756097561,19.880188422927798,-98.85365853658537,11.452044179246025
2037,44.96666666666667,15.710895016587127,18.966666666666665,9.55155601052636,-17.70967741935484,9.768922245131527,-73.80645161290323,13.714648055269837,74.06666666666666,16.033160082224036,-100.29032258064517,11.984381094513074
2038,44.390625,2.07377363985923,20.171875,3.0390926251720267,-12.153846153846153,0.6380443493331607,-69.83076923076923,1.157839244444725,64.875,9.198335447242615,-90.0923076923077,2.6119434375020565
2039,46.416666666666664,13.505914342325076,41.51428571428571,20.62781953516925,-26.830188679245282,3.7604488343944076,-66.82352941176471,2.975098497976892,67.58333333333333,13.19380115390894,-88.82352941176471,6.105946578679178
2040,45.75,4.049911815618423,12.142857142857142,1.8266731217920604,-21.714285714285715,6.2897714179289475,-63.67857142857143,8.013620420565099,64.46428571428571,8.415471054030458,-95.85714285714286,16.54801301346713
2041,65.8,25.474693324945054,27.714285714285715,26.783333227503817,-31.4,11.714947716485977,-108.1,7.930321557162737,89.2,15.954936540143304,-127.6,12.183595528414426
2042,65.83333333333333,28.823697811966383,23.692307692307693,13.606472528710599,-13.666666666666666,1.5634719199411433,-39.7037037037037,4.641318577132012,81.88888888888889,30.140207344433318,-100.34615384615384,8.231937372174809
2043,55.31578947368421,22.164582063755272,33.25,25.038720015208444,-31.375,29.318385159031752,-89.30434782608695,13.976485788976131,78.63157894736842,18.48530149040409,-113.82608695652173,17.334690461145907
2044,38.04,14.790483426852552,15.72,4.322221650956831,-10.538461538461538,0.8426500884694863,-65.0,3.3741095691478935,64.12,19.59861219576529,-92.73076923076923,10.147215200800707
2045,41.86666666666667,1.0561986345169907,14.4,4.827697864061779,-9.225806451612904,0.4181123031230877,-76.2258064516129,1.2367928717858592,58.43333333333333,8.965427423658557,-100.7,3.387722932393773
2046,39.680851063829785,13.153927304459664,22.285714285714285,18.188216638521656,-8.580645161290322,1.1294929935491353,-65.35483870967742,14.19006555509369,62.638297872340424,20.690655236701375,-100.1639344262295,12.16442047546437
2047,29.96,14.465075181277143,15.433333333333334,17.547427795042275,-55.166666666666664,28.0821216355808,-105.41379310344827,29.484674267267206,55.48,20.74631533549994,-125.34482758620689,25.17973441024098
2048,30.666666666666668,20.202447596489115,12.296296296296296,7.526815345519102,-60.142857142857146,26.688299048879998,-91.10526315789474,39.105652757144036,54.0,18.792729090439916,-124.78947368421052,19.763280537849187
2049,26.448275862068964,10.656344093597085,10.129032258064516,2.4062007998672925,-58.096774193548384,13.773173642077483,-88.0,25.53889766841253,48.310344827586206,11.814962600888938,-110.88235294117646,19.050651842919667
2050,37.07142857142857,8.114927037030371,17.724137931034484,7.404083457325693,-30.516129032258064,27.16006433521519,-85.85185185185185,15.128348919002667,54.5,12.913171570144957,-108.74074074074075,15.8852192948003
2051,50.03448275862069,2.3116311395992235,23.862068965517242,8.38604809287029,-17.29032258064516,7.336139216619267,-71.48387096774194,1.811628526722448,66.03448275862068,8.782752528327363,-91.93548387096774,3.1205405225642666
2052,29.58823529411765,8.167790568334015,9.5,0.5,-62.71052631578947,10.326022046361272,-87.0,24.922737753763272,45.411764705882355,10.547142481870242,-110.57142857142857,16.317012531685563
2053,29.261904761904763,1.1139702443132937,13.285714285714286,1.1398770670081737,-8.883720930232558,0.5374055817809927,-59.906976744186046,5.130002735791337,50.857142857142854,19.60875828196534,-81.34883720930233,2.3809683483458515
2054,44.183673469387756,17.73693652009466,24.79310344827586,15.73789476861245,-11.948275862068966,8.319943662344702,-60.24561403508772,14.313875861094386,61.69387755102041,13.635494021468237,-85.12280701754386,12.571298660655126
2055,49.05555555555556,5.027394092173866,23.142857142857142,18.292037597156373,-34.36,30.74525003964027,-88.52173913043478,21.753299730140675,72.94444444444444,18.479635104088146,-120.8695652173913,21.02649332509096
2056,42.0,4.456135417280635,17.321428571428573,7.270554957343704,-12.862068965517242,18.363614958391807,-72.34482758620689,11.86497558614971,69.35714285714286,16.164808084482885,-96.51724137931035,12.64807655993092
2057,44.074074074074076,14.54985280802709,20.428571428571427,10.95258798976157,-9.448275862068966,0.5623967734586239,-68.37931034482759,15.676500737933983,75.66666666666667,18.443105707774603,-97.75862068965517,12.963224302016823
2058,23.8,0.6,12.666666666666666,0.7601169500660919,-54.95652173913044,9.804516531856146,-99.33333333333333,12.196538671096627,31.8,1.32664991614216,-123.42222222222222,13.181618327367662
2059,48.51948051948052,18.346315238952563,21.85185185185185,14.750694573402477,-15.321428571428571,13.19736690394258,-65.27710843373494,11.1098710619133,67.88311688311688,18.820391004380514,-85.7710843373494,13.083904672337496
2060,53.40506329113924,18.807835013828324,8.551724137931034,4.11824820666703,-49.97701149425287,17.457322023101327,-89.89411764705882,22.17312816128449,75.89873417721519,17.126923757202707,-107.97647058823529,15.841105480280415
2061,49.4,18.12015452472743,20.0,14.301109716746977,-20.22222222222222,20.96440251568134,-84.38461538461539,9.66785682668614,73.0,21.482551058940835,-105.3076923076923,8.703532575336341
2062,34.389830508474574,11.80924221388434,11.135593220338983,6.539210617157643,-24.203389830508474,21.584504533731515,-72.62711864406779,33.72164134628708,56.016949152542374,15.108075655567909,-95.15254237288136,27.783554188887507
2063,54.833333333333336,17.329326459950934,19.666666666666668,5.233439489369194,-11.538461538461538,0.6343239424027171,-72.83333333333333,16.3749469888879,76.25,16.857861667483217,-94.08333333333333,19.35397604857691
2064,73.44444444444444,3.467663674294941,49.0,7.280109889280518,-13.222222222222221,3.9845380171202462,-87.51851851851852,13.921394061660184,90.55555555555556,8.421020142887295,-107.03703703703704,15.964037086831745
2065,37.17857142857143,18.369333084224472,10.774193548387096,12.116929445546237,-19.548387096774192,24.67967520787673,-77.90322580645162,38.72513132380297,57.142857142857146,14.121195532436555,-108.38709677419355,24.197677067070874
2066,46.458333333333336,6.7575831889482165,13.408163265306122,7.2840848803932134,-11.5,0.6403124237432849,-63.32,7.111793022859988,71.77083333333333,5.316011911093587,-92.26530612244898,4.960149397865571
2067,40.1625,9.356072560107686,12.6,7.639698946948105,-17.354430379746834,13.497339610985085,-60.835443037974684,13.641365219686845,57.9,15.742140896333,-84.59493670886076,16.082476498115884
2068,41.2,3.3105890714493698,11.84,2.411306699696246,-22.416666666666668,4.172495922373349,-82.08333333333333,1.288302069478359,71.4,23.156856436053666,-101.5,3.013856886670854
2069,35.422222222222224,11.689480339916052,13.728571428571428,12.111295116037555,-12.253521126760564,9.611786060022258,-73.91666666666667,23.835751625563553,56.644444444444446,15.400080166538174,-97.98333333333333,21.35375975222058
2070,35.52173913043478,5.290430780663381,17.692307692307693,8.273076029038323,-21.0,7.982122882685139,-83.21428571428571,1.9338551958115549,67.82608695652173,14.50233016933019,-104.39285714285714,5.646359672481059
2071,44.421052631578945,12.60457640146577,18.94871794871795,8.935520354034796,-9.35897435897436,0.5304656632199283,-55.473684210526315,22.660813431427417,68.42105263157895,20.305083080154258,-86.0,25.706849384223613
2072,44.63636363636363,8.694540891980097,20.923076923076923,15.546266128319827,-23.02857142857143,8.337473801323462,-72.71428571428571,7.937511047718489,65.45454545454545,11.027763610448579,-93.3529411764706,6.053109813005585
2073,54.275862068965516,1.6166494027215232,26.655172413793103,5.460048389762616,-10.566666666666666,0.4955356249106168,-77.55172413793103,1.8115759360777512,72.37931034482759,4.751869273595525,-102.24137931034483,3.4506888109356906
2074,43.11538461538461,2.0999436453413383,12.076923076923077,2.659136310375939,-19.0,4.753166585823875,-79.85185185185185,0.7554102983100421,70.0,13.40780484528436,-103.07407407407408,1.803821579538655
2075,58.8,10.190191362285596,32.03333333333333,18.000895039475736,-31.6875,20.258389465848463,-79.73684210526316,15.83747090808829,70.52,8.745833293631888,-100.11111111111111,14.563611002498616
2076,46.44827586206897,9.870143788550335,21.897435897435898,15.875791717459235,-10.282051282051283,0.7493148305744848,-63.3421052631579,19.174100288766002,82.51724137931035,17.895521862601253,-93.10810810810811,12.504666769464096
2077,60.25925925925926,6.716991128598692,39.22222222222222,8.387969044492118,-16.93103448275862,5.75314627254459,-75.46551724137932,4.720518371744633,80.4074074074074,8.581889886219956,-99.65517241379311,8.468097787737651
2078,51.02857142857143,13.487530144090695,22.11111111111111,9.027051252817149,-40.138888888888886,19.255811211997763,-85.0,32.75498265743533,74.2,17.827426703176844,-109.34285714285714,22.23760374699044
2079,48.12820512820513,11.476127925526567,23.15,12.556970175962034,-22.025,7.484943219557514,-62.125,11.975365338894676,67.17948717948718,15.738034599985745,-93.725,13.187091225892086
2080,50.5,12.150498565269467,21.964285714285715,15.701415183846017,-10.178571428571429,1.1666059265043625,-74.60714285714286,12.236769198124284,66.42307692307692,14.25636990401963,-98.28571428571429,13.408039014116927
2081,38.40298507462686,11.270168920971855,9.742857142857142,5.869255767582984,-36.140845070422536,12.306297225344919,-65.07692307692308,17.821601147361065,61.985074626865675,11.154936712242357,-77.86153846153846,12.606319444660619
2082,45.44,22.21005177841781,14.96,9.421167655869414,-24.5,26.03141593122847,-72.6923076923077,37.81408898074614,70.2,20.14547095503106,-111.65384615384616,26.765279328166798
2083,43.03125,14.85867670546405,17.71875,14.80125496157336,-19.90625,5.603343728301879,-82.35483870967742,2.879834080085889,71.0625,20.892488931431792,-104.41935483870968,4.383062661364121
2084,46.096774193548384,9.975307703911751,19.09375,13.435864726079226,-26.40625,10.036992126005678,-79.0,1.3662601021279464,68.16129032258064,14.178804659098528,-99.13333333333334,7.0745239337279004
2085,50.0,8.519872962322715,21.833333333333332,16.262601951170737,-14.846153846153847,22.253249214254442,-85.125,13.763818813589975,69.3529411764706,13.266238335895187,-116.0,11.933845426628697
2086,43.093023255813954,1.8402976691522146,10.818181818181818,0.4895604370122277,-18.0,4.06201920231798,-60.75,1.0686652677735224,58.16279069767442,7.504820877146435,-78.6590909090909,1.536572067625943
2087,32.193548387096776,7.772654110731934,14.419354838709678,1.6018979377980822,-9.290322580645162,0.5788502724169795,-74.06451612903226,3.766880148901936,60.45161290322581,19.225048696909543,-100.06451612903226,4.203957305198687
2088,52.03030303030303,15.68339181095886,25.485714285714284,8.388330086057241,-13.114285714285714,12.40914738310051,-34.42857142857143,24.951708460585234,77.42424242424242,19.14067587393213,-83.34285714285714,18.83908226024196
2089,48.51111111111111,16.9883910980047,25.125,14.964715444449098,-14.020408163265307,14.933170577840196,-50.17391304347826,18.236733531679462,66.73333333333333,16.491614030571213,-79.6304347826087,22.94734871078666
2090,41.65853658536585,9.293611118102326,19.29268292682927,13.400480338021787,-11.386363636363637,10.256297198862995,-69.38636363636364,16.53263426885651,60.292682926829265,14.359910154007647,-92.44186046511628,16.98056662924702
2091,51.096774193548384,15.707723267212662,22.677419354838708,14.678021965651283,-11.617647058823529,3.143758577416463,-76.58823529411765,3.1633716846467648,69.12903225806451,11.358503807319646,-100.82352941176471,5.674870240731056
2092,34.62162162162162,10.395818679593829,10.27027027027027,1.0564767721995711,-9.871794871794872,0.4629607714171227,-73.71794871794872,1.6164017961512296,69.89189189189189,24.875673326520673,-94.92307692307692,3.2295479987351356
2093,48.96969696969697,10.157799954132422,18.81081081081081,8.955861248028421,-10.702702702702704,1.270557759301963,-79.32432432432432,1.86074751114146,76.33333333333333,18.183686772666995,-102.86486486486487,3.7859067403468036
2094,58.292682926829265,17.497378064823515,31.585365853658537,22.827001138207184,-40.1,22.694492724006853,-74.575,14.996478753360737,74.0,16.865320168625434,-92.15,15.834377158574947
2095,51.333333333333336,1.7349642676726833,23.764705882352942,10.574828112994423,-11.166666666666666,6.34428877022476,-67.75,12.370158985774328,70.06060606060606,13.073079890160113,-98.36111111111111,14.56432623794977
2096,61.733333333333334,20.57981751349824,13.225806451612904,8.24507547029899,-45.333333333333336,29.564994315725635,-85.28571428571429,37.74714477646634,80.26666666666667,14.73529398718902,-113.35714285714286,20.356140326191305
2097,34.55813953488372,4.68695530457051,14.55813953488372,2.5907018496062553,-8.44186046511628,0.49660829079215396,-61.16279069767442,0.9383367907828842,60.348837209302324,18.89368507880927,-85.16279069767442,3.2488297181581993
2098,37.34146341463415,0.8726118936584545,15.857142857142858,6.431216387098716,-9.813953488372093,0.3891441983879422,-74.1025641025641,17.192417636696963,56.48780487804878,15.943684354351591,-94.07692307692308,10.960031385376679
2099,41.37931034482759,17.62133071240932,20.676470588235293,14.234838349534225,-13.675,13.123237976962852,-62.56410256410256,10.354721137511838,71.3103448275862,21.045277049447233,-92.05128205128206,12.800137655407076
2100,52.36842105263158,9.873998423908436,47.791666666666664,19.850439051959416,-16.27777777777778,6.578350200318063,-83.62264150943396,4.033942849027532,66.94736842105263,11.847601063908638,-105.35849056603773,6.195233528796642
2101,30.0,8.648699324175862,9.666666666666666,0.5527707983925666,-39.916666666666664,26.169187776637028,-98.375,16.00471935607328,85.6,23.652484013312428,-137.66666666666666,17.738063278974085
2102,30.65625,10.089008174121973,10.573529411764707,8.361881607260463,-12.26086956521739,0.5007870302368403,-33.11594202898551,3.38597376178256,47.375,10.502231905647484,-96.34782608695652,1.249070227618275
2103,37.26470588235294,3.406816899113166,11.794117647058824,0.8670237042931573,-15.82857142857143,0.6963461489687964,-75.34285714285714,2.9562800673709337,55.05882352941177,10.343913175988455,-101.37142857142857,3.869925907638575
2104,44.05128205128205,2.6209091977806436,17.512820512820515,3.2175145278638797,-16.025,8.186841576578844,-81.3,3.75632799419859,65.51282051282051,9.626011221929229,-99.45,5.310131825105663
2105,38.94736842105263,10.689265073504087,15.743589743589743,2.798515620439436,-22.146341463414632,6.9862616948385625,-75.45,3.7546637665708498,69.63157894736842,17.918559993586744,-98.3,8.420807562223471
2106,33.225806451612904,13.59722380919641,17.705882352941178,8.290779470077183,-11.8,5.922354744042755,-79.53333333333333,25.76914606440983,58.096774193548384,18.194921018913366,-99.89655172413794,21.427254361879964
2107,67.8,24.911041728518704,45.166666666666664,29.3905691601159,-13.5,0.6454972243679028,-53.833333333333336,19.815117685466543,90.2,15.580757362849855,-92.41666666666667,23.8098660689686
2108,47.785714285714285,11.935412922586845,22.142857142857142,9.39496174140422,-15.142857142857142,16.165912739275736,-78.78571428571429,11.043282194739618,67.28571428571429,13.658741687644435,-103.60714285714286,16.375808127745472
2109,45.48979591836735,8.504794443711102,19.96,7.028399533321935,-17.26530612244898,10.42715354393221,-79.16326530612245,4.837552673448442,68.36734693877551,17.054168055443427,-102.38775510204081,12.658491264083652
2110,41.34615384615385,5.153606959623529,18.7875,8.177245486714948,-15.125,10.559799950756643,-50.24050632911393,8.395621507853038,58.06410256410256,7.161756953160815,-67.72151898734177,7.552242870579691
2111,40.91891891891892,15.212687411852093,12.837837837837839,7.77561508304323,-24.0,15.937377450509228,-78.14285714285714,10.000408154935784,64.89189189189189,21.41076236544121,-102.48571428571428,13.51057031379807
2112,33.45945945945946,2.0611541583716346,13.368421052631579,2.766539284410826,-20.789473684210527,16.634077094195014,-75.83783783783784,8.821085039324853,65.29729729729729,20.184105152409067,-99.78378378378379,13.078009467381733
2113,56.61538461538461,16.333252827559917,28.03448275862069,17.205618085322556,-34.806451612903224,21.63542399122136,-81.18518518518519,8.375612910848563,79.92307692307692,15.31194374668922,-102.70370370370371,11.29016226900024
2114,38.24,14.238763991302054,11.65625,6.858431740383511,-38.71875,24.428766821874166,-67.88888888888889,37.45153246464846,58.88,13.51242391282926,-90.44444444444444,26.86638176487118
2115,51.45454545454545,28.66746747552101,20.771428571428572,19.146183079940823,-19.457142857142856,11.110722895712327,-68.68571428571428,29.249440950527024,69.51515151515152,29.311411793714058,-91.05714285714286,32.420401739947515
2116,38.32432432432432,16.98974898253086,17.68421052631579,12.087630178165599,-12.763157894736842,8.28262039176109,-73.05263157894737,5.078061008013593,65.35135135135135,19.26236523353416,-93.57894736842105,5.958768766092223
2117,32.75,12.838627541246655,17.677419354838708,16.851126308244194,-18.352941176470587,14.22070229286944,-77.20588235294117,2.3487094299123448,52.107142857142854,20.075463498855452,-96.11764705882354,2.4346120101852793
2118,39.285714285714285,11.331132239239345,19.68,7.9885918659047785,-14.6,7.627144507175233,-68.56666666666666,6.701658169604164,60.38095238095238,17.5457936635379,-89.06666666666666,7.646059260967196
2119,40.375,13.923339218736286,18.75,10.981992836760853,-11.0,0.6454972243679028,-106.70833333333333,12.22524426022737,68.9375,17.322199448972984,-154.16666666666666,20.96756754821333
2120,85.38461538461539,22.9566094439001,27.894736842105264,7.926602357299622,-17.571428571428573,10.007480195531022,-42.55,20.30880350980825,117.23076923076923,16.576878457908897,-105.7,24.288062911644477
2121,56.833333333333336,21.082509865341514,26.533333333333335,18.930985769954567,-24.4,19.882320454782604,-56.5,31.992744713227,77.33333333333333,20.22924176093168,-106.21428571428571,25.657576356503277
2122,54.68,3.6630042315017874,27.48,7.772361288566042,-14.6,6.118823416311342,-77.64,2.447529366524537,78.68,11.495112004673986,-108.84,6.40424858980349
2123,31.176470588235293,14.248090181415979,16.120689655172413,12.719896966356314,-54.983050847457626,31.545227969401047,-93.05454545454545,36.761352325416276,62.509803921568626,11.990801292984042,-128.3272727272727,16.538719908092858
2124,42.97826086956522,19.055398790431596,19.95744680851064,14.060594471268578,-14.948275862068966,19.689330572842206,-99.9298245614035,14.664505003127967,67.3695652173913,18.378104524077575,-124.5,12.084523750885438
2125,40.63636363636363,14.717168250798592,23.076923076923077,19.096763875917418,-10.481481481481481,2.166587526253284,-63.111111111111114,12.801427389548266,67.13636363636364,15.082486696784375,-92.70370370370371,18.46280508123736
2126,40.82857142857143,0.9098104758908947,13.228571428571428,0.4199125273342591,-10.486486486486486,0.4998173515920792,-76.45945945945945,0.7916658657230708,55.05714285714286,3.422136819030365,-96.13513513513513,1.3786433237683078
2127,44.04761904761905,10.503859564923609,18.523809523809526,8.872746112831496,-23.03846153846154,5.86699221348862,-82.96,0.9156418513807677,75.71428571428571,14.30997939216132,-103.64,1.410815367083872
2128,41.833333333333336,1.7143187827498385,12.233333333333333,0.49553562491061687,-18.258064516129032,4.557643292638691,-74.93548387096774,1.2164327506428907,62.166666666666664,6.952617412808566,-94.90322580645162,2.9111004316589617
2129,43.095238095238095,10.74777833922085,23.75,17.933657502823326,-17.77777777777778,13.317583290197888,-89.51851851851852,15.526251056816216,61.80952380952381,15.640664483567454,-111.62962962962963,16.009599315198248
2130,41.515151515151516,2.5180705952172397,19.848484848484848,5.075915872701214,-10.529411764705882,0.6523845003770246,-78.16417910447761,4.897751585655122,57.84848484848485,10.23399330254017,-99.41791044776119,6.94573691593723
2131,62.142857142857146,15.056356715720455,29.333333333333332,18.711256267581582,-30.235294117647058,31.58653736262577,-67.21428571428571,24.62918875593572,84.5,8.381527307120106,-95.57142857142857,22.47765330187259
2132,34.07142857142857,19.43290392869889,15.75,18.208857734630143,-40.2,25.052478253990497,-83.85714285714286,27.88204015608087,63.785714285714285,21.821282440473997,-107.28571428571429,21.674305299226585
2133,36.054054054054056,2.370379670192508,10.27027027027027,0.5525688729800236,-28.81578947368421,8.410066847340234,-88.10526315789474,1.9972279958958181,69.62162162162163,18.503982553583327,-107.63157894736842,8.39618037415504
2134,35.53333333333333,2.276449477195183,17.75,3.344772040064913,-9.588235294117647,0.5998846486579748,-69.23529411764706,16.03499632885633,58.333333333333336,13.092830947591976,-95.29411764705883,13.580975906553787
2135,44.271186440677965,15.614889144631743,14.262295081967213,7.434747042439157,-16.62295081967213,11.532084870334492,-70.44262295081967,28.135809159406723,65.40677966101696,15.911959731936628,-103.9672131147541,19.87829132505514
2136,46.55813953488372,8.678501439554179,13.790697674418604,9.585740717057067,-9.837209302325581,1.3965111438141793,-56.325581395348834,1.6242483804869046,70.06976744186046,14.85651583436084,-76.67441860465117,2.48456566072313
2137,31.0,4.539680126636007,13.448275862068966,9.856159309675002,-24.38235294117647,10.209611117449585,-67.91176470588235,11.71315913346238,46.56521739130435,10.785763914234845,-89.38235294117646,12.165560613958698
2138,51.125,19.370967322258327,41.96551724137931,28.1602345682588,-43.0,32.70779723552168,-76.03333333333333,23.214195848421905,73.0,16.885644790768282,-97.96551724137932,19.642464131219747
2139,50.744680851063826,10.709844517031748,22.3265306122449,10.882278713769692,-25.634615384615383,8.980810410052188,-88.38461538461539,2.7814899587330073,75.0,15.136260534845567,-107.19607843137256,8.126498915357061
2140,34.56,5.685631011594053,14.358490566037736,7.814100316693211,-15.660377358490566,7.139957708839435,-63.905660377358494,7.4940584035857745,62.6,11.45949388062143,-82.41509433962264,10.33118372049262
2141,57.833333333333336,2.2669117514559076,22.071428571428573,19.480628787572122,-31.071428571428573,22.29978951122405,-89.11111111111111,12.942417580943143,76.16666666666667,9.441339358845699,-111.37037037037037,7.693904023451622
2142,41.21153846153846,5.450252423447004,18.5,11.236102527122116,-12.178571428571429,10.517174971814203,-53.64150943396226,7.095292990939098,61.94230769230769,8.54043203180851,-78.13207547169812,7.971737188695121
2143,34.09090909090909,15.302730270086062,16.72,18.39895649214922,-10.484848484848484,1.1578771620935029,-71.60606060606061,2.533884237620227,61.31818181818182,13.383797407979966,-98.72727272727273,4.9068457267603085
2144,78.6470588235294,33.00435118634865,38.77777777777778,26.594810595627184,-24.5,28.641752739663122,-75.72222222222223,53.471493501528,112.23529411764706,20.486808989214346,-142.33333333333334,42.20189569201838
2145,32.45454545454545,7.126948044552596,15.090909090909092,0.9958591954639383,-9.90625,0.38400642898264087,-80.0625,1.248436522214886,66.63636363636364,17.195521231216667,-97.9375,1.1439378261076953
2146,37.75,19.84785882658379,26.46875,21.03417513090304,-30.97222222222222,13.128607675841826,-79.28571428571429,13.267729762895552,58.666666666666664,16.08743471021889,-100.11428571428571,10.027879504009748
2147,45.361702127659576,6.050938143950107,20.53061224489796,7.004669115745194,-15.68,12.418437904986279,-66.04166666666667,4.591470050236876,74.08510638297872,8.924815481098832,-88.39583333333333,7.440708924931518
2148,49.25,19.727835664360143,26.84,21.05550759302658,-15.814814814814815,8.69242768389709,-66.33333333333333,33.37663853655727,72.25,21.683807322516035,-95.03703703703704,38.01021449604915
2149,57.509433962264154,22.645439910414748,38.80821917808219,22.479614835002025,-15.795180722891565,10.322228950643746,-68.53086419753086,8.782820520208736,87.81132075471699,12.730970414291646,-101.8641975308642,5.413182552223563
2150,31.81081081081081,1.269982716158998,15.18918918918919,1.1351351351351353,-9.717948717948717,0.4499981737124165,-69.47368421052632,0.850289180073869,66.35135135135135,26.925539183756594,-91.57894736842105,3.4764741587098396
2151,46.516129032258064,15.56230136340015,19.032258064516128,14.031034429407164,-19.741935483870968,15.655500408102442,-80.35483870967742,13.592095395193853,69.3225806451613,14.607525892330612,-101.25806451612904,13.07785062229507
2152,37.223684210526315,0.8207615880921418,13.766233766233766,8.739960628601779,-16.650602409638555,3.5173707833357675,-67.3375,6.879214617236476,50.078947368421055,7.129927950279532,-84.35,10.265354353357704
2153,53.266666666666666,8.032987544425106,20.38235294117647,10.090807423772779,-15.228571428571428,15.325209323736056,-65.26470588235294,21.87304118763204,66.83333333333333,8.925929767941389,-90.32352941176471,19.069101259298254
2154,37.892857142857146,1.858172791332652,20.2,3.7982452088650973,-19.848484848484848,6.495318650457617,-74.09375,4.125828515280294,57.07142857142857,11.940114175777897,-97.90625,7.273064068018376
2155,36.75757575757576,8.981564630617415,19.058823529411764,12.331073080709533,-17.852941176470587,6.131559406973537,-69.73529411764706,3.798674873669468,53.696969696969695,13.433302914060262,-95.26470588235294,7.109681979854744
2156,33.71875,17.123146569410075,11.657894736842104,2.2858410382346284,-51.10526315789474,14.139882888080887,-84.875,33.36204492633308,62.8125,29.90760511558891,-115.21739130434783,19.724089270294158
2157,56.40909090909091,15.527568125782814,27.16,15.563238737486488,-10.196078431372548,4.334176122461475,-66.13725490196079,11.478914357088737,74.5909090909091,12.831633818274312,-88.49019607843137,11.990801292984042
2158,62.44,10.800296292231987,24.84,8.94731244564534,-9.838709677419354,3.8862601160892907,-80.29032258064517,9.484090407818965,79.56,9.269649400058237,-109.16129032258064,9.388038972779272
2159,34.958333333333336,2.8501340124437813,16.208333333333332,2.929436331826009,-10.32,0.6764613810115105,-74.24,10.708053044321364,61.083333333333336,11.313401590837104,-96.6,7.547184905645283
2160,57.86666666666667,2.1561282171728307,38.4,7.6052613367326165,-11.416666666666666,0.4930066485916346,-80.70833333333333,1.6196493104647343,83.73333333333333,13.383904097418245,-105.16666666666667,2.7638539919628333
2161,48.96774193548387,12.517043531605712,21.58823529411765,8.788755004713236,-9.58974358974359,0.5869499047312613,-38.41025641025641,13.335354876336945,72.74193548387096,17.30181370678302,-78.66666666666667,4.202156548502169
2162,38.125,12.003399402761795,15.541666666666666,4.095856646254441,-21.135135135135137,14.665941722349784,-84.55405405405405,19.05549639930971,72.86111111111111,23.418478907072245,-107.41891891891892,15.028807254067514
2163,54.0,10.825894882179487,25.28,6.642409201487063,-21.384615384615383,10.50302858548217,-72.0,16.594716490034273,81.4,15.927334993651638,-103.03846153846153,18.506715557063583
2164,52.61904761904762,17.945622069850987,28.0,25.029982021567655,-26.92,25.427418272408232,-69.29166666666667,25.251203216656602,73.0,18.544669366283184,-96.83333333333333,28.98227427622308
2165,48.09090909090909,15.299759626481038,30.571428571428573,23.224722928423514,-24.625,10.01171189157978,-78.3125,14.839637588229706,76.45454545454545,9.06906466424722,-97.8,17.34435546991201
2166,36.48275862068966,14.272280077020225,9.32258064516129,0.8571180810055756,-52.645161290322584,27.70995906575104,-89.92857142857143,30.380831093951063,58.44827586206897,15.63723718188481,-111.03571428571429,16.57554597863358
2167,32.333333333333336,12.058499384558901,13.0,13.428424354523552,-42.96969696969697,21.072004763587575,-88.82758620689656,29.791307417128888,53.074074074074076,11.368982904851661,-108.27586206896552,17.09788563601811
2168,45.32608695652174,18.16716381854443,17.541666666666668,8.703347855215766,-20.727272727272727,13.231442641683683,-75.64,25.342265092134127,63.95652173913044,19.757174284998047,-98.0204081632653,23.669053071527607
2169,41.10344827586207,10.584128741320272,14.8,10.851727973000429,-10.03125,0.39404750665370286,-70.1875,9.302007511822382,64.0,16.43797118113194,-92.74193548387096,2.950863645426909
2170,38.60526315789474,6.611550792220864,18.05263157894737,3.486420034037726,-12.5,4.411408654363079,-66.42105263157895,2.2784064023066697,63.973684210526315,16.985267365550193,-89.15789473684211,7.859042113151455
2171,58.0,3.3380918415851206,26.714285714285715,9.129454462097405,-30.666666666666668,8.205689083394114,-100.66666666666667,15.092308563562362,93.57142857142857,10.196037645745989,-128.11111111111111,10.577170850935355
2172,49.96296296296296,9.040982745179214,21.444444444444443,6.618343383037969,-11.851851851851851,0.649997362029046,-80.51851851851852,20.008091641597055,74.74074074074075,13.579921432687666,-114.66666666666667,20.845107783806696
2173,47.083333333333336,9.286713926656487,14.36,7.557142317040219,-10.884615384615385,3.8662934255008374,-78.57692307692308,2.041362232263938,70.75,18.012148678045047,-100.03846153846153,2.2951582688977985
2174,39.735849056603776,5.962622391912542,14.654545454545454,5.477949788406017,-12.940298507462687,1.4339237163552776,-74.97014925373135,3.611631909864319,57.16981132075472,11.07050449508607,-96.3731343283582,5.369443176599601
2175,137.2,39.50392385573869,50.6,30.017328328817005,-35.0,23.799159649029626,-189.2,77.9266321612836,176.6,41.11739291346182,-311.2,17.31357848626332
2176,48.142857142857146,12.999215046945514,14.36111111111111,9.597895538368403,-11.131578947368421,1.7346477365975788,-71.65789473684211,18.22559841742186,69.17142857142858,15.821297967858234,-92.10526315789474,19.20497396329263
2177,46.629629629629626,2.0574732462712815,16.22222222222222,7.4053700902007265,-12.551724137931034,2.4994648654372584,-80.41379310344827,2.141820710795798,66.37037037037037,9.302123007970726,-103.42857142857143,4.321280989215478
2178,45.6,23.877604569973098,25.304347826086957,21.87202855864817,-36.2,33.78046772914786,-62.72727272727273,33.41499638592042,76.3,18.80452073305778,-110.22727272727273,35.40150461386663
2179,41.34375,10.44512259083157,17.75,4.493050188902857,-9.969696969696969,0.7971482689676306,-75.33333333333333,9.672412085697939,64.40625,13.11454196445686,-98.18181818181819,13.369922248713308
2180,47.77777777777778,14.625531540409265,20.288888888888888,10.804571506177316,-19.42222222222222,10.20999268448729,-70.04545454545455,4.940346626845978,68.31111111111112,16.362317442794144,-95.8409090909091,13.290364215917318
2181,46.94285714285714,27.350573623802124,28.17142857142857,27.754521602574147,-22.529411764705884,21.649935870191186,-92.23529411764706,16.705157399348987,72.62857142857143,23.940504487208305,-113.70588235294117,15.477743815983581
2182,44.03448275862069,16.13730473291021,20.75409836065574,14.949813023344078,-9.169230769230769,0.6695401583688906,-78.78461538461538,2.2083220758151527,67.41379310344827,13.562161462812657,-99.56923076923077,5.692016624574974
2183,39.65625,1.2147369828485506,10.15625,3.0527587421052456,-10.84375,1.4600807982779582,-60.59375,7.717105087887556,59.53125,14.068991557233232,-100.96875,7.234830574208355
2184,44.107142857142854,2.3503690548246996,17.357142857142858,5.575547927681867,-8.64516129032258,0.5417050201208602,-70.58064516129032,0.8337321279561346,64.39285714285714,10.847446327902926,-91.56666666666666,1.2565384549980512
2185,49.52777777777778,24.70884469522684,21.7027027027027,21.303298646827884,-12.414634146341463,1.5137678682129658,-75.82926829268293,9.941051716025925,79.36111111111111,19.07026885812016,-96.58536585365853,10.745335028101781
2186,44.714285714285715,1.577908716741037,19.714285714285715,5.624291338579865,-35.75,39.568769250508666,-82.14285714285714,2.531435020952764,76.28571428571429,18.797524804492486,-108.14285714285714,5.742786069211937
2187,48.12280701754386,3.4134418265306135,22.96551724137931,10.602481032419071,-8.728813559322035,0.5152096323244293,-71.01694915254237,6.5522451202666865,66.08771929824562,9.121558619035715,-89.42372881355932,6.770332565325132
2188,50.3921568627451,16.34262852519903,25.19047619047619,13.506326727797033,-8.764150943396226,0.4245283018867924,-60.29245283018868,9.491770995190176,68.70588235294117,11.924261176844883,-85.72380952380952,10.656985402471035
2189,27.4,10.484273937664925,11.3125,7.625768403905274,-27.03030303030303,25.69929234786242,-54.64,38.62939813147494,52.36,10.502875796656838,-91.56,22.73865431374513
2190,33.698412698412696,5.0572434948485485,13.515625,3.112435679556286,-8.712121212121213,0.5970927422799404,-77.63636363636364,1.3443074553223535,49.46031746031746,14.901608943519092,-95.60606060606061,2.0661689616643377
2191,38.87096774193548,1.3135014884840215,13.612903225806452,1.6593317612402174,-13.5625,3.578909575555102,-73.0625,9.453628602288118,62.16129032258065,11.51183619274597,-93.875,10.508181336463508
2192,51.21739130434783,11.698965103762589,24.115384615384617,13.477408228008034,-20.96969696969697,5.728635399860623,-70.42424242424242,4.369524646709317,69.52173913043478,12.465149906552133,-96.78787878787878,6.914006757290093
2193,52.95652173913044,22.833001023251153,17.185185185185187,10.579634653907048,-15.961538461538462,10.928018925365024,-63.76923076923077,34.49783459459414,82.65217391304348,17.76074982664124,-103.26923076923077,28.927705235250077
2194,33.26,5.172272227947791,15.5,9.570587957181829,-8.592592592592593,0.8055023396641312,-50.148148148148145,5.254301262378272,64.76,12.76018808638807,-73.46296296296296,5.370402298755663
2195,64.11111111111111,5.60643369401905,26.666666666666668,7.023769168568493,-29.0,11.704699910719626,-97.0909090909091,2.8429992311112526,90.55555555555556,12.693927779420198,-118.0909090909091,4.601472994488641
2196,29.782608695652176,12.631763007314849,9.862068965517242,0.5707912192154085,-80.34482758620689,1.2669774531637128,-114.77777777777777,3.720148676174046,44.0,15.918269514863294,-131.66666666666666,3.214550253664318
2197,59.38461538461539,9.531635274490794,31.866666666666667,16.508045176687503,-15.294117647058824,10.578917468705793,-76.58823529411765,6.886122647840892,75.53846153846153,8.063358573156098,-97.73529411764706,10.42426136057106
2198,40.6875,9.780201621132358,16.53125,8.678221213906683,-14.529411764705882,11.787918276822166,-74.4375,16.359128758891778,64.0625,11.49711240920954,-98.78125,15.669904225536925
2199,41.57575757575758,1.498085708401003,11.911764705882353,0.2836367870880281,-12.205882352941176,0.5302281287447043,-62.214285714285715,28.33770474481096,56.72727272727273,6.477339180945658,-83.28571428571429,25.324828504365243
2200,41.30769230769231,15.17784121360233,13.92,10.594036058084757,-68.24,28.117297167402132,-90.85714285714286,27.97496451214518,69.84615384615384,13.392570580197146,-124.14285714285714,14.5152980524349
2201,44.19298245614035,7.561301745560185,17.526315789473685,7.031521167952545,-17.796875,18.66160805596278,-68.03225806451613,9.310014971637392,68.64912280701755,12.933692201663629,-92.63934426229508,7.3463111896106215
2202,47.31578947368421,21.936637538191547,25.44736842105263,21.640237094261344,-31.763157894736842,19.810197016112046,-88.89473684210526,16.737586875187002,71.8157894736842,18.790892619281365,-105.1842105263158,14.39637246552773
2203,36.75471698113208,9.152596621718905,17.01851851851852,9.947064969573503,-20.14814814814815,4.7858100727177,-72.77777777777777,5.4217212883359345,70.56603773584905,23.98860534060401,-95.5,10.142959608991333
2204,47.473684210526315,18.47863181610083,19.94871794871795,15.687572605530164,-17.11627906976744,14.456364659828349,-63.72093023255814,13.446406248330165,76.5,14.885086142635663,-83.06976744186046,13.078289036871881
2205,44.95238095238095,5.93998709695721,19.09090909090909,12.763260807735653,-12.689655172413794,1.704020565600805,-78.13793103448276,13.820834192925808,77.33333333333333,14.675322121339597,-103.65517241379311,15.550309592369837
2206,79.45454545454545,27.589074373624577,23.1875,9.422172984508403,-18.4375,14.525704587041552,-46.125,16.72526158240881,109.27272727272727,28.45759495712527,-110.3125,4.605957419473176
2207,37.31578947368421,19.673794035344386,24.95,17.90942489305561,-16.06896551724138,7.934781723450931,-79.75862068965517,1.222072079080645,62.89473684210526,26.34766490570615,-99.72413793103448,1.3619598384918274
2208,40.333333333333336,12.150674421154115,9.96551724137931,4.642255386909357,-9.666666666666666,0.6816498108607268,-76.125,10.910860415200993,64.08333333333333,14.262178032201893,-99.5625,4.175355523784771
2209,51.55555555555556,4.555749124807402,15.65625,6.48608787617775,-11.1875,0.5555121510822243,-82.859375,1.4016417550055364,70.0952380952381,7.258742480872849,-103.34375,3.8979912695515364
2210,57.25806451612903,4.641799859033298,27.741935483870968,5.8583700360858595,-21.78125,6.570456486234423,-73.75,1.479019945774904,77.2258064516129,8.338444495689847,-93.25,7.00446286306095
2211,54.457142857142856,18.66753156402521,26.928571428571427,21.415829545036093,-14.071428571428571,13.073770282047759,-68.33333333333333,23.44361692664284,78.25714285714285,14.707321514213557,-92.80952380952381,22.14910306174743
2212,37.56,1.7223240113288787,22.571428571428573,17.638084953200746,-13.777777777777779,8.629550150643377,-84.11538461538461,11.212379569979861,63.08,16.634710697814974,-105.11538461538461,13.53436345318243
2213,57.77272727272727,13.433106383388692,25.1,9.572007800526144,-12.114285714285714,8.548254386787077,-85.74074074074075,22.449272185831003,72.04545454545455,12.278870516339229,-103.76923076923077,17.220979361741158
2214,56.5,17.404501333467348,23.428571428571427,14.676094681557517,-43.714285714285715,37.66663656611885,-86.71428571428571,24.170314057385625,78.5,19.559737557884905,-116.71428571428571,12.969351627304006
2215,45.77777777777778,10.827206244536418,21.232558139534884,14.503948474911885,-10.0,1.4288690166235205,-70.70833333333333,11.672543162862533,65.25,12.120632088394657,-94.41666666666667,10.36989499571824
2216,42.53846153846154,12.49070660448359,17.517241379310345,9.353666770052497,-11.838709677419354,0.5141089500164266,-70.51612903225806,9.210341199738952,69.88461538461539,16.409019384465463,-94.90322580645162,10.987837377725155
2217,43.15217391304348,16.929479551445098,10.941176470588236,4.235294117647059,-32.509803921568626,23.969238905043344,-63.854166666666664,26.41337223148322,62.93478260869565,14.91337621634123,-91.35416666666667,15.934095496938493
2218,27.75,8.0583807306431,10.375,2.7012728481217887,-9.65625,1.107061848994897,-75.3125,2.4036105653786763,54.375,16.19558195928754,-96.65625,2.9433120693361756
2219,25.425,12.101420371179577,7.775,0.5695392874947258,-50.45,12.286069347028771,-91.0,13.724393405865863,46.55,18.8559672252579,-110.51282051282051,13.227538862252484
2220,52.63636363636363,15.651155793932613,29.533333333333335,23.168561073623504,-34.0,30.511328657903253,-75.93333333333334,4.986203187017375,82.0909090909091,15.41813893647553,-105.06666666666666,18.52013918834185
2221,40.10344827586207,19.44283367240593,10.787878787878787,5.174281245694907,-58.878787878787875,23.64351096288312,-100.125,18.29916323223551,67.58620689655173,17.269700876708516,-132.2608695652174,14.614517473491444
2222,21.4,6.686304410260325,11.3,2.3259406699226015,-12.766666666666667,0.8439325934114775,-84.13333333333334,24.60045166703697,32.56666666666667,13.260677039863218,-111.46666666666667,24.892747716732455
2223,45.94444444444444,8.181769858941973,18.47222222222222,6.057530259066493,-10.81081081081081,0.7653947166760159,-64.4054054054054,2.3418571916145376,70.63888888888889,15.934157541056566,-91.27027027027027,8.189144590013242
2224,54.44444444444444,14.519038161524422,23.68421052631579,14.697126935772344,-25.4,10.786102168995063,-82.21052631578948,3.532986620387034,76.55555555555556,13.969101705877003,-106.3157894736842,10.10498903136959
2225,30.035087719298247,11.829141702311201,10.116666666666667,3.450080514358405,-43.95,23.418244312216636,-97.81481481481481,34.3144900146528,50.719298245614034,11.790204655701709,-121.20754716981132,19.425094148108247
2226,42.13333333333333,11.53468200207049,15.0625,5.261520098792744,-14.294117647058824,7.127120579228686,-85.11764705882354,9.791246708705007,64.8,12.117205398385662,-106.05882352941177,9.390048475946376
2227,50.208333333333336,14.597314726422194,27.5,21.865661271892574,-25.225806451612904,17.370181489978656,-76.63333333333334,11.903734241358421,75.29166666666667,7.079778519762386,-103.3,15.325686499033791
2228,34.5,2.535048439031352,14.944444444444445,2.837687286471585,-8.405405405405405,0.5432365200605886,-72.05405405405405,13.102394965612813,54.44117647058823,10.454920531586996,-92.35135135135135,11.399896197289898
2229,48.2,2.7234431988097083,20.257142857142856,6.124157584717181,-28.514285714285716,13.620093199956827,-67.08823529411765,27.07111293813652,62.65714285714286,6.159512305104577,-83.97058823529412,24.697565126615036
2230,32.54761904761905,7.371768479919994,17.288888888888888,7.422554882764715,-15.065217391304348,10.877583998682484,-65.80434782608695,10.349584249615372,63.69047619047619,17.507125209656095,-88.95652173913044,12.372754994849403
2231,38.205882352941174,11.429526807570937,14.205882352941176,4.171185554172296,-12.057142857142857,3.648427114273117,-72.88571428571429,3.8155428639891826,69.20588235294117,20.351007218555264,-94.79411764705883,12.14563444148387
2232,37.125,1.5980674092304257,16.493150684931507,2.0681756083942835,-10.067567567567568,0.859463708981505,-72.3108108108108,1.4135031780925436,55.65277777777778,11.036756420432166,-95.08108108108108,5.71805286448048
2233,46.89655172413793,22.50263559672619,15.742857142857142,7.488440070794288,-39.513513513513516,21.220364545384385,-68.96969696969697,32.86380052210422,71.41379310344827,21.919157486607716,-103.33333333333333,23.66901396810231
2234,21.454545454545453,1.304790917673393,9.575757575757576,0.6527472493496369,-50.515151515151516,28.066070545876816,-67.26923076923077,38.31304025073497,40.333333333333336,12.92323879722498,-95.96153846153847,24.47680341313881
2235,50.82608695652174,9.884780457252996,21.217391304347824,4.8360648909510715,-9.76,0.4270831300812524,-67.36,4.058374058659453,76.95652173913044,20.44819171524564,-108.28,1.6618062462272791
2236,48.47457627118644,20.202664644020576,23.049180327868854,13.807133140433093,-9.870967741935484,0.45733699608896217,-50.81967213114754,13.074199592115352,65.32203389830508,13.771058669550676,-73.14754098360656,15.308666853729763
2237,33.38181818181818,3.2890502032759272,16.267857142857142,9.235975993419453,-10.215384615384615,0.44694889373335234,-70.9375,1.775484088917724,63.14545454545455,17.434989044309912,-93.234375,2.9882174217039497
2238,40.95454545454545,13.394290753652783,21.625,16.504576385556422,-14.9,17.245965711821803,-67.03448275862068,13.081924245837868,59.09090909090909,16.675810164069965,-91.20689655172414,10.216211965319285
2239,44.75,7.980444849756184,14.433333333333334,8.389212650117345,-29.419354838709676,13.239174990250586,-75.86206896551724,13.634955427594369,66.96428571428571,14.080082545560446,-99.48275862068965,14.274695937712643
2240,37.588235294117645,11.32613924597197,12.156862745098039,4.7912197023370835,-11.096153846153847,5.189707326061607,-59.17307692307692,10.699966128354285,63.11764705882353,16.522886158679647,-82.15686274509804,12.386540052466515
2241,39.75,3.6996621467371855,14.3125,3.2349410736518833,-9.4375,0.8637671850678283,-71.875,2.6427968139832467,62.625,12.272301128965179,-92.46666666666667,6.064834888290218
2242,42.77272727272727,1.0842600401705966,17.681818181818183,3.1749926791091494,-9.533333333333333,0.49888765156985887,-61.733333333333334,0.9285592184789412,59.84090909090909,7.710509892991341,-81.04444444444445,2.180270682028629
2243,49.016129032258064,12.484173122958358,25.047619047619047,10.661350716160243,-18.75,6.083669074807135,-59.338235294117645,11.719278102287456,65.12903225806451,8.423247153673138,-74.1029411764706,14.071393285547092
2244,43.55172413793103,2.6338146833004568,22.03448275862069,4.189335875444811,-10.71875,0.5144399260360728,-79.9375,0.8637671850678283,68.03448275862068,11.684008401172445,-97.21875,1.9642806412272154
2245,52.80769230769231,1.8401344175239518,13.74074074074074,3.4382660637852367,-22.214285714285715,7.369614948543507,-83.21428571428571,1.1134612334371354,71.0,10.583005244258363,-103.46428571428571,1.9545211846445893
2246,52.333333333333336,15.741840920157832,26.06896551724138,19.871884547812005,-19.25,14.19506956657839,-78.59375,16.57531933138846,72.95833333333333,12.653982135631805,-99.3125,19.249086828990098
2247,37.57575757575758,9.335595947705013,13.454545454545455,4.207431441965867,-15.205882352941176,5.443719596469192,-78.23529411764706,3.5567568136072882,59.93939393939394,11.814062996326681,-99.17647058823529,5.564967037771912
2248,40.21052631578947,7.459215052314547,22.041666666666668,12.869470225649883,-11.172413793103448,8.317281408950391,-68.89655172413794,7.198394589150952,71.78947368421052,15.521051739215766,-91.79310344827586,7.831762519491526
2249,47.45161290322581,7.844614794208249,16.774193548387096,12.362037825065308,-25.419354838709676,7.958660097749422,-77.54838709677419,12.388440787301633,66.38709677419355,11.183736519563658,-97.06451612903226,14.856160846209546
2250,36.23809523809524,4.89319023312975,13.619047619047619,2.5907562873781798,-12.790697674418604,3.713946935381792,-68.63414634146342,9.041249907010823,54.833333333333336,11.292468342653933,-99.7560975609756,9.267779189883253
2251,37.43478260869565,11.664983225379846,19.0,8.812047089810829,-10.945454545454545,6.2796009769532395,-101.32727272727273,10.207046666538394,60.869565217391305,22.524005257823088,-127.83636363636364,11.263397899009204
2252,62.457142857142856,18.133383353272347,23.22222222222222,11.735774156898572,-26.512820512820515,10.580271420278345,-76.57894736842105,18.583568830311204,78.34285714285714,14.156155364147342,-94.55263157894737,18.382911642153246
2253,25.363636363636363,2.9931050242098776,10.428571428571429,0.49487165930539356,-50.97142857142857,13.706068967089442,-90.8125,13.816741430236002,41.72727272727273,3.4577337759020397,-105.625,8.974791083919447
2254,38.90625,6.186474031102046,18.78125,3.2952084057764846,-9.787878787878787,0.5907148087763008,-74.42424242424242,9.283515214029073,56.15625,11.147055034290448,-96.87878787878788,12.741622502072005
2255,97.77777777777777,20.83148139916964,40.833333333333336,16.259185438118084,-33.55555555555556,17.733277638453334,-91.05555555555556,25.116334265047126,116.27777777777777,9.842117859008663,-143.66666666666666,23.45444757633637
2256,37.172413793103445,8.526101771324464,15.6,9.597221820228322,-18.5,8.208735184748825,-77.26666666666667,21.402388236414698,60.58620689655172,14.377945854386732,-95.72413793103448,25.617742439666948
2257,42.34782608695652,18.21038570288985,13.652173913043478,6.786230916842631,-12.56,6.337696742508274,-96.4,14.664242223858688,71.26086956521739,29.749998014328533,-114.68,13.35281243783496
2258,64.57142857142857,16.2801995675478,33.78947368421053,19.38278929296873,-9.536585365853659,3.0048542919555024,-72.14634146341463,13.007616859794402,82.6,13.61763562443936,-96.3170731707317,15.864424112122071
2259,44.73684210526316,17.648146183435564,15.336842105263157,6.605596552710022,-11.84375,4.314047125862984,-64.77083333333333,8.743425109125651,66.18947368421053,16.83310943964906,-87.91666666666667,14.53276948447504
2260,47.9,18.509186908127543,17.5609756097561,11.18371808781399,-14.439024390243903,9.54335110261054,-61.78048780487805,23.889493756820556,75.2,18.168929522676894,-90.3170731707317,25.286108231249244
2261,42.255319148936174,5.212375148181297,11.97872340425532,3.9057478740197356,-8.979166666666666,0.5947542676508416,-65.625,4.6035538807896375,68.27659574468085,12.645244884867978,-88.04166666666667,7.67560620117757
2262,41.266666666666666,18.017769007288333,9.266666666666667,0.6798692684790381,-57.6,7.233870947762953,-91.07317073170732,13.768805754228648,72.37777777777778,17.12864902098092,-110.34146341463415,11.191481420929177
2263,44.388888888888886,10.122246615411514,22.0,9.978925160979065,-9.117647058823529,0.6758308995927093,-67.3529411764706,6.475666456463251,65.33333333333333,11.249691353790803,-96.58823529411765,9.732050285945203
2264,40.68421052631579,1.748762918509068,11.078947368421053,1.6918003326784665,-11.128205128205128,1.5388888295511445,-65.71794871794872,1.4667025278025738,54.78947368421053,6.5540581833212395,-90.41025641025641,1.9443270369362955
2265,58.57142857142857,24.0110518771023,26.285714285714285,19.425419912462903,-10.88888888888889,0.9938079899999066,-84.77777777777777,7.051836290054413,83.71428571428571,9.691148917798074,-119.77777777777777,14.898007158138656
2266,41.705882352941174,6.697363009444599,19.852941176470587,6.025106066633753,-10.428571428571429,0.6880911187881312,-73.42857142857143,9.725623635635959,59.470588235294116,11.857574630782109,-96.11764705882354,3.393460023966108
2267,39.21052631578947,18.85004243292284,18.633333333333333,9.449808933988502,-34.67741935483871,24.840636707821076,-46.142857142857146,26.097410406627947,63.26315789473684,16.166378708728082,-97.61904761904762,10.101749921371193
2268,29.34285714285714,10.203480798637456,10.45,0.5454356057317857,-48.925,22.568105259414224,-85.87878787878788,24.387972166819242,52.8,15.960307909668554,-112.93939393939394,22.401216679537736
2269,43.370370370370374,6.992843686640562,21.892857142857142,14.905270605954616,-11.533333333333333,0.618241233033047,-76.26666666666667,3.4344658326376685,66.11111111111111,16.182600013900007,-95.73333333333333,2.5420901286583497
2270,47.5,12.103718436910205,21.92,12.893160977820761,-24.35483870967742,21.52200432430204,-89.74193548387096,17.24953060031842,68.33333333333333,15.939120288006976,-110.8,10.146920715172657
2271,41.56,11.970229738814538,14.04,4.975781345678285,-16.444444444444443,9.55426347853585,-73.44444444444444,4.605418172458379,57.76,9.872304695459922,-94.74074074074075,7.32622176686108
2272,40.81818181818182,24.361176945064873,11.270833333333334,4.535689874637472,-37.395833333333336,34.670916956995654,-92.08333333333333,42.21069835427454,73.38636363636364,23.19993721493357,-134.91489361702128,29.161932185958978
2273,35.955555555555556,20.487346290446972,13.608695652173912,10.708546486983849,-30.17391304347826,22.117575490040853,-74.22727272727273,30.393527747295472,66.06666666666666,18.030098292700583,-100.31818181818181,20.61307255919356
2274,54.529411764705884,16.03226274340547,24.68421052631579,15.946355129639844,-12.807017543859649,7.082071746866335,-61.45614035087719,8.831900265293484,69.76470588235294,11.869532979388403,-82.08771929824562,8.268054570293236
2275,34.07142857142857,2.266661664660347,18.75,8.605957239029253,-10.722222222222221,0.50613519884135,-71.63888888888889,1.1341364256996447,52.714285714285715,10.309001416436107,-92.13888888888889,2.5836320018508157
2276,54.370370370370374,16.768904529577508,23.89090909090909,11.498099016434653,-43.981818181818184,18.134338004902,-78.94444444444444,14.31318566744026,66.55555555555556,14.621985813691738,-91.42592592592592,15.0598827547596
2277,41.371428571428574,1.3749953617732533,14.628571428571428,4.014870318387555,-8.837837837837839,0.5459191858574096,-68.32432432432432,9.138732699574552,59.97142857142857,16.3015962658976,-92.47222222222223,1.607035073791192
2278,57.486486486486484,20.490764724786974,28.236842105263158,19.100060912725016,-24.46153846153846,15.646489167674703,-87.39473684210526,21.77098440063869,78.27027027027027,16.79068056932202,-112.55263157894737,16.030722754204213
2279,31.78846153846154,12.369840087365004,9.12280701754386,0.8180030334648959,-48.206896551724135,29.65011985827356,-100.21052631578948,21.04276084389874,56.75,11.635282879771667,-124.05263157894737,13.790946754049841
2280,48.0,11.968709203585824,18.0,7.560864148142503,-16.52,9.924192662378136,-85.0,7.4404300950953095,73.375,17.19208272238513,-107.72,12.44996385536922
2281,30.933333333333334,2.128118626601649,14.580645161290322,10.005721568177679,-20.272727272727273,6.20982958470475,-67.12121212121212,8.029330987480822,49.233333333333334,12.502488641155498,-90.3030303030303,3.8493198807758584
2282,49.666666666666664,8.069145624606803,17.4,6.843975452907469,-20.0,7.173669804328776,-90.11538461538461,3.7858737745316327,72.33333333333333,14.996295838935989,-110.53846153846153,6.440441750441377
2283,45.421052631578945,9.02034225129863,17.19298245614035,6.096989756216711,-21.035087719298247,9.806844928336822,-84.3859649122807,15.816662750408899,74.98245614035088,16.385157198620796,-105.47368421052632,15.10095298858436
2284,41.42857142857143,13.131465042014918,13.857142857142858,4.132170123793645,-26.047619047619047,11.40791784547737,-79.23809523809524,1.8232561637215854,75.33333333333333,16.4904975042146,-97.9047619047619,1.6876233473018427
2285,54.111111111111114,23.696902959596706,13.675675675675675,8.895957338920574,-14.432432432432432,16.32199732832888,-42.42857142857143,11.948187463940686,94.91666666666667,23.170113652433095,-59.74285714285714,12.27620894749063
2286,35.48571428571429,7.9295880944055845,17.0,4.329302154257328,-16.52777777777778,13.516422338751708,-69.42857142857143,10.497035538762399,50.4,13.680434412484338,-92.97142857142858,7.958771313232122
2287,46.6,17.43865438233887,21.243243243243242,20.154008930430187,-25.076923076923077,14.365886614645545,-63.16216216216216,10.670782320198214,72.4,18.837197243751522,-94.41666666666667,16.535105751770146
2288,60.666666666666664,18.107361575057713,28.045454545454547,19.528481002062957,-13.793103448275861,7.90334998233796,-68.77906976744185,5.743350377024898,83.60493827160494,12.411343887547192,-93.53488372093024,9.327002153560686
2289,44.61538461538461,10.451635584468708,18.53846153846154,8.144043454389363,-23.517241379310345,8.548525541971319,-103.27586206896552,13.823759036962757,66.15384615384616,12.702792871867278,-124.51724137931035,7.721982457870976
2290,39.857142857142854,6.446008098673415,27.0,21.14382237178973,-17.217391304347824,5.9304411577168334,-63.28260869565217,3.6987838393665515,77.65714285714286,2.6397278771316794,-86.28260869565217,2.8488215983200527
2291,28.76923076923077,7.153846153846153,11.129032258064516,4.434046687983503,-52.06666666666667,15.800703219231169,-84.42307692307692,24.003482242443773,56.61538461538461,13.153171372705646,-108.16,15.285758077373854
2292,49.0,15.95201136743159,18.433333333333334,11.274405626117158,-26.0625,15.114019774699251,-76.3225806451613,25.77494043893396,71.46666666666667,18.191084507405147,-107.58064516129032,15.07352773220139
2293,37.18181818181818,16.915932144891645,21.324324324324323,17.273717035402022,-14.923076923076923,7.032469075778089,-74.53846153846153,4.92427869947053,60.36363636363637,21.605019312746105,-100.02564102564102,9.107582581921617
2294,42.666666666666664,6.206328908341751,18.0,5.527361408297003,-14.735294117647058,7.1014034384653675,-65.48484848484848,18.752165470300437,60.925925925925924,10.600230346644379,-91.0,19.882991056008986
2295,51.03508771929825,13.574957480829926,21.75862068965517,8.398091623999417,-26.75,14.631729221113956,-93.61016949152543,21.51232752550251,74.40350877192982,15.76456124341212,-117.42372881355932,23.28904841178484
2296,37.875,12.009761654587487,13.705882352941176,8.469771202426502,-15.842105263157896,11.55883420589836,-72.16666666666667,7.073031724640982,70.1875,17.212708785952316,-101.66666666666667,9.637888196533973
2297,41.6875,12.952889397736707,14.46875,3.553030176834979,-23.0,12.062966115974607,-60.41935483870968,2.0284141835177407,72.34375,22.203053527330425,-85.6774193548387,11.197312744364572
2298,36.34375,1.6126332309300835,17.0,2.8613807855648994,-16.941176470588236,5.535666049891101,-72.39393939393939,6.256823639590057,51.09375,9.173192516103649,-95.96969696969697,4.427769453394684
2299,50.24,17.18669252648688,23.448275862068964,11.15281379957713,-29.103448275862068,29.19180899237532,-72.6923076923077,18.70370023195581,70.88,15.084614678539191,-98.88,16.09302954698089
2300,52.85245901639344,12.228475322268787,21.403225806451612,7.736506833272333,-12.25,4.138236339311712,-85.6875,14.263014889917208,70.31147540983606,14.849563644973431,-105.68253968253968,17.128668437415136
2301,44.16,11.129588192441505,21.893333333333334,10.471005470133017,-19.296296296296298,6.695206400979336,-53.734177215189874,13.51577499406208,58.46666666666667,8.58266987727142,-68.16455696202532,12.236519712611715
2302,62.666666666666664,17.873785895053746,42.0,20.57101520748713,-12.789473684210526,11.614777100375743,-83.43243243243244,7.339417977294564,84.5,17.942036302122084,-109.24324324324324,10.478821383604236
2303,49.516129032258064,16.221990188037044,22.542857142857144,8.429007252654735,-22.583333333333332,21.797521520678547,-43.83870967741935,18.698105431357597,62.193548387096776,15.044920597864442,-90.7741935483871,10.772454949544155
2304,62.523809523809526,27.60886511804815,21.863636363636363,12.461925484324624,-19.863636363636363,15.983785689212604,-58.77272727272727,36.5151672324875,82.76190476190476,31.081926706696507,-110.9090909090909,31.458354997894496
2305,40.38235294117647,9.427789666357624,18.514285714285716,11.75067518685368,-11.222222222222221,5.64265063359761,-79.52777777777777,18.544969535206263,57.88235294117647,10.93231772929492,-102.94444444444444,11.652239757146463
2306,39.45454545454545,7.849303806576343,17.565217391304348,8.297857696058987,-19.708333333333332,9.545850611071225,-77.5,1.9578900207451218,77.95454545454545,21.448622063660686,-99.29166666666667,1.6703085210689539
2307,40.60606060606061,7.348219301668794,18.583333333333332,10.638961415476608,-11.702702702702704,5.018155496523598,-70.37837837837837,8.786818602550476,58.484848484848484,9.807607474352883,-95.48648648648648,11.132182762631423
2308,38.54838709677419,2.486592560077647,13.64516129032258,2.8003270211884783,-12.870967741935484,6.131578418497575,-71.70967741935483,1.6498983035541184,63.806451612903224,9.09242632311129,-94.90322580645162,2.8324711507761546
2309,59.111111111111114,23.029905410354523,24.783783783783782,15.32553977733783,-11.947368421052632,8.078390174510906,-69.5,4.031128874149275,89.66666666666667,15.66489351667891,-89.44736842105263,4.671849450198343
2310,41.888888888888886,20.22619008691698,20.15,16.392910052824668,-24.96,10.336266250440728,-83.88,2.6278508329050947,76.72222222222223,23.916069808012526,-105.12,2.8610487587596265
2311,40.054054054054056,12.096338391578033,16.36842105263158,8.653934464591902,-10.324675324675324,3.673144229532727,-64.92207792207792,6.201730453454485,69.39189189189189,19.330565047856044,-95.36363636363636,12.266424548027185
2312,57.41860465116279,16.721011094024487,23.47826086956522,18.542242172982,-29.148936170212767,15.60275306231517,-63.75555555555555,16.57864162181846,77.04651162790698,12.691241235999334,-89.5111111111111,16.61274239481679
2313,39.94444444444444,1.5082079956109142,13.61111111111111,1.7682033847599496,-27.27777777777778,7.548403477671844,-85.76470588235294,1.7666655785507304,63.666666666666664,15.58489297008128,-104.23529411764706,1.5914999127610217
2314,43.833333333333336,5.373287840998491,19.666666666666668,9.782069765079825,-10.34375,6.425580591471871,-67.96875,3.311762889685794,58.9,7.816009211867653,-89.6875,4.4960920531056745
2315,52.714285714285715,12.553761937184813,22.10169491525424,11.441368466293687,-11.21311475409836,5.0444410374464805,-64.95081967213115,10.586762890915498,69.125,7.878683945576553,-81.55737704918033,10.11495336839074
2316,48.69230769230769,9.260209462530575,15.0625,8.223204591277053,-14.314285714285715,13.22718289534619,-77.3030303030303,13.478343681366088,68.34615384615384,11.272643221849105,-99.66666666666667,9.790739801393245
2317,46.793103448275865,4.011872985447996,22.379310344827587,2.771950553167089,-32.5,5.200961449578338,-101.53333333333333,1.7650936393164973,73.06896551724138,12.412260441783882,-116.6,5.023942674832188
2318,45.91304347826087,23.664159367349754,17.58695652173913,14.786268728491079,-28.574468085106382,13.154959716494707,-79.80851063829788,14.289764671874286,79.08695652173913,21.50209907544572,-108.0,16.021262467852832
2319,57.526315789473685,27.490416360792914,22.136363636363637,17.879128142627533,-34.083333333333336,30.817901543673532,-79.4,47.424044534392046,85.36842105263158,28.13914771895251,-128.25,25.633718029189602
2320,42.7,9.910095862301233,16.8,6.727555276621665,-11.428571428571429,1.840585532389304,-58.285714285714285,2.6029810226126573,66.2,13.306389442670014,-84.23809523809524,7.276215407586307
2321,46.96153846153846,17.52905449473217,18.625,10.373493866581308,-20.484848484848484,16.760561956517307,-45.39393939393939,18.165801025702606,64.26923076923077,13.899523213482187,-92.46875,7.790155546425244
2322,56.69565217391305,15.990988719489582,32.68571428571428,17.068664849011803,-16.544642857142858,8.754476806649457,-55.5945945945946,6.782832566740775,71.65217391304348,12.400416176929651,-75.72072072072072,9.888724283193971
2323,60.0,11.007573150638912,25.0,17.99603130851752,-30.615384615384617,16.513576985379967,-71.81818181818181,25.654410153628138,77.83333333333333,8.942718950197541,-95.9090909090909,24.13392386230916
2324,52.333333333333336,7.460617850650862,20.423728813559322,6.666901269452504,-18.45614035087719,22.882668056496613,-52.46153846153846,30.866001671282234,73.54385964912281,12.474634158315439,-89.15384615384616,21.22986341434433
2325,53.38095238095238,22.86289610133829,17.5,15.710930377712625,-41.96,24.89575064142473,-99.125,3.833106877368975,83.80952380952381,20.308616626866836,-127.08333333333333,8.400975472460855
2326,50.36363636363637,21.596602120252523,17.166666666666668,7.22072634081149,-8.6,0.6110100926607787,-60.2,20.364020559146304,67.63636363636364,21.651255379403114,-92.93333333333334,26.50400389039781
2327,44.61538461538461,23.148478805440266,11.25925925925926,6.936711744167659,-28.74074074074074,25.781981351600308,-66.84,33.07286501045835,74.07692307692308,22.8623356316135,-105.12,25.30663154194963
2328,38.53846153846154,13.53409020337666,15.925925925925926,4.008564219970056,-21.06451612903226,6.8858690452116775,-85.58064516129032,2.0755752183413434,64.23076923076923,16.30551509413938,-105.03225806451613,5.02563666945818
2329,49.5,17.327723451163457,22.823529411764707,14.155586276709638,-23.94736842105263,14.102906323130801,-51.27777777777778,19.68023700047999,60.9,16.85496959356498,-86.05882352941177,11.429943071420652
2330,43.4,1.942506971244462,18.8,3.4966650778515618,-10.32258064516129,0.5895376413708731,-76.61290322580645,0.9393690179716796,64.26666666666667,10.692468792981764,-97.7741935483871,2.458817935504452
2331,39.870588235294115,1.9571181412181333,14.176470588235293,4.446218407983113,-11.195402298850574,0.42451000718665255,-65.73563218390805,4.308398027789535,71.81176470588235,17.031109333249763,-86.05747126436782,2.821739586700246
2332,39.30434782608695,11.760045780037688,17.2,10.937397618568442,-12.294117647058824,1.3832912960358643,-74.40625,9.157849689610547,61.52173913043478,16.338457074770584,-93.34375,10.267087509975747
2333,57.44,1.856448221739567,24.692307692307693,9.73798759327942,-11.275862068965518,5.4004888139177645,-75.42857142857143,12.785115708255026,73.24,6.970107603186625,-105.57142857142857,7.379646581881099
2334,69.28571428571429,21.91138616193451,21.318181818181817,17.800373754085165,-18.347826086956523,15.488028183511044,-108.65217391304348,35.67803939784391,95.04761904761905,20.831469304364607,-139.30434782608697,24.781540785534382
2335,28.285714285714285,3.9538150008851565,10.785714285714286,0.772618130456569,-49.857142857142854,16.335138037184674,-84.64285714285714,18.877829562203168,52.785714285714285,13.449262175347185,-111.5,22.477766792989023
2336,46.1,19.83154053521814,16.818181818181817,17.465905394215024,-11.0,2.8823067684915684,-64.23076923076923,28.45821186380492,64.4,14.71869559437928,-87.6923076923077,30.28679482593697
2337,33.34285714285714,1.843023248328016,13.128571428571428,1.9850975403989495,-10.0,8.920949127381757,-76.4225352112676,8.03629438084001,51.385714285714286,7.199787411827534,-95.32394366197182,7.639361834359114
2338,48.96,16.47174550556194,15.73076923076923,7.090392699918198,-15.107142857142858,4.908733366695132,-87.81481481481481,8.98573782307083,73.88,16.216830763130012,-109.44444444444444,14.19789586218959
2339,39.95454545454545,10.973013478228687,15.181818181818182,3.0396824540546343,-24.318181818181817,8.766601723879324,-85.86363636363636,3.223429209362073,75.86363636363636,22.828004043171216,-108.22727272727273,8.570201112426593
2340,64.125,23.28324236441308,24.31578947368421,10.824205971019172,-25.842105263157894,21.767341925812516,-55.3125,31.78780967210544,81.375,19.77016375754131,-96.75,19.654834011000958
2341,61.63636363636363,18.160593672411572,32.74285714285714,16.262740688268924,-55.03030303030303,23.252871896248088,-76.0,14.446302370292305,84.21212121212122,18.14546871520266,-94.73913043478261,16.365970504317918
2342,48.54545454545455,13.172724135767242,23.03846153846154,12.252097996891953,-27.129032258064516,24.576072726869498,-87.62068965517241,10.056440012811308,75.68181818181819,8.818298968293991,-106.3103448275862,11.812043673436147
2343,42.96296296296296,14.200890638426667,17.379310344827587,6.850188988600838,-54.733333333333334,12.22002000362065,-100.04347826086956,18.61153980702988,67.37037037037037,8.828187801741974,-122.45454545454545,18.10255449760732
2344,43.592592592592595,21.929616806466626,12.37037037037037,10.628919836929002,-25.576923076923077,18.56417782248522,-69.48,31.918796969810753,64.85185185185185,17.782021098525963,-96.36,25.12668700803988
2345,46.61538461538461,16.245891606275116,19.555555555555557,11.499865807053876,-24.24137931034483,12.38089510555454,-104.3076923076923,20.900440243374394,68.96153846153847,16.3624353303788,-123.34615384615384,21.08579964681354
2346,71.0,19.23785949879139,31.791666666666668,15.816603003033094,-41.17948717948718,21.936822801144427,-111.88888888888889,28.989248752078357,94.71428571428571,18.85822507717056,-133.68571428571428,27.42758926812972
2347,56.516129032258064,1.214720669920176,11.67741935483871,0.6419273787784645,-19.6875,6.714897151111103,-96.64516129032258,26.19966558158498,71.25806451612904,4.744897034373392,-117.19354838709677,18.19680821859792
2348,42.59756097560975,12.643189390086627,18.49411764705882,10.107217606783038,-16.470588235294116,15.952568102526437,-66.3170731707317,28.96123483453334,67.6829268292683,16.892687152686765,-89.46913580246914,25.16713829322767
2349,51.54545454545455,16.897356632237624,22.09090909090909,3.629539050486751,-24.46153846153846,7.012246261586661,-96.3076923076923,2.1620722034700304,87.36363636363636,19.6110948527183,-121.0,9.647638212377322
2350,64.93939393939394,21.749175385189226,23.085714285714285,7.275679363748902,-16.86111111111111,10.34180506965614,-53.333333333333336,30.88958832141773,84.75757575757575,19.6284121573809,-103.27777777777777,27.365439589939303
2351,36.58064516129032,2.075575218341343,12.903225806451612,4.153155339208022,-10.71875,0.4496092053105675,-87.28125,5.161361103187802,55.67741935483871,12.754220292740534,-112.59375,10.697135641726714
2352,34.148148148148145,14.774110748958686,14.733333333333333,12.3205338989654,-17.0,14.2828568570857,-70.66666666666667,7.689688753864693,65.25925925925925,18.311284908680186,-94.39393939393939,10.268927517514342
2353,25.34285714285714,3.8688710582424584,8.88888888888889,0.3928371006591931,-59.02777777777778,22.130278543097052,-68.57894736842105,36.26846649708065,44.371428571428574,9.255379020673683,-96.94736842105263,16.086848777840487
2354,50.857142857142854,11.679390534839825,26.7,20.542881978923987,-22.181818181818183,22.27847792180598,-62.5,11.672617529928752,73.28571428571429,7.868822487954521,-87.25,17.115417026762742
2355,51.56,17.348383209970894,34.6875,25.194788027486954,-36.525,29.176178210999463,-86.22222222222223,25.322487931910015,73.32,22.35660081497185,-107.97222222222223,24.193073057191746
2356,71.76923076923077,2.241354197589764,43.80769230769231,8.494429082862897,-10.407407407407407,0.49135182079339257,-80.73076923076923,0.8574421849849212,91.65384615384616,4.657023708602438,-104.92307692307692,1.7742403991801223
2357,44.275862068965516,1.65876047873182,17.633333333333333,9.053483062090278,-10.3,0.4582575694955841,-86.34482758620689,1.396445291814937,59.58620689655172,7.604523342559916,-108.17241379310344,1.2883821856737523
2358,66.3076923076923,20.234717368479565,23.933333333333334,20.101299018277953,-16.4,15.882065356873456,-46.13333333333333,28.7561394410925,87.92307692307692,19.35681767575818,-92.0,20.356817039999154
2359,38.604651162790695,18.582486797411885,10.673913043478262,5.540578951957397,-47.08695652173913,12.411120691710181,-76.53846153846153,23.037145204464842,58.53488372093023,22.02044381743274,-101.61538461538461,23.24299219959712
2360,59.05263157894737,20.19112281284063,29.185185185185187,17.72778464508458,-34.65432098765432,13.728550492059105,-68.37037037037037,17.583272384970332,73.53947368421052,18.69311778047126,-85.65432098765432,19.746017253574163
2361,41.96551724137931,2.428036792039165,18.17241379310345,3.733067200751547,-20.428571428571427,7.188426071662357,-90.75,2.5860201081971503,68.58620689655173,15.55971199400889,-115.21428571428571,10.258644935778182
2362,32.43333333333333,3.9973602400695496,14.180327868852459,3.0434460446881992,-10.951612903225806,1.2880019454358016,-76.96774193548387,3.141644021720023,63.53333333333333,19.27992623314611,-98.51612903225806,7.281753456599964
2363,26.9,8.190848551890092,12.066666666666666,13.025445183264265,-72.33333333333333,12.57334040296726,-91.5,33.26033673912518,64.9,12.60515767453942,-121.0,13.051181300301263
2364,47.54545454545455,18.192724001962166,15.363636363636363,9.300759766352693,-28.84,16.780178783314557,-82.0,15.869467539901898,78.27272727272727,19.353603888451225,-104.88,19.125522215092584
2365,43.26923076923077,16.837590025589247,11.148148148148149,7.715802465185058,-23.555555555555557,24.715167532769016,-96.03703703703704,34.41520064833699,68.53846153846153,15.571746528274483,-130.66666666666666,18.265531189364015
2366,67.05,14.3334399220843,29.5,19.668893833039636,-27.85,15.067431765234577,-88.89473684210526,10.189750974913368,86.2,9.856977224281286,-109.08108108108108,12.775352913892709
2367,42.44736842105263,0.8795144719509687,20.81578947368421,3.3627625169125985,-20.564102564102566,3.6218345811301695,-73.35897435897436,5.146505807339923,57.63157894736842,8.998307012203606,-98.13157894736842,9.825238855089314
2368,27.63157894736842,3.9230831902282577,9.461538461538462,0.49851851526214314,-58.15384615384615,5.9680278988936015,-89.61111111111111,3.234173239517307,50.078947368421055,8.712911106203158,-113.97222222222223,9.779474284640797
2369,58.013698630136986,22.02457727468008,20.94871794871795,14.87546373842737,-16.547619047619047,12.091323888585764,-68.73493975903614,18.560928218213448,79.08219178082192,17.863833076425625,-95.7560975609756,13.58133670601643
2370,46.411764705882355,11.350350207239847,24.185185185185187,15.818500741424492,-39.92857142857143,32.391498632719504,-72.45833333333333,18.161266399186545,63.88235294117647,15.717664670648814,-105.20833333333333,12.99672768644306
2371,47.48888888888889,2.3344970642966927,15.555555555555555,6.76775214792936,-11.282608695652174,1.4841634077128945,-80.46666666666667,2.840970100355002,69.33333333333333,12.475754263548334,-98.08888888888889,8.516186476279476
2372,55.28947368421053,15.428797228997405,19.789473684210527,7.462742175341666,-17.210526315789473,10.415468998553727,-72.8157894736842,3.683928560638656,83.84210526315789,17.484619279736712,-98.71052631578948,10.920545327469114
2373,50.702127659574465,17.112785929870547,20.36,11.741822686448643,-11.09433962264151,4.88457004903213,-58.244897959183675,22.84779327730906,66.59574468085107,15.383964536847527,-79.75510204081633,18.804613646053532
2374,37.16216216216216,2.124675027787411,16.2972972972973,1.6252212300943683,-10.128205128205128,0.5629358564128242,-68.97435897435898,8.64243311979397,57.24324324324324,18.11286746652091,-88.33333333333333,6.442381043082868
2375,34.78125,1.866386465204889,16.636363636363637,2.39719762928074,-10.25,0.4330127018922193,-63.68571428571428,2.094502035212715,71.75,17.05505790081054,-82.85714285714286,2.6201729184252285
2376,50.689655172413794,12.733619493228755,33.93181818181818,20.06625132277477,-43.229166666666664,17.89930117738927,-82.53333333333333,21.487567464828484,69.93103448275862,10.741254773175209,-97.36666666666666,17.48424687794384
2377,66.8,15.151237573214935,29.5,20.645822822062577,-24.083333333333332,19.872335600583597,-61.90909090909091,24.94158464548913,92.5,7.0178344238090995,-104.0909090909091,23.99414529139271
2378,39.41935483870968,23.252851637190357,22.484848484848484,18.540898628349712,-21.771428571428572,7.713015768484981,-73.94285714285714,11.590495754571272,55.87096774193548,19.23662825979155,-92.71428571428571,14.59857415458574
2379,38.285714285714285,12.922453169517286,12.0,2.1712405933672376,-24.142857142857142,9.508320738453563,-88.89285714285714,8.414864763000761,64.67857142857143,19.099464411766274,-111.03571428571429,11.440785883524482
2380,43.0,3.676955262170047,20.62962962962963,11.611450759991822,-10.733333333333333,1.2892719737209142,-79.4,8.987398585426893,70.64,12.227444540867891,-102.66666666666667,11.838731163243615
2381,38.30555555555556,13.10177987154681,18.289473684210527,13.449531188732042,-9.3,0.5099019513592784,-61.275,16.364576835347748,77.61111111111111,21.006980027518072,-93.95,14.370020876811559
2382,77.33898305084746,3.1548196622640163,56.067796610169495,5.748586876552936,-13.698412698412698,0.7482237301201698,-75.87301587301587,3.0210481913321448,93.84745762711864,0.7549511000447487,-100.31746031746032,2.78787281271113
2383,61.3235294117647,9.414383826749907,25.58823529411765,15.475060860963326,-21.942857142857143,9.171206049815,-81.88571428571429,10.75645036663099,81.05882352941177,9.782761478505378,-101.4,12.6065742486099
2384,36.8,11.496086290559932,9.5,1.2583057392117916,-10.454545454545455,1.0756508696544758,-65.72727272727273,19.535938486849908,56.4,13.92264342716569,-92.63636363636364,17.955868765963285
2385,42.906976744186046,6.440475042021436,19.266666666666666,7.8383671769061705,-17.73076923076923,7.69644119711128,-77.78846153846153,4.4086302532713235,61.13953488372093,11.492325842580296,-96.52941176470588,4.416337499431084
2386,44.51428571428571,6.613282861339112,12.342857142857143,8.661714964280975,-14.472222222222221,8.817552290463704,-41.05555555555556,15.21319683776856,56.48571428571429,8.865249746128109,-72.33333333333333,24.753226501250744
2387,51.41379310344828,9.792739187008914,17.551724137931036,12.672495894643731,-25.666666666666668,17.801373230424918,-88.8,11.42628548566856,69.75862068965517,9.07689439679709,-106.26666666666667,10.10258492774113
2388,32.19444444444444,5.957345813011233,15.27027027027027,9.316212687883038,-23.43243243243243,6.109543002949899,-72.63888888888889,7.356602392778346,71.66666666666667,19.75123062270073,-113.22222222222223,17.922845618420318
2389,43.45,12.555775563460823,19.4,14.11878181713989,-9.666666666666666,0.7766431633476233,-74.9047619047619,5.5110690511159275,63.5,19.265253696746377,-103.95238095238095,15.728276600036516
2390,43.77777777777778,2.799911815189812,15.947368421052632,4.650678323026215,-21.0,6.69991708074726,-84.33333333333333,12.507775359529147,79.72222222222223,20.544817014829786,-107.0,3.385489397640829
2391,46.37735849056604,4.456186774541404,11.924528301886792,0.6963261164998465,-21.037037037037038,3.305231335899719,-63.44230769230769,4.525200639574158,64.62264150943396,5.3666560161811026,-88.34615384615384,6.539479558757584
2392,26.973684210526315,13.7639629431453,10.384615384615385,7.833574632231295,-51.35897435897436,8.672051126632747,-87.79411764705883,8.727169919835902,51.026315789473685,14.810179362262373,-115.8529411764706,11.54819148800359
2393,44.32608695652174,6.792112906273643,16.26086956521739,7.443803324880938,-14.5,8.072362942674275,-76.02173913043478,2.7464532894403115,61.80434782608695,11.14454353760735,-97.1086956521739,4.223270218936388
2394,39.666666666666664,18.88989896289239,17.0,18.01269393669761,-10.333333333333334,0.5270462766947298,-76.97142857142858,12.208862622317127,68.27272727272727,22.931086122201048,-101.85714285714286,11.081884463632806
2395,49.45454545454545,3.4341503213680187,12.884615384615385,5.205964944745322,-10.0,0.6085806194501846,-85.74074074074075,1.7969643660308448,69.36363636363636,7.951817714125349,-107.5925925925926,2.883660986640256
2396,37.15217391304348,6.928100910828581,14.76595744680851,13.30847237098432,-11.625,1.1479147761629926,-78.35416666666667,10.548478530364251,65.95652173913044,20.323424610574406,-115.70833333333333,17.72234739593551
2397,54.142857142857146,21.80385661449153,19.045454545454547,13.765824853029967,-43.55555555555556,31.726065149598107,-71.3125,16.339058839174307,72.64285714285714,22.057091968853214,-101.5,10.259142264341596
2398,40.25,18.599395151455866,12.0,7.651500150000295,-58.18181818181818,17.75498998652175,-76.0,28.879058156387302,57.875,17.716076738375232,-128.2,17.679366504487657
2399,41.55882352941177,9.390831500084312,18.352941176470587,4.922232593287537,-15.8,6.558745524652016,-77.51428571428572,3.1110074488722743,68.05882352941177,13.25305997179206,-99.97142857142858,6.592141270529042
2400,43.65384615384615,1.9988902246440434,16.76923076923077,6.416970842453581,-21.423076923076923,5.9754180859396895,-75.88461538461539,2.485758251085619,73.23076923076923,18.236286085097337,-100.3076923076923,13.137641840760262
2401,55.68181818181818,14.130516183186861,21.48,11.973704522828346,-9.444444444444445,0.628539361054709,-74.92,21.853914981073757,73.0909090909091,14.890231974837155,-100.0,12.66175343307553
2402,45.96666666666667,17.909928965675867,12.0,8.500980335624043,-14.241379310344827,12.195689380958065,-54.964285714285715,30.404983312017812,66.06666666666666,15.407646009548493,-98.53571428571429,20.139659067296517
2403,27.363636363636363,13.943214232754794,22.2,7.67109602897228,-25.914285714285715,22.41475461587291,-29.678571428571427,17.832661790394955,51.45454545454545,11.031884668489013,-92.78571428571429,6.218389449603392
2404,42.02469135802469,7.563680775921784,18.829268292682926,3.675246393096694,-19.845238095238095,3.6563514458667137,-67.66666666666667,1.2567279257520618,67.34567901234568,19.99886447012674,-86.48809523809524,2.5189474730295753
2405,48.61538461538461,13.74607708069765,19.17948717948718,11.775401990790268,-14.926829268292684,8.9915685272708,-65.29268292682927,13.692162441122978,74.43589743589743,13.004525586620618,-87.8780487804878,14.019490130165774
2406,44.130434782608695,16.46420187222038,21.306122448979593,14.293146754590872,-14.38,10.823844049135225,-66.52,11.089165883870617,63.52173913043478,16.091773661847252,-90.6,11.380685392365436
2407,43.76923076923077,4.9869652580709944,24.344827586206897,12.346368618898504,-9.866666666666667,0.4988876515698589,-84.44827586206897,9.084227357487306,68.61538461538461,16.92989373195083,-113.13793103448276,8.593197541965607
2408,40.59090909090909,11.039841446939068,17.958333333333332,10.853106954027293,-22.041666666666668,11.21561102016094,-78.75,17.51487463081975,73.45454545454545,22.231687607653576,-99.91666666666667,14.32630641706213
2409,23.34375,5.265509086261271,9.970588235294118,0.38235294117647056,-56.029411764705884,29.507212771394254,-76.6086956521739,41.35082053802853,54.25,10.37725879025863,-102.04347826086956,24.138149961293124
2410,28.685714285714287,2.6270181746223074,15.82857142857143,2.7618390796787593,-56.08571428571429,6.473556887485442,-89.9,12.023172071739914,46.91428571428571,12.57519424120684,-124.2,17.87064632295094
2411,55.04347826086956,21.726518080486372,31.151515151515152,22.015313144623473,-13.045454545454545,12.350845656462234,-50.729729729729726,27.84090772891928,75.43478260869566,21.59876422986021,-84.94444444444444,24.916465377608844
2412,26.75862068965517,8.323855093329314,8.466666666666667,0.4988876515698589,-70.6896551724138,1.8213948477578281,-106.5909090909091,4.618727598386722,47.03448275862069,9.89769307367819,-122.86363636363636,5.2768400887571
2413,36.32142857142857,2.673328201599906,16.142857142857142,2.695423180587601,-9.193548387096774,0.46968450898583997,-76.48387096774194,12.002341082773043,58.0,12.469963913339926,-99.93548387096774,1.9827560465328138
2414,43.666666666666664,14.974051630144135,27.8,27.154373496731612,-27.451612903225808,13.585663006788701,-91.0,4.524010020619612,59.333333333333336,17.46106780494506,-108.96666666666667,5.5526770320469945
2415,42.0,16.76305461424021,9.642857142857142,4.336014345936054,-67.78571428571429,26.29008115900251,-98.86666666666666,29.19330212375587,74.0,17.944358444926362,-125.6,21.604937707231034
2416,49.666666666666664,21.50904202629417,19.125,13.534870089266958,-22.076923076923077,22.618785720184476,-85.79166666666667,33.86244129645049,81.08333333333333,22.06980717833504,-123.20833333333333,28.806797760636677
2417,48.6231884057971,15.832548980671838,8.565217391304348,2.9853665367150684,-9.927536231884059,4.047969040165267,-58.98529411764706,3.2289710939027487,63.85507246376812,9.607176306748613,-74.61764705882354,4.072971930423871
2418,43.516129032258064,15.401866178804514,18.70967741935484,10.485607796579256,-45.96774193548387,25.56141733534092,-79.03846153846153,34.281056407327455,60.806451612903224,16.69734256399118,-99.07692307692308,30.82696506547359
2419,42.21052631578947,8.548595538911874,12.719298245614034,4.09001516732448,-13.688524590163935,7.180440151828123,-84.65573770491804,13.023163784103875,60.175438596491226,14.10377927081652,-108.63333333333334,5.388155734778109
2420,57.4,19.65807722031837,22.884615384615383,7.9967633985301205,-12.62962962962963,1.6135571045031087,-38.888888888888886,20.02652561966408,79.6,19.058856209122307,-92.51851851851852,10.754397448108344
2421,30.333333333333332,6.293735862833068,9.5,2.8136571693556887,-11.514285714285714,11.182566606927383,-80.54285714285714,12.940176322805888,52.111111111111114,14.637808309264246,-102.68571428571428,7.8695486476904986
2422,50.94117647058823,22.456416843286604,20.764705882352942,12.651572382001543,-17.941176470588236,15.356434130492412,-60.35294117647059,23.83754126797523,78.88235294117646,18.7361944561579,-87.0,27.06202027152575
2423,51.2,5.035871324805669,17.9,8.99759227052808,-11.161290322580646,5.31034762359817,-87.48387096774194,11.338973520538785,65.36666666666666,5.009879129169574,-108.7741935483871,11.041591976789121
2424,47.0,18.29996964174774,17.666666666666668,8.027729719194863,-12.0,7.602631123499285,-63.5,15.200328943809078,67.0,15.853495934125487,-97.9,20.042205467462907
2425,51.464285714285715,20.166241492116654,38.696969696969695,22.18446746888168,-11.209677419354838,6.235013249265984,-81.69354838709677,9.639617027725068,74.07142857142857,14.043118730305936,-109.30645161290323,7.340978025896205
2426,37.0,17.448059565713766,11.666666666666666,10.801234497346435,-49.206896551724135,22.96681160274963,-86.4,26.47111633460138,60.04347826086956,19.21384976219784,-109.4,26.395454154077367
2427,40.292682926829265,8.977597871012655,21.782608695652176,17.31663317446711,-10.959183673469388,0.604715607756288,-67.44897959183673,19.781522221703433,65.7560975609756,9.573287244902279,-91.75510204081633,17.491141328958143
2428,55.743589743589745,2.686318123837702,30.666666666666668,4.921607686744467,-31.425,14.124247767580405,-86.0,21.113450162817486,74.82051282051282,8.679098957344253,-106.25,16.423856293683148
2429,46.0,9.033986009830127,18.741935483870968,10.36734246575704,-11.424242424242424,1.2799219443601744,-94.03030303030303,17.698630059097194,67.38709677419355,10.67308166446979,-117.33333333333333,16.952101267209837
2430,54.73529411764706,16.981493081188006,27.428571428571427,19.318807585630438,-27.17948717948718,10.132131663411577,-82.87179487179488,5.164868937098946,73.6470588235294,16.089606350869854,-110.48717948717949,12.542996400835571
2431,57.557377049180324,5.391324513083487,20.83076923076923,10.095801459051764,-10.44927536231884,1.245702547648945,-83.35820895522389,8.174772793478386,73.14754098360656,6.378334397861505,-106.56716417910448,5.420315242793004
2432,49.59183673469388,18.855972222697517,22.54901960784314,12.457478619232512,-10.07843137254902,8.072813580656707,-81.45098039215686,12.928633255776136,69.77551020408163,22.545432865816498,-109.88,11.334266628238458
2433,,,,,,,,,,,,
2434,56.37931034482759,7.928185395303693,10.03448275862069,0.3197799481205415,-22.833333333333332,7.784957004091646,-80.79310344827586,1.322988006431095,77.6896551724138,13.605535000128242,-100.48275862068965,1.58920256852454
2435,62.8974358974359,17.417637497361135,32.142857142857146,18.743343489625,-23.622222222222224,13.706914538758879,-74.85714285714286,16.011263042548737,82.56410256410257,15.8337433768144,-98.47619047619048,13.990197410428719
2436,51.7037037037037,9.67170295937746,14.925925925925926,5.805016514640917,-11.88888888888889,1.547598697464902,-75.55555555555556,1.7284832429004495,74.03703703703704,13.57961839174043,-100.81481481481481,7.698181781660148
2437,51.78431372549019,3.219509921846869,24.80392156862745,4.773372252455824,-9.75,0.47535411901185676,-85.38461538461539,1.3178339768470628,73.37254901960785,8.829453349085407,-108.01960784313725,2.5628583619599223
2438,54.90384615384615,13.89418751656829,19.25,10.566540858496962,-9.724137931034482,4.502080375239092,-73.0701754385965,19.902269683775078,70.8076923076923,15.735846462943309,-100.36842105263158,19.233223793917787
2439,46.5,3.122498999199199,18.178571428571427,5.028870729729143,-8.793103448275861,0.4050806939472666,-78.03448275862068,1.4967265113248762,71.14285714285714,10.65268003071221,-98.20689655172414,3.4379154705143495
2440,52.69230769230769,19.408105425646724,33.8,26.3658870512638,-28.68,19.394267194199422,-96.81818181818181,18.42586216963035,86.92307692307692,19.695612703424935,-132.0909090909091,14.804511262416204
2441,27.11111111111111,3.4462360931712936,8.65,0.7262919523166975,-54.421052631578945,26.55939875166344,-97.23076923076923,27.296530763376808,59.44444444444444,23.405180391011783,-123.46153846153847,23.50651426770357
2442,50.689655172413794,10.894805621775285,17.933333333333334,11.604405293776248,-27.20689655172414,15.089113020582726,-85.82758620689656,4.402733990078887,63.58620689655172,10.924560249586662,-104.51724137931035,8.861465161236316
2443,57.46666666666667,14.099014938009756,25.705882352941178,13.872379268690517,-45.0,14.362942513533179,-89.1875,12.258765996216749,76.86666666666666,8.958174417195107,-105.83870967741936,12.628939562136637
2444,36.5,16.75062187900298,9.55,4.067861846228311,-19.95,15.051494942363696,-69.55,13.969520392626226,72.83333333333333,18.92162196477294,-92.75,18.444172521422587
2445,31.830188679245282,1.2090203278189275,11.092592592592593,2.0300384827452436,-13.4,3.892183308772971,-53.43636363636364,0.9489446073236283,64.73584905660377,14.015020168263717,-72.14545454545454,5.872642836432122
2446,43.88,22.89160544828606,16.48148148148148,12.815992238780105,-27.703703703703702,27.94944485609796,-61.52173913043478,39.22606671613793,68.56,17.654642448942433,-107.6086956521739,29.740528825500324
2447,51.529411764705884,21.09953344078217,18.58823529411765,6.915956175901465,-12.228571428571428,2.542054447946883,-77.34285714285714,20.855890373352707,78.3529411764706,23.09683241962129,-99.11428571428571,23.248682209746768
2448,59.95238095238095,18.03297558964632,30.565217391304348,30.921817381423956,-20.217391304347824,12.193927646807511,-85.1304347826087,20.227627142375454,87.9047619047619,22.249461763216534,-118.31818181818181,25.41185543588297
2449,51.15,28.085182926233543,16.8,7.59012516365837,-33.926829268292686,24.643200461199246,-69.95121951219512,34.21520929781488,72.1,24.586378342488754,-104.7560975609756,16.515743395103982
2450,44.13636363636363,22.818045997422654,12.708333333333334,10.187734319050312,-50.0,35.23965569260479,-93.14285714285714,51.57914465426221,73.04545454545455,20.23830138562045,-130.71428571428572,36.21778418341551
2451,55.92857142857143,13.56710457432286,30.964285714285715,15.88009118104702,-23.7027027027027,10.712117071562352,-73.55555555555556,8.757360220105792,77.21428571428571,20.581470763177013,-99.75,12.268693220279548
2452,36.5,10.688779163215974,20.181818181818183,14.843536590462419,-19.6,4.7651512742689155,-89.27586206896552,3.193706653384368,72.3,16.840724449975422,-116.72413793103448,4.041991244715201
2453,45.76470588235294,15.156165166708682,22.5,16.27421273057471,-11.55,0.6689544080129826,-72.55,2.2907422377910613,72.58823529411765,21.475180814220405,-100.26315789473684,13.045838639856562
2454,42.35,12.65612499938271,10.15,6.416969689814656,-13.731707317073171,15.112624976172546,-75.975,20.274969173836,69.025,14.957418727842047,-103.925,16.91801923985193
2455,45.58620689655172,14.644093175158067,18.0,13.969013327122761,-21.147058823529413,6.765537033338963,-76.5,3.8520430026308956,68.06896551724138,14.120005456877815,-99.63636363636364,7.235510837521412
2456,66.22222222222223,27.86386659687408,47.583333333333336,33.11711121996536,-39.625,26.237397768579616,-87.52380952380952,4.158972487790105,86.66666666666667,24.276188608044166,-107.9047619047619,7.4444275222334495
2457,38.0,15.838470344611656,20.85185185185185,19.325101128006597,-13.666666666666666,10.212555816067605,-78.45833333333333,20.68811890648565,57.23809523809524,17.492596425494284,-104.95833333333333,13.609063054531793
2458,50.83870967741935,5.340634094245367,21.774193548387096,5.253015585045658,-11.96875,5.126428916653385,-82.71875,1.789454787777551,67.87096774193549,8.027139190247333,-101.21875,3.4976275441361677
2459,65.58333333333333,2.0733092174374548,23.97222222222222,15.226960941244082,-9.277777777777779,0.50613519884135,-66.16666666666667,1.3844373104863459,76.86111111111111,0.9761824106003101,-87.13888888888889,3.9026542091944565
2460,43.0,15.645698411636305,17.805555555555557,12.219791424944038,-19.72972972972973,10.114609847116517,-79.10810810810811,13.617920990240057,61.93939393939394,15.653326481477375,-101.08108108108108,14.61095179462232
2461,48.333333333333336,18.443105707774603,30.90909090909091,24.478021850611384,-29.57894736842105,26.217342170229887,-73.3529411764706,10.986307930224616,80.74074074074075,19.572453417613144,-100.67647058823529,14.095724400213776
2462,45.457142857142856,18.633829231715488,20.11627906976744,17.45320561257095,-24.813953488372093,9.621332436741898,-67.0,3.524004065145611,71.82857142857142,15.650624294778995,-92.27906976744185,9.688942586112944
2463,41.48,1.6761861471805573,14.8,2.4166091947189146,-11.12,0.43081318457076034,-83.33333333333333,1.247219128924647,63.2,10.8664621657649,-102.04166666666667,1.5132516497779065
2464,31.686274509803923,3.4040932458740247,15.51923076923077,1.2167166507794753,-10.178571428571429,0.5380899704756915,-73.08928571428571,1.1993567578719273,65.98039215686275,17.90770476756559,-94.03636363636363,2.6557904925833036
2465,61.0,22.506455530370403,20.7027027027027,13.10222771416283,-31.216216216216218,11.798156372547721,-84.29729729729729,11.377704287665427,87.75675675675676,18.574037977205457,-108.24324324324324,12.410556546976352
2466,79.44444444444444,21.585889309545497,54.76315789473684,26.956528562353203,-14.609756097560975,11.736700930031375,-76.07317073170732,1.5986311812852623,95.14814814814815,9.834571310786304,-94.29268292682927,5.575398498014265
2467,41.833333333333336,2.0507451220362696,18.733333333333334,5.644663162866515,-10.870967741935484,0.9415819044726723,-83.56666666666666,2.139833846093871,63.5,10.710586663048232,-107.9,3.608785575970583
2468,38.64705882352941,13.277318902242044,14.571428571428571,7.594305062858293,-12.885714285714286,6.923134833178343,-71.57142857142857,4.264710435896066,65.26470588235294,18.41564044905278,-98.05714285714286,12.407239493003054
2469,51.87096774193548,11.275843250017243,15.548387096774194,8.885794061771891,-25.060606060606062,7.335837288517217,-74.36363636363636,2.8478400301747224,72.70967741935483,13.083339685084104,-93.93939393939394,4.59867829456823
2470,41.54545454545455,6.238156823210217,19.454545454545453,7.636002877481358,-10.838709677419354,1.7245246973707948,-77.83870967741936,10.782592824199892,62.57575757575758,10.465036457769395,-103.64516129032258,8.664158232466166
2471,34.9375,14.18832596714637,16.545454545454547,9.921176949642401,-19.823529411764707,13.263108029495804,-76.78787878787878,10.152645798636941,60.65625,17.325215321533523,-99.15625,11.95593308518829
2472,39.370370370370374,11.605069607872522,18.037037037037038,8.946265438434327,-56.214285714285715,40.949757667918185,-71.4375,5.499644874898742,62.7037037037037,24.859329889980447,-107.6875,10.208567174192469
2473,41.08,11.86564789634346,21.076923076923077,12.676213572378161,-13.678571428571429,9.702921398912256,-81.32142857142857,10.948103460771417,63.92,19.128868236254856,-100.71428571428571,14.081033705097138
2474,57.53191489361702,24.948330489343828,37.08163265306123,27.661095301032667,-58.44,22.131871437665033,-94.61290322580645,33.33183832929095,78.61702127659575,23.79124923292968,-108.70967741935483,27.355713619605634
2475,57.73076923076923,2.329702726293509,29.037037037037038,9.032785885344571,-23.142857142857142,7.656529826206637,-79.57142857142857,1.2371791482634837,84.26923076923077,9.617922741934583,-97.64285714285714,1.6948300739578102
2476,44.285714285714285,6.461187102654605,15.514285714285714,5.982696136460926,-13.8,8.200348424653328,-77.0,14.123941173968202,64.85714285714286,9.914326883405671,-100.68571428571428,10.785629138736754
2477,31.6,6.935023104110431,22.396825396825395,17.132110093946427,-20.734375,5.73433242491007,-63.296875,2.4917343827894256,64.07272727272728,12.312380384954068,-85.34375,6.0083763145711835
2478,59.05882352941177,22.11326614935902,20.22222222222222,8.683032979805793,-21.243243243243242,18.746394832369848,-46.4054054054054,25.595036954994583,72.23529411764706,19.580991418043542,-89.05405405405405,22.877991248460727
2479,51.241379310344826,15.336805341970765,21.103448275862068,11.64517016232024,-27.533333333333335,16.97985734791537,-80.26666666666667,26.167324832486962,72.34482758620689,15.204980722229704,-101.96551724137932,24.28208188344917
2480,41.567567567567565,10.60479376697299,17.64864864864865,6.814992281394833,-20.324324324324323,9.0912909143536,-70.25,8.936115860185938,62.83783783783784,11.056399671838623,-89.61111111111111,11.849232928238617
2481,36.4,2.4576411454889016,17.476190476190474,3.0956043739323826,-9.72,0.6013318551349164,-84.44,1.6752313273097539,69.85,21.223277315249874,-105.6,1.8973665961010275
2482,43.43333333333333,8.573926884585745,13.65625,7.95538094232451,-18.029411764705884,8.87986915019402,-77.52941176470588,3.2470375105864897,62.43333333333333,10.769349510944888,-99.29411764705883,4.342196596226018
2483,52.06666666666667,13.954529332402755,19.88235294117647,15.970127823501034,-14.5,8.24789535443908,-80.38888888888889,16.038630063723886,66.73333333333333,12.206373562838209,-99.94117647058823,17.648431319176265
2484,52.7037037037037,6.217149607781836,22.79310344827586,12.152420818417996,-15.1875,10.405639997136168,-75.35483870967742,14.14110546186764,69.03703703703704,9.020476629771727,-97.70967741935483,13.49837158252108
2485,45.064516129032256,1.848023946761613,14.935483870967742,4.442721367919178,-11.5,0.5,-72.5625,3.1017887984193897,64.96774193548387,8.29879070462734,-94.03225806451613,5.480074587246948
2486,56.148148148148145,7.321726692237966,15.285714285714286,11.135070539442816,-53.5,27.79581160637593,-100.88888888888889,22.60175891767805,83.70370370370371,7.663355878439674,-121.77777777777777,8.962197702255903
2487,47.68,5.475180362325975,15.0,5.0517323761260355,-15.653846153846153,7.205458975891435,-97.3076923076923,4.928482609120414,77.64,13.907925797903872,-125.1923076923077,15.46464760166836
2488,32.44444444444444,5.472715713788778,9.862068965517242,0.7756704744277237,-61.86206896551724,18.691182021866734,-97.16,21.77462743653723,54.851851851851855,4.2487793776888845,-123.6,12.486793023030373
2489,39.958333333333336,10.910542175142147,17.821428571428573,10.579810865945745,-22.714285714285715,20.670989234150536,-68.40625,19.140695152932665,59.333333333333336,16.267725375383275,-93.5,19.557607215607945
2490,39.26229508196721,6.736009519054696,14.370967741935484,7.573795807548767,-8.26984126984127,0.5406154401881398,-68.9047619047619,5.2333311668612,70.08196721311475,22.52524636932802,-91.64516129032258,2.251141460950697
2491,40.79710144927536,12.824997906765855,17.985507246376812,8.596414408620033,-12.571428571428571,1.141070031298049,-73.34285714285714,10.815182072684035,67.23188405797102,18.812688385140824,-100.47142857142858,11.762800235817792
2492,53.107142857142854,13.379993822639737,10.258064516129032,3.291903478531335,-64.74193548387096,23.33758942403585,-106.08695652173913,18.420010488309014,80.07142857142857,9.29642239723191,-122.6086956521739,16.683079505203395
2493,27.44,2.299217258111986,10.153846153846153,0.6007884366082041,-71.6923076923077,15.686273349576473,-111.52,2.3852882425400916,54.2,12.677539193392384,-151.6,10.903210536351208
2494,43.160493827160494,5.133902782564751,19.37037037037037,8.821192837292603,-11.590361445783133,10.525970343706366,-60.26829268292683,2.066272598405658,65.22222222222223,14.672557739442839,-81.03703703703704,5.901337878118374
2495,56.45,25.154472763307922,30.5,21.168766300062615,-19.057142857142857,24.163659676869976,-65.82352941176471,26.157296348230165,81.75,23.314963006618733,-102.08823529411765,20.02111774375603
2496,47.0,12.5,21.242424242424242,16.913380578935044,-11.135135135135135,5.94189050888489,-77.02702702702703,7.799814573286209,62.03125,12.679916144734554,-96.91891891891892,9.080357113998886
2497,45.55,16.911460611076738,14.452380952380953,4.909671606477027,-20.928571428571427,16.40178976462609,-63.976190476190474,29.53810137951618,64.475,19.864525541779244,-95.11904761904762,20.67227540745193
2498,31.11111111111111,10.633048875795772,14.64516129032258,3.7291215526757235,-56.193548387096776,20.63104356005025,-85.42857142857143,35.57429707309616,51.03703703703704,9.299468250355446,-112.35714285714286,18.231084690154667
2499,36.973684210526315,6.555378836478536,15.179487179487179,3.103941207411378,-11.025,4.138160823361026,-88.225,19.330658938587685,60.10526315789474,18.2983885883634,-112.475,16.977908440087667
2500,49.51851851851852,18.952905318906517,22.344827586206897,14.879460182247913,-20.62962962962963,12.611423828178042,-72.4074074074074,16.053750592720647,74.0,17.6341419684362,-102.96296296296296,24.954004327193484
2501,39.51724137931034,17.53738998717956,21.636363636363637,19.38418315209153,-23.27777777777778,6.6567055211314345,-78.86111111111111,19.572021949964096,59.37931034482759,22.34589184353572,-103.45714285714286,17.893882206166534
2502,43.46666666666667,15.426672428693825,14.6,1.451436070471816,-73.82352941176471,22.894220421751058,-101.23076923076923,30.051632097374952,76.26666666666667,16.42951274045852,-120.07692307692308,24.919752864750418
2503,33.72727272727273,12.298121875021916,13.045454545454545,6.670677168346368,-15.466666666666667,14.110043704160992,-66.73333333333333,9.580999715872846,69.70454545454545,21.155892737501325,-84.86666666666666,8.188338591490272
2504,44.63157894736842,7.389256257110117,18.28205128205128,9.734813861622989,-9.282051282051283,2.9084202950665103,-62.38461538461539,13.174597516579619,70.23684210526316,17.057849266734895,-88.28205128205128,8.378693117446451
2505,67.53846153846153,19.499962069451808,30.785714285714285,16.095748794377375,-31.142857142857142,14.40332539078824,-86.88095238095238,18.669050503762055,79.82051282051282,17.578938147785884,-109.1219512195122,13.096629843815284
2506,43.53125,4.513759346431752,9.5625,0.7880950133074057,-9.484848484848484,0.8570991287109666,-73.51515151515152,6.963633726296412,59.8125,7.662561174307191,-96.78787878787878,8.376581988107645
2507,57.15625,3.083315737562405,26.78787878787879,10.095776421903627,-30.0,14.754859618205156,-80.10714285714286,29.06561454673876,71.6875,6.6447230002461355,-98.35714285714286,23.045319149317017
2508,37.404761904761905,5.790219684168271,16.69047619047619,3.3770097736515168,-9.511627906976743,0.6602357937943437,-64.13953488372093,4.526826473723256,67.57142857142857,18.653664081715135,-85.11627906976744,5.90706830179913
2509,37.44444444444444,0.6849348892187752,11.7,0.45825756949558394,-24.82758620689655,3.2384432777583165,-76.27586206896552,1.6998286267401705,52.333333333333336,2.260776661041756,-92.57142857142857,1.7612611437054215
2510,40.15625,1.277433339748106,16.34375,2.0556230047117103,-18.03030303030303,3.450822023148305,-73.18181818181819,0.9030099651970509,55.1875,5.08943452163401,-93.78787878787878,1.512725330224083
2511,45.81481481481482,19.14667950525149,15.733333333333333,7.92856999856987,-21.333333333333332,18.052392885401343,-51.8,26.537269389797185,60.22222222222222,17.19675536436244,-91.86666666666666,19.855701672035888
2512,34.36,11.33800687951811,18.892857142857142,14.919640185517416,-11.733333333333333,9.416061927484451,-68.24137931034483,7.407615710287358,61.28,15.462263741121477,-94.03448275862068,7.906709323016007
2513,32.44,11.178837148827242,11.5,1.52542553961938,-31.074074074074073,12.280444936823946,-87.96153846153847,3.7053056474234896,55.8,20.49975609611002,-106.96153846153847,2.9283858671599696
2514,44.583333333333336,22.2240797834741,16.6,20.587374771932435,-12.785714285714286,10.255162960525725,-67.64285714285714,9.670331231268605,68.30555555555556,20.706707775829074,-91.30952380952381,13.472172545902756
2515,35.088235294117645,3.492577398686126,14.176470588235293,2.7275348516163835,-13.864864864864865,6.169507239345221,-80.83783783783784,1.533649833417417,60.970588235294116,13.048518721695956,-102.0,2.2178635933976913
2516,49.65217391304348,19.29318125919593,13.44,2.3337523433303713,-32.36,23.21702823360475,-92.12,19.789532586698453,75.43478260869566,16.43650784595476,-114.96,12.978382025506878
2517,61.65384615384615,13.892284266101724,39.5,15.487091398968367,-13.387096774193548,4.618877250496151,-84.74193548387096,13.718289515156185,79.73076923076923,9.329678419339224,-106.96774193548387,15.901884390197571
2518,27.768115942028984,8.548489022410195,9.840579710144928,2.061540077229425,-61.985915492957744,12.677464710493824,-88.08695652173913,23.327373439948296,48.72463768115942,11.829567546913367,-100.3913043478261,21.03359451683608
2519,61.07142857142857,4.313008325557294,33.607142857142854,10.989733149347966,-23.854545454545455,7.329686045163268,-86.7090909090909,3.901853765829436,83.01785714285714,10.339748324217727,-115.8,14.87450533936874
2520,52.8,22.420080285315663,23.25,15.444119700822489,-30.703703703703702,26.069444033360295,-65.32,38.44447424533206,71.65,20.36976926722539,-118.84,22.406570464932827
2521,60.16,14.791024305300834,27.08,14.945019237190698,-15.346153846153847,9.1481074448481,-100.73076923076923,20.95151489347157,93.84,11.098396280544321,-133.84615384615384,10.960391302996117
2522,66.9,12.299999999999999,42.25925925925926,21.772549132970155,-45.6578947368421,30.491824888673868,-79.41666666666667,20.93425555293418,94.7,7.443789357578572,-103.0,17.173137938847013
2523,40.31428571428572,2.5831478976675903,14.142857142857142,2.2695859552269146,-10.216216216216216,0.4727798833658352,-64.48648648648648,1.0298680477436568,58.542857142857144,8.02974063677511,-85.02702702702703,1.9930485475228779
2524,49.56140350877193,15.354315404437122,27.20689655172414,14.25840178291703,-15.17741935483871,7.484444499714244,-74.50847457627118,24.164249318584464,72.75438596491227,12.323534326936063,-100.35593220338983,20.768916402590108
2525,42.78947368421053,7.388318998102919,16.42105263157895,2.925672023092062,-18.133333333333333,8.188338591490272,-81.46666666666667,12.021462288571868,63.21052631578947,13.858605334890479,-106.48275862068965,8.612823997830102
2526,22.571428571428573,6.310017950102221,12.125,6.922562748000194,-45.42424242424242,26.2713466485658,-79.14814814814815,31.934775777795156,48.42857142857143,7.456677599060224,-106.37037037037037,16.04195459631504
2527,31.216216216216218,14.956034911619282,11.105263157894736,8.81920593657958,-56.54054054054054,8.112701401638066,-90.48387096774194,18.268377345075297,54.567567567567565,23.89452107338659,-118.06451612903226,17.834246656310633
2528,43.82142857142857,1.2832317302301202,15.392857142857142,2.845287905521359,-13.428571428571429,9.648939880439018,-78.11111111111111,2.5867659392939593,67.25,7.831370068056875,-103.70370370370371,2.941589578024412
2529,62.473684210526315,7.318818002444697,23.157894736842106,10.451709293068498,-15.282051282051283,4.402497647453282,-62.666666666666664,5.676462121975467,84.1842105263158,9.7652856242969,-97.58974358974359,12.054827629005029
2530,37.84615384615385,1.4058205294228512,13.615384615384615,1.6658775252082858,-24.464285714285715,8.736140627372277,-89.85185185185185,1.1770554505237556,59.34615384615385,13.36166245901456,-108.85185185185185,1.7992530076283142
2531,29.166666666666668,11.279282877125754,11.123287671232877,6.463692497177382,-19.273972602739725,17.196893852990726,-66.45205479452055,31.529086851598283,49.25,12.353305900311328,-90.02739726027397,24.436090871114438
2532,39.476190476190474,11.639911011028873,18.208333333333332,15.609770355631616,-15.90625,13.134780582008213,-76.96774193548387,16.660720409951185,62.666666666666664,17.005134612069472,-97.70967741935483,13.37352596251771
2533,44.58904109589041,5.778646607532726,17.41891891891892,9.05539522136099,-9.0,0.6367145399670133,-66.4931506849315,6.075153276540307,60.602739726027394,9.121312880188073,-90.75342465753425,9.990105820216224
2534,44.69230769230769,19.272876977302808,12.846153846153847,5.579442401781105,-59.5,21.491053594819046,-102.70833333333333,26.65595487983043,68.26923076923077,16.565853880585188,-130.83333333333334,17.513486866475855
2535,36.333333333333336,1.5129074290546956,12.67741935483871,2.3194423241609745,-9.666666666666666,0.4714045207910317,-71.96969696969697,1.2669421188101135,61.3,14.10709041581573,-93.09375,1.2082884330738253
2536,40.36,7.742764364230645,15.79245283018868,16.903006867224406,-12.8,17.932601089027266,-96.54545454545455,8.372722337378866,62.38,15.58703307239707,-115.14814814814815,6.783442279789615
2537,34.724137931034484,2.790334941261229,16.896551724137932,2.42607711715005,-24.066666666666666,5.836284967530477,-81.16666666666667,1.7904065335994381,56.3448275862069,14.196346936785668,-100.5,7.116881339463234
2538,49.73684210526316,14.26014728374208,19.5,15.950042199124306,-21.25925925925926,11.980207728962005,-81.52,20.028220090662074,71.73684210526316,19.938965040086863,-105.76,21.650459579417706
2539,50.0,3.646109933485114,16.176470588235293,8.759769632464135,-10.294117647058824,0.6655122646461624,-67.3125,2.6626760505175993,70.41176470588235,11.151675281844225,-90.8125,4.8116882432260715
2540,44.62068965517241,15.168965125302769,21.1,13.44705667918944,-11.366666666666667,4.578815955632587,-76.33333333333333,13.919610467091223,63.86206896551724,15.934616704285206,-105.83333333333333,14.175291492201808
2541,51.370370370370374,12.540742928397789,24.4,12.257242756835652,-28.1,14.57017501610739,-90.60714285714286,17.909174196711675,78.29629629629629,8.717011103519095,-109.07142857142857,19.719331652374187
2542,42.24,9.003465999269393,17.074074074074073,10.80098049707603,-32.2962962962963,14.42429744053239,-78.92,9.212686904481233,61.12,11.840000000000002,-99.32,9.207475223968839
2543,70.79166666666667,17.874514367917495,26.73076923076923,8.825477508579231,-11.148148148148149,0.6499973620290461,-37.03846153846154,9.756578724243804,86.125,16.42232347548097,-104.0,13.592984615941813
2544,41.75,18.7533330370897,10.625,0.9921567416492215,-26.88888888888889,14.332902663641866,-72.5,5.809475019311125,76.25,21.72987574745884,-104.75,12.26529657203608
2545,45.22222222222222,10.877545111573705,29.02777777777778,18.619711942978768,-37.97435897435897,27.37534655393536,-68.53125,25.87950972173739,64.37037037037037,11.716238013806272,-81.8125,27.230999683265395
2546,60.61538461538461,10.572376645248413,26.692307692307693,9.879151438058567,-33.9375,20.54102221774759,-86.92307692307692,12.922619039507305,75.76923076923077,10.221800580161585,-105.53846153846153,12.779884341690352
2547,47.48148148148148,16.273974611540492,19.78125,15.703770198188078,-31.235294117647058,17.032941826544114,-80.48484848484848,16.81110962415108,64.77777777777777,13.95583863831785,-98.18181818181819,15.825668726269006
2548,51.57446808510638,21.371829421043323,20.48148148148148,13.042296918730372,-35.357142857142854,25.99273838939622,-71.89090909090909,35.03851010078261,69.51063829787235,20.475072899281063,-109.4,22.824707505842714
2549,41.61290322580645,12.16466967679244,11.735294117647058,11.665204225360874,-26.484848484848484,24.466577341247078,-67.9090909090909,36.87929832071238,64.90322580645162,9.46080143474754,-93.21212121212122,28.55272377365071
2550,30.428571428571427,9.59698081775339,12.5625,4.520353277123371,-46.15625,17.65840694789595,-84.70967741935483,23.905990001680703,56.57142857142857,13.0011773407218,-108.87096774193549,14.059188100001277
2551,26.40625,10.948342839786303,10.333333333333334,3.431876713662333,-28.38888888888889,22.818459605447345,-75.38235294117646,29.11641411531056,46.34375,13.751384873440928,-96.32352941176471,16.736224516678316
2552,25.875,10.486151581967523,10.146341463414634,0.8988061352530868,-57.926829268292686,7.591363012363777,-94.0,8.478346120628508,45.825,19.650556607892813,-114.82352941176471,8.297662988616999
2553,32.985074626865675,14.216337603095148,14.373134328358208,14.70083338169249,-19.029850746268657,17.335125370746947,-80.68181818181819,14.480037555314068,51.25373134328358,13.890126723879646,-100.27272727272727,17.012068313981082
2554,33.81481481481482,19.703425227773145,10.030303030303031,5.113765430469959,-51.24242424242424,25.968547762840483,-78.125,33.24819857275478,55.074074074074076,18.297795710040184,-97.95833333333333,27.577888435403384
2555,40.68181818181818,2.223559056115456,17.541666666666668,14.448123196072522,-20.2,9.915644204992432,-88.32,2.292945703674642,61.72727272727273,9.086362499431463,-112.92,4.232446101251615
2556,38.91304347826087,13.599594122710334,20.307692307692307,15.004535803368132,-14.192307692307692,9.442209775459714,-83.96,17.07976580635695,65.56521739130434,17.509813613480524,-111.2,8.953211714239757
2557,58.5,9.08019823572151,35.72,26.14654088020058,-16.76923076923077,12.70465599784853,-104.04,7.576173176479006,81.3,9.225508116087697,-124.88,4.877048287642844
2558,61.733333333333334,7.7025248385765615,33.34285714285714,18.587158173846582,-11.36111111111111,1.2053763307637295,-64.47222222222223,5.361830694367525,81.4,11.40058478032304,-98.22222222222223,15.696976196974852
2559,66.41176470588235,24.047890511691122,34.22222222222222,16.769865684069398,-12.216216216216216,0.8741060339889852,-75.08108108108108,8.969553239585023,88.55882352941177,16.88401815931718,-108.10810810810811,15.682291241489786
2560,38.04,4.861933771659174,16.692307692307693,12.742325686676097,-11.666666666666666,2.5473297566057074,-74.58620689655173,13.327485836263888,61.44,15.341655712471194,-100.34482758620689,9.229920842747077
2561,44.8,6.273754856543249,24.571428571428573,15.891211792840028,-11.709677419354838,4.274406568033151,-76.12903225806451,8.39255405580474,66.4,12.531560158256434,-95.56666666666666,11.543203868751325
2562,40.048780487804876,5.450223622676436,12.75609756097561,3.546076415096179,-12.880952380952381,4.467887435980183,-60.92857142857143,7.255188150698837,68.1219512195122,16.993822582010203,-90.76190476190476,11.726667865554347
2563,69.5,28.14101395946256,26.5,11.292596126344343,-28.0,40.29780444984889,-55.54545454545455,36.287647876787936,94.91666666666667,25.24697451621129,-109.5,24.382836735554935
2564,42.791666666666664,26.96754093143995,25.444444444444443,20.470997249647162,-17.785714285714285,9.762746769726023,-46.96296296296296,33.23483389176848,53.791666666666664,30.130243895830354,-78.66666666666667,40.852943137098
2565,70.89285714285714,15.124103953893046,34.15384615384615,8.052833428846123,-10.725,0.6319612329882269,-27.102564102564102,3.4402956923815524,91.28571428571429,15.329376892697478,-85.92105263157895,2.5688578144603738
2566,51.65853658536585,19.65756821436263,11.69047619047619,3.979040894475614,-15.930232558139535,0.695344948266328,-67.37209302325581,15.753955953264349,79.14634146341463,19.39142502922079,-100.57142857142857,14.38276557475061
2567,49.51724137931034,17.68619311419986,16.79310344827586,5.254747018713438,-14.6875,5.681315318656411,-72.64516129032258,2.236765912691576,72.51724137931035,19.904289417550128,-94.74193548387096,8.553315682069028
2568,43.73529411764706,6.839800579864762,14.142857142857142,4.071804493923388,-20.333333333333332,11.825114516711174,-72.22222222222223,14.2577680797972,63.14705882352941,7.996809484895602,-93.5,15.460523205175747
2569,63.65,24.593240941364357,25.714285714285715,16.878114477017856,-34.27272727272727,24.31830926049869,-85.76190476190476,46.8857829623323,85.3,24.55218931174978,-129.71428571428572,44.69808013043669
2570,37.23684210526316,15.68343781212041,15.64102564102564,13.19379648223843,-14.225,5.711775118122211,-73.375,4.825388585388746,60.28947368421053,17.178486997185328,-111.425,13.292643642255666
2571,36.357142857142854,8.549078002561304,19.22222222222222,17.602258553175485,-10.409090909090908,0.6508100483307433,-72.27272727272727,17.307859008874388,61.42857142857143,12.134450871761098,-96.72727272727273,5.769684237317247
2572,28.545454545454547,3.858017304349626,10.681818181818182,1.0611470481753413,-70.63636363636364,13.559784975988421,-112.7,14.060938802227966,56.77272727272727,14.584960554631788,-151.45,24.74969696784185
2573,31.086206896551722,10.425903554259028,13.171875,10.986575170833493,-57.06060606060606,19.632131044022202,-90.55932203389831,22.75460183402706,49.06896551724138,12.252884345814843,-116.45762711864407,10.193587272794504
2574,42.32608695652174,1.8656430040405694,15.173913043478262,4.468753098271164,-19.148936170212767,4.681237895041044,-69.08510638297872,1.9659850785568527,57.78260869565217,9.059976589561513,-93.17021276595744,4.111836308399336
2575,54.130434782608695,19.69838737126355,19.5,16.645820296198483,-16.785714285714285,12.530982012758681,-89.3076923076923,19.560103096254238,83.3913043478261,17.422472071473827,-124.0,16.448708155961672
2576,35.24242424242424,6.601332753546716,13.818181818181818,3.630297971362894,-11.914285714285715,4.8365951930283035,-64.42857142857143,3.1828622723733995,56.81818181818182,11.535070491317745,-89.85714285714286,6.7787181980196864
2577,46.65384615384615,15.934824726154176,26.428571428571427,13.839458524266691,-30.11111111111111,12.870676788252213,-82.80555555555556,5.724311916167762,59.30769230769231,15.654365895737621,-99.16666666666667,7.682953714410739
2578,39.266666666666666,11.494733093416693,14.064516129032258,2.827691225911113,-11.454545454545455,6.159943472246091,-70.81818181818181,9.301204045402665,66.86666666666666,16.457487320028196,-94.25,5.963430220938282
2579,34.97560975609756,8.716364773923814,15.439024390243903,1.5468107312885784,-9.642857142857142,0.750283393170892,-69.92682926829268,1.5204338902935317,51.41463414634146,10.72716089949769,-88.85365853658537,2.4351188242631583
2580,66.4,23.64825574963194,33.60606060606061,16.173190300035902,-53.2,31.40045495575775,-86.94117647058823,26.142079192334144,87.5,20.647437290537212,-105.41176470588235,21.603536811553937
2581,40.148148148148145,3.931861341360064,16.11111111111111,2.249828525701843,-10.35483870967742,0.6499819896648349,-75.03225806451613,1.2822327041517283,64.62962962962963,15.16122771376882,-99.70967741935483,2.1730541668515215
2582,46.608695652173914,6.7613938004500005,18.03846153846154,10.58838539747415,-11.225806451612904,3.799063360112848,-83.87096774193549,15.25004904377914,68.69565217391305,11.403412085133327,-109.35483870967742,14.056449299501967
2583,35.25925925925926,14.503109737014878,12.166666666666666,11.105804288248958,-55.43333333333333,31.249195545201196,-52.93333333333333,37.657166943653934,57.22222222222222,14.281128011608558,-96.0,16.52472894381831
2584,38.5625,18.66637602080275,15.4375,0.9333240326917549,-10.147058823529411,0.8789148704402314,-78.03125,5.822823493589686,83.78125,29.627620532832196,-103.0,8.411301920630361
2585,46.42857142857143,5.608848694114452,13.678571428571429,3.0943909097011026,-20.03448275862069,9.908139317372427,-71.06896551724138,1.0805820424822343,74.82142857142857,14.897395677069992,-89.37931034482759,1.6276446512008202
2586,42.774193548387096,1.2626055348890919,11.96774193548387,0.932698857729094,-21.0,3.876893476780479,-68.45454545454545,1.7596643807221788,54.903225806451616,2.219486117647687,-89.45454545454545,2.104697618689132
2587,61.8421052631579,20.770077560848357,30.958333333333332,20.427675603346447,-24.88,14.727715369330033,-90.875,1.165922381636102,80.73684210526316,19.798570137799977,-107.20833333333333,1.7790251700174327
2588,40.241379310344826,14.884973150251561,10.206896551724139,4.873427671071001,-14.241379310344827,0.677478713944431,-76.44827586206897,27.796782506560064,62.10344827586207,17.912324456076004,-103.6896551724138,25.749594504039734
2589,58.90909090909091,16.989058219146635,29.76923076923077,18.623753151810355,-12.26086956521739,3.003148945970283,-64.1304347826087,7.4792719235642355,79.42424242424242,9.247539568038766,-85.80434782608695,10.366374497713416
2590,50.17948717948718,1.411887169019098,16.487179487179485,6.9054857229849125,-13.075,4.961791511137887,-78.675,2.63047049023554,62.17948717948718,3.740778712787054,-98.7,2.803569153775237
2591,,,,,,,,,,,,
2592,43.48148148148148,1.7505633034216999,15.037037037037036,4.590501315974279,-10.555555555555555,0.628539361054709,-81.74074074074075,10.261732553855548,63.111111111111114,13.918634813146308,-102.5925925925926,7.217567350821801
2593,41.19230769230769,15.494463603715486,21.857142857142858,16.1260974946874,-9.67741935483871,1.1746542874860082,-79.51612903225806,2.7341445290860764,65.73076923076923,17.421378759151715,-102.38709677419355,4.411695741233228
2594,54.31818181818182,13.958986560102561,18.304347826086957,15.355029717266829,-17.4,6.829348431585549,-82.52,14.020328098871296,81.18181818181819,18.16749435777178,-104.44,16.485338941010586
2595,38.91044776119403,3.8195543355080015,13.35820895522388,4.116589997809966,-10.044117647058824,4.346850866632924,-76.76470588235294,7.1437295562135,60.16417910447761,11.755718855887455,-97.53731343283582,9.041080965302923
2596,38.567567567567565,6.162399236786166,15.27027027027027,3.2768528791843625,-15.710526315789474,4.957227019513197,-74.15789473684211,2.0458728132186117,62.945945945945944,18.362632364354234,-96.24324324324324,6.390048874344265
2597,45.595238095238095,12.913742262761208,16.523809523809526,4.661075367634216,-10.953488372093023,3.2346488136332843,-67.48837209302326,14.568797643998607,72.83333333333333,15.527114021648384,-93.18604651162791,14.89694180251786
2598,45.129629629629626,17.68138411740637,24.508196721311474,19.037170673185372,-33.48571428571429,25.365749042553343,-95.52173913043478,21.98458530830918,73.96296296296296,14.713263055466962,-110.79710144927536,13.599424231359603
2599,36.95454545454545,11.359726600132245,15.12,11.21185087307176,-10.5,6.92403839477423,-66.28,3.5611234182487976,64.36363636363636,20.33256558185651,-90.48,8.343236781968974
2600,48.9,14.12055239712668,26.666666666666668,18.22924999980952,-15.571428571428571,18.705286822233997,-79.21428571428571,15.03414481119833,77.95,17.266948195903062,-102.14285714285714,14.128780873790626
2601,51.92307692307692,14.683646258869809,22.0188679245283,15.804812457970284,-25.527272727272727,8.6357703145475,-85.34545454545454,12.663789726931425,70.59615384615384,15.695736333579717,-106.8,13.511476603243628
2602,51.125,1.899835519196333,17.96875,7.683116128075899,-22.848484848484848,5.914139257648686,-86.93939393939394,1.3913018525150298,72.5625,10.836678169531472,-107.375,2.2878756522153907
2603,48.214285714285715,1.0126747770541302,23.553571428571427,6.77948492264173,-14.842105263157896,3.87429438367502,-66.87719298245614,1.707261842203911,65.33928571428571,7.804020908925013,-86.54385964912281,4.775927118366732
2604,47.407407407407405,13.32015809954905,16.344827586206897,14.355765061030876,-12.733333333333333,5.09204172104755,-68.0,3.2800336415432043,63.55555555555556,15.024260216786995,-89.93103448275862,5.783037231377695
2605,50.77272727272727,13.787121191307548,25.632653061224488,11.539981745026804,-29.63235294117647,11.228776597449633,-71.43939393939394,10.399779700287345,66.02272727272727,13.299843875303123,-96.51515151515152,13.522419570389363
2606,52.93333333333333,14.959797978433917,20.625,9.339934421611321,-20.28125,9.650888479176412,-82.53125,17.19190284516231,74.96666666666667,10.527688360804676,-104.8125,16.821558897735965
2607,53.666666666666664,16.141733350404333,24.40740740740741,2.423026256858685,-13.724137931034482,1.0470501000475154,-39.55172413793103,2.9194497225540315,83.33333333333333,13.12334645668635,-91.03448275862068,9.589803344216044
2608,33.34782608695652,0.9604661754075879,11.608695652173912,2.9962168963513127,-10.829787234042554,1.4039329094743507,-74.85106382978724,1.7622365311360557,58.5,18.81344338960609,-95.34042553191489,2.4863593460411137
2609,57.1,6.739683474268901,28.58823529411765,17.10541305287138,-10.8,0.5846521887568554,-75.32727272727273,1.8196357822831715,87.16666666666667,9.349093836065373,-96.30909090909091,4.250658675258896
2610,42.92307692307692,2.2000537917038603,13.703703703703704,11.86284212655702,-26.838709677419356,10.540541622227309,-76.03225806451613,2.5713542430167267,63.53846153846154,12.223026092744192,-99.2258064516129,9.150038524224753
2611,42.35,15.550803837744207,20.73170731707317,15.681314638523949,-13.409090909090908,14.09435441750636,-62.51162790697674,14.327355673875513,62.925,18.34582718222321,-86.81395348837209,15.791160043920788
2612,69.0,27.17619278974622,30.923076923076923,15.730722211703286,-22.416666666666668,24.09169405048599,-43.90909090909091,27.858259899500165,83.9090909090909,25.55726029368188,-100.36363636363636,14.092375290287798
2613,73.08333333333333,7.319589393462511,36.458333333333336,16.230062555503462,-14.92,21.677490629683135,-87.04166666666667,13.821719522387783,89.70833333333333,7.5909988729342395,-109.20833333333333,1.6827350421923895
2614,45.96551724137931,2.251172240544754,16.620689655172413,4.318475090883661,-20.233333333333334,1.8381754238616315,-83.3,1.4866068747318504,65.72413793103448,6.02235233983474,-106.86206896551724,6.262775290561792
2615,25.485714285714284,15.083333145412862,7.72972972972973,0.7586848025739567,-58.16216216216216,13.354852369515031,-101.2,15.313175155183634,53.885714285714286,23.325977460543765,-125.44827586206897,14.3059818858058
2616,45.333333333333336,8.531919525736914,24.074074074074073,7.433288121067912,-10.294117647058824,0.5161743757289483,-68.67647058823529,1.1560731768843262,60.666666666666664,9.06764700582363,-88.26470588235294,1.8199680593417624
2617,49.28125,6.4431862022992945,23.03125,8.798026678608107,-12.636363636363637,5.498309281831797,-94.72727272727273,9.199053730231194,71.6875,8.110323282705814,-114.71875,8.04764862786019
2618,44.464285714285715,18.030692370148707,29.833333333333332,18.850434713525544,-44.354838709677416,33.443788552075276,-105.55555555555556,18.675262571079568,57.964285714285715,22.05266770849333,-125.07407407407408,15.553791787132681
2619,42.857142857142854,6.462608306438583,11.821428571428571,0.8041664463712646,-11.03448275862069,0.5560177757447275,-77.89655172413794,2.1390430923132167,71.71428571428571,14.262481107680346,-100.55172413793103,6.014844893786864
2620,49.44565217391305,14.019678817287026,19.93877551020408,11.055348993033535,-16.138613861386137,8.580463306481025,-70.66336633663366,11.745045070891921,72.07608695652173,12.244993382969236,-96.00990099009901,7.617716517480294
2621,49.0625,11.042354538321979,31.944444444444443,13.14226524623777,-27.476190476190474,10.268393705787297,-81.5609756097561,23.439646193625276,70.25,9.633924433998846,-99.60975609756098,19.17681278839107
2622,47.81578947368421,13.333486264127572,17.289473684210527,4.071130030224003,-10.131578947368421,0.5699054691502029,-65.94736842105263,9.784378979892422,72.26315789473684,17.266767915224527,-100.02702702702703,11.919746248175386
2623,50.6,22.190989162270345,26.5,20.75532060300041,-13.935483870967742,0.6689174630105718,-47.935483870967744,9.98364948422837,75.8,15.21380951635717,-99.03225806451613,7.0687128497879685
2624,46.214285714285715,2.5545078203210947,19.178571428571427,3.2409607419116084,-12.857142857142858,2.799416848895061,-82.53571428571429,2.291009491424232,62.42857142857143,7.916657715712805,-105.22222222222223,4.094561282819617
2625,40.84,16.165840528719812,13.851851851851851,1.1770554505237558,-10.642857142857142,0.5486532677049006,-81.42857142857143,12.087267715092874,64.8,17.556765077883796,-102.28571428571429,12.911393481443167
2626,45.23076923076923,12.134843957374256,11.538461538461538,3.1037293848972327,-22.0,6.438520439863917,-65.36363636363636,23.81852879691747,61.84615384615385,12.94869256153896,-83.72727272727273,24.87821576871442
2627,35.3,10.05037312740179,12.454545454545455,2.01646118298353,-15.076923076923077,15.813633545683286,-74.76923076923077,18.71714083258299,56.9,18.587361297397756,-91.61538461538461,18.466345528007523
2628,39.19230769230769,8.194835290827205,18.51851851851852,10.56328501924497,-25.0,9.399848023087547,-80.17857142857143,5.510078891246032,59.42307692307692,15.105203069251123,-100.85185185185185,9.236416267120793
2629,72.33333333333333,19.567546828585563,34.166666666666664,17.42762812955975,-36.51851851851852,20.829769242459253,-107.13636363636364,27.19006411866032,92.93333333333334,16.356310369056,-133.04761904761904,26.061239583273473
2630,58.421052631578945,20.560093665242523,16.825,7.296874330835087,-21.951219512195124,18.242206781770882,-48.1,27.622273621119607,81.36842105263158,21.565592786746375,-87.41025641025641,20.325199653629355
2631,35.595238095238095,6.6154923648225115,15.452380952380953,3.0410084554804935,-10.720930232558139,3.558975430009537,-62.58139534883721,1.755159280382624,63.80952380952381,18.426479517050733,-80.86046511627907,5.692023776073653
2632,36.95454545454545,13.237265828394106,25.107142857142858,18.661150029088866,-17.060606060606062,22.295453258373712,-72.7741935483871,9.79041558121317,52.95454545454545,12.393096585406191,-92.45161290322581,10.951030912370966
2633,50.75,8.050621094052309,19.666666666666668,8.393118874676114,-30.25,23.663753174120846,-74.11538461538461,11.51028611245318,81.75,13.306483382171264,-95.11538461538461,9.572906170248338
2634,47.57692307692308,8.862943932347141,18.037037037037038,11.236453511546548,-16.464285714285715,9.033596589782984,-96.67857142857143,12.464388047062524,71.07692307692308,15.349575481283557,-116.82142857142857,16.18432568750344
2635,40.76,12.110425260906405,16.88888888888889,11.02970176331411,-27.423076923076923,6.184180045910427,-79.53846153846153,8.200519539032827,55.32,16.271988200585692,-101.3076923076923,11.048039264848454
2636,48.34285714285714,2.228937698839096,13.666666666666666,9.913514905308702,-19.27777777777778,4.25970207037946,-86.80555555555556,3.7699060144816197,62.714285714285715,6.421265689973005,-106.38888888888889,2.9181213303708655
2637,31.029411764705884,6.938745835641071,16.2,7.778358254982675,-8.971428571428572,0.4462999814803803,-70.68571428571428,1.4691383008208503,52.794117647058826,14.991722052646463,-92.77142857142857,4.182177930803275
2638,43.27777777777778,12.98206264879676,25.789473684210527,13.907888512671018,-10.5,1.8768929838238708,-77.18181818181819,12.89339634935216,60.27777777777778,14.266532536579586,-97.13636363636364,14.229596092604938
2639,40.75757575757576,5.689066084246821,13.969696969696969,3.0499363975966376,-20.823529411764707,6.9132038551783355,-77.57575757575758,2.5229888844240786,61.24242424242424,12.370615974056996,-100.39393939393939,4.444536270860389
2640,23.5,1.5,8.65,3.8829756630707846,-73.39473684210526,19.25526513598459,-115.94736842105263,5.491368195062102,82.0,19.0,-136.21052631578948,6.477320330998005
2641,52.53333333333333,17.925277000804076,29.22222222222222,15.586873236282852,-17.4375,5.7550928532909005,-73.9375,2.060605190229317,71.4,14.934523762075575,-95.09375,4.97091147954779
2642,49.138888888888886,2.070329788246009,15.972222222222221,4.675504198070283,-12.63888888888889,1.182106823941845,-74.19444444444444,4.544957183788329,72.52777777777777,13.332262688495966,-102.19444444444444,10.31939771187265
2643,36.4,25.4566297847928,9.91304347826087,1.0999226644063929,-73.6086956521739,26.7983437684768,-116.66666666666667,30.95516470998373,71.25,35.66773752286512,-145.33333333333334,27.18251071716682
2644,47.89655172413793,12.758620689655173,23.551724137931036,12.389055812445923,-30.419354838709676,17.013797424724835,-79.06896551724138,13.544132294816846,73.93103448275862,12.431692076920287,-104.13793103448276,11.419052856221255
2645,35.80952380952381,2.4807650052630676,15.142857142857142,2.3560603574958057,-19.56,0.7525955088890712,-90.28,1.0007996802557444,64.23809523809524,15.668909956631474,-111.4,1.296148139681572
2646,39.72,9.949954773766562,18.413793103448278,5.102516224301769,-22.75,17.533895745098977,-86.37931034482759,6.445601510698639,63.88,13.937919500413253,-106.72413793103448,8.78045066679436
2647,51.12903225806452,21.8288680354396,21.34375,18.129067431544843,-10.8,3.560096306883525,-74.8,27.237369287695273,81.51612903225806,20.025581974132624,-100.71428571428571,28.072937073244887
2648,43.542857142857144,18.419466189167306,19.64864864864865,12.903417138476351,-8.926829268292684,0.3414634146341463,-61.853658536585364,9.05958857518902,75.97142857142858,24.20446914374724,-84.8780487804878,3.336385673670555
2649,49.57692307692308,19.305585235930433,22.06896551724138,16.444118610034405,-11.433333333333334,6.7660098203364205,-66.62068965517241,26.28151808073164,71.07692307692308,19.52498020667386,-101.44827586206897,15.198879738428438
2650,44.69230769230769,14.488109795407647,13.428571428571429,10.203040763239484,-11.133333333333333,0.4988876515698588,-81.8,6.554387843269576,70.3076923076923,16.14065395388835,-115.53333333333333,13.225564470205255
2651,52.12,15.807137628299438,17.68,10.07460172910076,-11.724137931034482,6.485509321047101,-69.86206896551724,9.216642136434821,80.12,13.559705011540625,-90.89655172413794,13.468596495465647
2652,32.5,5.791002873916942,20.275862068965516,16.245734828529795,-27.58,13.254569023548068,-49.391304347826086,1.9723993429936966,70.28571428571429,7.313671849240118,-69.06521739130434,7.855770999476709
2653,52.87640449438202,12.633840969164408,23.728155339805824,14.664000020363776,-19.657894736842106,3.597828164002776,-72.5575221238938,1.871718027215728,72.23595505617978,8.342422346340518,-92.23008849557522,3.802674535177461
2654,41.0,16.01277898770513,20.382978723404257,17.597815618180064,-15.84,5.057113801369314,-78.63414634146342,23.12822802525823,62.81818181818182,18.33931783116255,-94.73170731707317,21.47150623528535
2655,45.660714285714285,5.015250975468604,11.553571428571429,2.1290477654940254,-21.210526315789473,6.268094766649068,-85.78947368421052,1.038501655224473,75.55357142857143,15.421366952169622,-103.33928571428571,2.181716114457065
2656,28.896551724137932,7.6759581119870495,8.969696969696969,0.459568208730397,-61.96969696969697,24.712265202189055,-84.3,32.21661062247238,56.51724137931034,10.959551619494144,-107.5,19.966221475281696
2657,34.588235294117645,2.777193325673618,14.323529411764707,1.920793160853611,-17.742857142857144,4.9416183418729025,-66.61764705882354,7.874062804670987,55.26470588235294,12.962182150007205,-88.67647058823529,6.013321428468308
2658,50.266666666666666,11.80847153530041,16.955555555555556,10.73924382927827,-13.630434782608695,14.369894096085163,-66.8695652173913,15.654709939479076,75.64444444444445,11.468130828141001,-94.23913043478261,20.909936043202354
2659,43.6,15.357083056361974,19.416666666666668,17.965050947758417,-32.4,21.62498554912812,-89.0,33.65511352924941,71.2,16.791664598841887,-103.44444444444444,32.57849021503848
2660,47.73913043478261,13.86649822979471,23.32,16.620998766620495,-22.836363636363636,6.4095486619251725,-65.07272727272728,11.828862306708722,69.71739130434783,11.937633301742892,-85.30909090909091,9.52102501600389
2661,48.516129032258064,2.734144529086077,13.451612903225806,5.357170110430651,-26.151515151515152,11.502624765339199,-81.90625,1.5074683868990422,66.48387096774194,9.905589714714308,-97.9375,4.808439845729589
2662,45.21052631578947,16.304919978720086,24.52,15.43792732202092,-28.107142857142858,24.42969400094057,-60.84615384615385,31.150617116608814,73.05263157894737,17.57831703880942,-100.96153846153847,22.277067838458674
2663,50.45454545454545,24.984954150133987,31.060606060606062,24.133391169283694,-20.121951219512194,25.333093291284772,-108.51219512195122,14.883485611977035,79.48484848484848,22.639628988448973,-130.9512195121951,17.154891529556192
2664,52.66129032258065,24.22538228227089,29.227272727272727,22.98075311590342,-24.305555555555557,13.48006644486683,-87.15277777777777,7.152427175873435,70.8225806451613,23.493667090096228,-113.48611111111111,13.847375458864594
2665,36.84375,16.841372745043678,12.0,9.43316571383199,-20.87878787878788,20.15509195871097,-63.92424242424242,37.441797502038476,53.25,13.041999463272493,-92.92307692307692,23.929581109392743
2666,49.75757575757576,10.514147188086424,21.885714285714286,17.796904110500996,-10.078947368421053,0.70268578541151,-68.10526315789474,13.11244782977773,75.57575757575758,17.924133558418337,-97.0,11.23668803049799
2667,34.8,9.820677893389758,9.914285714285715,2.047596899105019,-12.36111111111111,9.661357098651013,-76.86111111111111,7.739339541796179,54.82857142857143,12.949320366690435,-97.45714285714286,5.320273124798104
2668,42.25,6.48418405484783,18.678571428571427,5.922436584889771,-12.482758620689655,16.177081893744262,-76.79310344827586,14.598959127622358,63.107142857142854,14.85967526494411,-98.17241379310344,5.206553996496189
2669,38.208333333333336,5.330565688138132,13.28,4.015171229225473,-10.575757575757576,0.4942274675848512,-84.18181818181819,1.7312553766164485,61.958333333333336,13.476767560839242,-103.27272727272727,2.205677622433678
2670,33.19047619047619,6.7303084739256205,13.416666666666666,3.487079325484613,-7.96,0.5986651818838307,-65.36,10.743854057087708,59.0,14.738999126063318,-90.84,11.337301266174414
2671,43.03846153846154,11.359444627644464,20.806451612903224,15.405108819204417,-14.823529411764707,9.880076768680357,-72.6875,9.412217791254088,63.03846153846154,11.325535372744636,-96.84375,7.579204175736394
2672,23.416666666666668,9.584057943620055,10.513513513513514,10.260450497516157,-28.675675675675677,18.579346356369722,-75.30555555555556,22.10306595681599,53.833333333333336,18.84660299482229,-105.22222222222223,23.004964574233288
2673,47.94736842105263,22.220127632895373,21.48,16.314705023383045,-40.964285714285715,32.462596215663716,-81.34782608695652,26.914694056289537,73.42105263157895,20.67878594999356,-112.81818181818181,22.424897615325946
2674,66.0,26.60826939130014,48.714285714285715,24.69074022910663,-20.636363636363637,9.961496120497046,-109.5909090909091,25.04842417636304,87.0,17.705931209625774,-129.42857142857142,23.142563196251988
2675,56.5,15.288884851420656,33.22222222222222,19.780898630175624,-22.5,14.401967458186629,-76.0,27.488840711029695,76.875,14.563975247163805,-120.4,11.993331480451959
2676,44.91428571428571,4.190952353899179,15.17142857142857,8.862394756290566,-24.62857142857143,6.807918558710938,-73.91428571428571,10.895271395220506,60.31428571428572,6.956072079522336,-96.45714285714286,13.705771166384842
2677,36.833333333333336,1.1426091000668408,14.25,2.802528620133373,-18.62162162162162,8.495949277573406,-76.16666666666667,2.1794494717703365,54.22222222222222,7.828406646137128,-96.11111111111111,6.003599743199342
2678,34.0,22.07642228832905,11.904761904761905,1.687623347301843,-77.38095238095238,12.210363242817223,-119.29411764705883,15.702246770230621,69.3157894736842,27.854986573472086,-157.0,16.327529981418426
2679,27.818181818181817,10.019540137800874,11.352941176470589,5.950196995953784,-57.78787878787879,26.612548391014634,-77.28571428571429,40.80632870750607,46.63636363636363,14.244229414936575,-96.61904761904762,30.324398773887214
2680,45.77272727272727,21.20877138051788,17.68,14.944483932207229,-29.296296296296298,31.0922341320082,-92.29629629629629,15.393155801908787,79.54545454545455,20.53760912155434,-111.74074074074075,12.971743058271764
2681,34.85964912280702,4.354624871515575,11.596491228070175,0.9149757761687928,-11.596491228070175,0.5575525818270421,-83.2909090909091,8.396260482062514,54.0,9.66091783079296,-117.2,15.292779044669773
2682,38.70967741935484,1.29996397932967,16.35483870967742,3.126869888013583,-10.71875,0.5144399260360728,-85.15625,2.8516374133995366,58.0,13.41881202376098,-107.09677419354838,3.5044196860690384
2683,55.5,30.298514815086232,19.958333333333332,18.695987017420492,-50.0,30.820718140021764,-77.28571428571429,40.13446785749229,79.25,23.807824344110067,-123.19047619047619,30.671250766520203
2684,46.026315789473685,5.565338416462263,16.325,10.738685906571623,-20.785714285714285,7.604934846111796,-80.92857142857143,10.760139973294862,65.34210526315789,7.716272333566368,-103.78048780487805,4.425602867142075
2685,48.605095541401276,1.7329991740819313,22.26751592356688,5.05685152368042,-9.405063291139241,2.785673053874564,-55.18471337579618,1.7221733271659911,64.63694267515923,1.6047416453455114,-71.94871794871794,2.895165890900156
2686,45.17857142857143,4.276627271147969,14.642857142857142,2.3178543913697074,-24.96551724137931,7.779206406740231,-88.48275862068965,10.73704733590479,59.92857142857143,5.848861741695506,-106.03448275862068,10.39722363014377
2687,41.06896551724138,6.912911630109812,17.166666666666668,5.158057343182175,-16.40625,8.440450872879955,-75.59375,1.885128891481959,65.03448275862068,13.919677856509939,-96.34375,6.692390151321126
2688,58.645833333333336,23.33049647933413,22.520833333333332,17.880377493374002,-14.666666666666666,8.754363991112598,-82.04166666666667,31.14546404463346,80.27083333333333,19.76079829626211,-107.64583333333333,20.840155133113146
2689,55.674418604651166,13.683670339653212,18.372093023255815,6.7549232891654265,-19.651162790697676,6.537490169605247,-73.73809523809524,14.162424334786357,71.23255813953489,11.84362689834009,-93.52380952380952,13.751602668915316
2690,41.95652173913044,15.754856424137275,18.25,9.696434052440791,-30.814814814814813,20.85405553778722,-99.13636363636364,37.79285100090836,58.73913043478261,21.24436987575224,-114.0,38.4080957375111
2691,48.03448275862069,8.218913254031152,18.896551724137932,7.558255717340075,-19.433333333333334,10.84645359348186,-86.03333333333333,9.974912976507058,68.34482758620689,14.05721280577431,-107.5,14.214429288578561
2692,53.285714285714285,20.75513214133029,35.07692307692308,24.947518879136098,-8.941176470588236,1.4336538361122282,-72.41176470588235,4.923638343021548,71.0,21.454270304200847,-93.25,7.258615570478987
2693,40.041666666666664,16.687018823691133,9.325581395348838,0.7383492030877927,-53.38095238095238,24.037621684264597,-80.5945945945946,29.469599048492153,56.0,15.365003525327722,-102.25,19.166485506390227
2694,46.11926605504587,10.469461725376476,18.934306569343065,11.306095752358091,-10.971223021582734,8.924094332496566,-57.286764705882355,4.263228699546469,64.96330275229357,8.927769896808464,-75.5925925925926,6.109247751833155
2695,44.2,23.11882349947765,25.59259259259259,14.168978266985786,-11.0,1.784708711578779,-40.92,33.28773948468114,55.24,26.117090190141777,-62.68,39.284317481661816
2696,50.354838709677416,4.58994965955088,15.46875,6.334352645495828,-11.1875,0.5266343608235224,-79.90625,2.005607373715005,66.3225806451613,8.441017737041236,-99.9375,2.105610065990377
2697,41.083333333333336,15.212157053561542,15.0,7.11637949682682,-13.161290322580646,6.806528053385167,-86.06451612903226,12.497575207062827,62.916666666666664,15.091158191323672,-105.3225806451613,11.380195295036627
2698,57.86666666666667,18.962653353953986,22.340425531914892,17.70235781356111,-15.196078431372548,4.7774782413727115,-80.72,19.328776474469354,82.66666666666667,19.238849584456272,-113.72,19.457687426824393
2699,31.967741935483872,3.822546617515622,16.096774193548388,4.137591934148119,-13.3125,8.106469253010216,-70.5,11.344051304538427,54.38709677419355,14.608167002885171,-90.0,14.289419162443238
2700,31.384615384615383,6.742956000249577,9.615384615384615,0.624926031125843,-63.0,21.718478484744452,-113.15384615384616,25.056386116259876,55.92307692307692,4.141005794983006,-146.08333333333334,12.861171106171561
2701,66.72,7.051354479814498,27.923076923076923,14.084697306823887,-26.214285714285715,6.76312027975012,-92.0,3.9907299991262155,88.48,8.984965219743481,-114.85185185185185,7.168365192539208
2702,30.5,10.700467279516348,9.925,0.9588404455382553,-55.55,18.099654692838758,-92.88888888888889,26.532765674180816,57.625,16.576621338499592,-111.44444444444444,20.214742206348706
2703,62.80555555555556,17.56230091930573,37.91891891891892,24.44893009141806,-45.027027027027025,29.815184310779568,-81.86666666666666,16.453435980230864,79.16666666666667,15.133663726202514,-101.33333333333333,15.925521097352583
2704,64.89285714285714,22.05243635019931,27.151515151515152,21.20623294897361,-37.30555555555556,33.87544132098294,-60.70967741935484,28.69212946862482,88.42857142857143,16.290726045883922,-103.29032258064517,23.45647107686518
2705,51.4,2.244994432064365,20.56,7.266801221995824,-31.12,7.870552712484683,-91.25,2.1262251370288454,72.96,15.337483496323639,-111.625,2.796016511634603
2706,29.15909090909091,8.916132421368129,10.456521739130435,2.5682553860136803,-56.608695652173914,12.180665829001597,-94.71428571428571,13.858615532938199,54.40909090909091,13.15176825618756,-113.66666666666667,14.915103669110632
2707,37.023809523809526,13.081226269949756,12.69047619047619,7.51027263229091,-9.279069767441861,0.4485418958601374,-57.214285714285715,15.99484398215892,64.16666666666667,16.808326545787992,-83.5952380952381,19.524172470494015
2708,47.125,16.040476146299397,13.942857142857143,11.058139489968095,-14.378378378378379,15.454119281788554,-82.58064516129032,32.78943003719967,72.21875,15.453022307545536,-113.96774193548387,22.296367230455687
2709,47.032786885245905,15.927054221283257,20.349206349206348,11.481052341235186,-13.0625,2.838766237293941,-61.682539682539684,6.4459299249706135,66.09836065573771,10.756172331000919,-80.01587301587301,8.691342277637537
2710,77.86666666666666,18.292196271756012,15.577777777777778,8.486561635613196,-16.08888888888889,8.458584652350986,-82.17777777777778,13.81189324682639,86.4888888888889,16.35661228470305,-94.06666666666666,14.035510519947447
2711,37.925925925925924,11.16185941607144,16.1,8.941849174900383,-12.6875,9.866095669007066,-76.78571428571429,24.501249447524014,54.0,13.654466098842695,-98.60714285714286,27.157397421216153
2712,59.0,0.0,11.0,0.0,-40.02439024390244,17.73172409164839,-50.2,24.530796970339143,82.0,0.0,-70.7,18.23211452355431
2713,36.833333333333336,17.84462259493194,15.104166666666666,6.8867009014153915,-13.395833333333334,4.116732033893983,-61.208333333333336,12.806180690935486,59.854166666666664,19.055827611841533,-89.72916666666667,18.097812463726722
2714,44.52,7.099971830930036,19.04,6.483702645865247,-14.448275862068966,3.7927899556972635,-82.17241379310344,1.4637920880545605,66.0,13.093509842666327,-102.10344827586206,6.655797719417814
2715,45.76,12.869436662107631,18.076923076923077,7.3113351244335085,-16.807692307692307,9.663648103824777,-102.6923076923077,12.088676299519157,72.44,18.21665172308018,-128.19230769230768,13.700138210333812
2716,56.666666666666664,14.392320483121855,20.142857142857142,17.967658019170937,-25.91176470588235,15.156764451904603,-100.0909090909091,21.483416629638885,73.70833333333333,12.108809350588063,-123.54545454545455,23.116425891679487
2717,41.9,2.879236009777594,19.545454545454547,6.169774363984419,-21.454545454545453,6.005507114514089,-71.9,25.96709456215693,67.4,13.131641176943573,-92.1,22.124420896376023
2718,50.76923076923077,11.34530635687556,18.733333333333334,10.033056474585509,-26.032258064516128,14.651838750549787,-87.33333333333333,27.234237711081683,72.42307692307692,13.370958992484354,-114.03703703703704,21.615292051695942
2719,37.357142857142854,2.7152254012497448,19.8,8.787870428418175,-10.580645161290322,1.0708511401740537,-73.09677419354838,9.812286040271566,60.714285714285715,13.845724308704586,-94.83870967741936,9.05572987099096
2720,40.170731707317074,2.546182594801052,12.071428571428571,3.4461355661285373,-10.976744186046512,1.0227271361533035,-59.55813953488372,5.641632311957304,63.63414634146341,12.9647855090494,-89.25581395348837,11.167005018431118
2721,36.30769230769231,19.18887744896713,11.909090909090908,8.484794372121819,-55.57142857142857,29.12300911416857,-96.05,31.88804634969035,60.30769230769231,21.268917788766906,-124.1,16.729913329123974
2722,53.95652173913044,13.810765368929212,16.53846153846154,12.929485590429964,-25.88888888888889,11.528815214362384,-98.68,7.923231663910881,78.52173913043478,19.47991064441918,-122.36,13.105357683024147
2723,56.12903225806452,6.996505743002192,13.870967741935484,6.766816259459246,-26.03125,12.171905086612366,-90.38709677419355,1.8609296905620587,76.80645161290323,6.9115114580499295,-108.90322580645162,4.184108481829926
2724,45.075,10.937064277035223,17.9,8.410707461325712,-11.534883720930232,3.6366918087817908,-65.74418604651163,5.230025226742548,69.3,13.89280389266328,-87.48837209302326,7.3717628860126325
2725,44.851851851851855,15.901790497144942,23.366666666666667,23.415782901472436,-12.25,6.1751068366826205,-66.55555555555556,16.844788914683583,68.96296296296296,18.438047380914565,-92.22222222222223,21.774234405613836
2726,34.83870967741935,9.883504583456045,15.870967741935484,4.2406780915767195,-12.8125,4.133986423538423,-73.09375,3.625942765337037,57.54838709677419,15.657294929051998,-98.03125,7.923400370895061
2727,52.292682926829265,23.552995669277944,23.083333333333332,14.582857135082351,-17.346938775510203,11.67860597707107,-54.229166666666664,29.83652654000164,64.41463414634147,20.772842977165062,-79.58333333333333,26.541503139213663
2728,49.60606060606061,15.519175614506803,24.81578947368421,18.133794074451878,-38.26829268292683,19.883838749761875,-80.3157894736842,26.32599801992609,77.57575757575758,14.103578533704912,-95.1842105263158,26.67726734127362
2729,39.629629629629626,6.700735991351156,19.571428571428573,8.869806615014506,-17.103448275862068,8.746801691677451,-80.41379310344827,4.271131977706486,63.44444444444444,18.952832942418134,-109.6896551724138,9.602813697847974
2730,40.74074074074074,3.727700041507002,10.642857142857142,3.5275880642473556,-19.807692307692307,5.406685539284679,-93.04,17.723385681071207,66.55555555555556,12.795639689430475,-114.84,17.4738204179853
2731,43.5,16.160651802036533,22.93103448275862,22.682107538280505,-28.103448275862068,20.211544716659624,-73.29629629629629,14.729197043350265,65.20833333333333,18.59430729790408,-95.55555555555556,22.480169587691236
2732,20.558139534883722,6.609726186431612,8.44186046511628,0.49660829079215396,-56.674418604651166,7.660593608162576,-86.90243902439025,8.499081379482284,42.81395348837209,10.125390176699108,-106.17073170731707,9.422087281112242
2733,61.12903225806452,13.535477720715722,38.291666666666664,14.823908522683514,-13.945454545454545,6.897741875078149,-62.07272727272727,5.1903916315877545,74.96774193548387,11.79251777807886,-82.72727272727273,7.319847354231931
2734,70.14814814814815,17.46468119271684,36.1875,19.02701615466808,-60.52777777777778,29.661503400040555,-99.38709677419355,33.68035458720212,92.85185185185185,16.959000022284034,-125.12903225806451,21.070912431035794
2735,33.82608695652174,13.353560586610024,16.833333333333332,8.238459942381356,-50.03225806451613,27.035799290722686,-62.89473684210526,35.45032809118772,54.391304347826086,10.102686385893614,-112.5,15.247039785552547
2736,43.266666666666666,13.34899080663237,16.266666666666666,9.807933296854927,-10.61111111111111,1.1613636089092705,-72.11111111111111,2.078698548207745,74.26666666666667,17.77438856582383,-92.58823529411765,3.010937386369348
2737,56.529411764705884,14.629211900524576,19.805555555555557,14.936568556630188,-13.421052631578947,8.539787927070272,-70.34210526315789,13.62713298763184,80.11764705882354,15.905538631858718,-98.86842105263158,9.854657068004846
2738,49.984848484848484,8.780992599794697,15.376811594202898,8.624369666990688,-11.887323943661972,7.844526746781861,-78.47142857142858,6.17071755163375,65.71212121212122,9.123338622547736,-97.34285714285714,5.9830372465728106
2739,32.28125,12.468045092856377,12.558823529411764,7.41695663158013,-53.94117647058823,18.662546917273815,-86.55555555555556,26.561366170427043,62.40625,11.658846895705423,-109.74074074074075,14.833876625737433
2740,31.838709677419356,11.935571054607472,13.451612903225806,7.4955415121146185,-9.34375,0.47495887979908324,-80.46875,1.8871998933605312,58.32258064516129,17.4159494879285,-101.75,2.6457513110645907
2741,60.76190476190476,8.68444017388495,24.38095238095238,5.159145282442768,-12.818181818181818,14.362101951030382,-75.9090909090909,18.582108756549143,82.52380952380952,5.917037930289168,-101.66666666666667,15.87959748109555
2742,43.75,7.679401948440665,11.357142857142858,1.3942300925673667,-10.4,1.4966629547095764,-77.0,2.250925735484551,74.25,16.534865760395085,-98.46666666666667,4.2405450383438
2743,46.47222222222222,15.510724087817275,15.447368421052632,9.90666274579905,-20.536585365853657,6.963660240852489,-77.2439024390244,21.78249519605345,70.69444444444444,17.39543274100744,-99.7560975609756,23.17039794368087
2744,40.078947368421055,12.079520683561842,13.45,10.892543321006348,-20.454545454545453,8.446232472245043,-74.22727272727273,2.274998864771309,55.1578947368421,15.81891991087933,-95.61363636363636,5.104436168181685
2745,46.953125,11.758547007788632,19.06153846153846,11.439307298927236,-14.166666666666666,4.80713905130545,-66.89393939393939,10.383741352767576,65.78125,12.176397186257518,-94.87878787878788,13.037841371242068
2746,46.942622950819676,15.311679448916063,20.370967741935484,12.116682542580254,-20.650793650793652,5.285976446141814,-55.53658536585366,6.300461569008263,62.63934426229508,10.724619733233766,-73.9349593495935,8.860930815498264
2747,42.42857142857143,3.4664573458521373,15.457142857142857,3.2893147974516963,-10.228571428571428,0.4199125273342591,-72.94117647058823,1.3707270820860051,63.94285714285714,6.882453288276363,-95.11764705882354,3.0074877720386395
2748,48.72,21.407512699984554,20.64,13.141932886756043,-21.51851851851852,10.952322163275493,-85.88461538461539,14.605917986784892,79.88,23.708766311219147,-111.1923076923077,14.704837589062658
2749,63.125,17.73018259917252,24.625,17.485261650887583,-70.0,21.31770260709264,-109.57142857142857,25.53908569152748,76.375,15.659960887562907,-128.28571428571428,23.395446966782025
2750,29.208333333333332,1.9144008346100239,10.8,0.541602560309064,-72.93333333333334,12.005369169204624,-107.22222222222223,18.225609441282693,49.166666666666664,10.192589900947103,-128.7037037037037,12.097795375573416
2751,45.911764705882355,3.3551334422381642,20.91176470588235,4.943014364075853,-9.257142857142858,0.43705881545081016,-69.42857142857143,2.8912252892968033,64.88235294117646,7.107430684449624,-94.2,4.483620985638409
2752,54.172413793103445,13.178009282754413,22.0,12.462357113627672,-14.382352941176471,8.306675932760536,-83.47058823529412,2.0613429962276744,73.03448275862068,13.37904372290329,-105.82352941176471,8.012749356440331
2753,29.88,16.558550661214284,8.678571428571429,0.5380899704756915,-60.964285714285715,25.050637492397478,-107.25,16.80587694825831,51.76,18.936272072401156,-134.79166666666666,12.806180690935486
2754,37.11764705882353,2.0546175525379975,17.147058823529413,3.3089215671750614,-11.61111111111111,0.8258927081843613,-62.47222222222222,2.3272075673923878,53.3235294117647,8.473906621246515,-87.42857142857143,6.174998967198128
2755,78.25,27.307279249313726,56.0,28.457304542387387,-27.48,4.980923609131142,-73.76,5.202153400275698,98.125,25.226164492447122,-103.28,10.282100952626365
2756,41.2,24.866041100263626,17.76923076923077,7.737559207218198,-47.25925925925926,26.97267834734031,-69.66666666666667,39.56108397250213,62.96,22.739357950478723,-111.66666666666667,25.9932836257906
2757,39.75,5.916079783099616,14.15625,3.401372654899783,-10.878787878787879,1.9963235263031034,-77.45454545454545,1.4789617384136278,63.71875,9.747545764832294,-98.57575757575758,4.697067447663186
2758,41.5,2.41522945769824,11.916666666666666,0.39965262694272663,-11.875,0.5253966755382705,-82.41666666666667,1.1516895800904376,66.66666666666667,15.084944665313014,-100.8695652173913,1.6498839966095893
2759,42.24,14.026489225747117,17.923076923076923,7.970730479617174,-26.846153846153847,25.40698315226364,-76.0,24.42949037536395,61.6,20.364675298172568,-106.15,21.85469057204883
2760,49.088235294117645,19.034593348549286,19.243243243243242,19.851346751788697,-23.783783783783782,17.829727886139796,-72.51428571428572,17.722256271336864,74.1470588235294,21.88490260288394,-103.08571428571429,17.63012264534186
2761,44.7906976744186,13.333047139528096,15.068181818181818,10.668342563765528,-11.539325842696629,5.536510440712515,-58.56818181818182,10.307538563579058,70.25581395348837,15.861453969037589,-78.27586206896552,13.624428411650651
2762,49.95454545454545,17.08395651621526,18.925925925925927,11.333091258610535,-17.357142857142858,12.912381338728139,-45.34615384615385,21.82789730119958,70.5909090909091,19.42271184817378,-108.34615384615384,21.196774623462645
2763,37.93421052631579,11.359363777490485,15.5,9.874533419681674,-13.804597701149426,12.50732114840824,-62.51764705882353,8.14517073046193,70.17105263157895,18.212479930195013,-82.84705882352941,10.12801110764299
2764,44.473684210526315,22.337997886661363,23.842105263157894,24.57911642002047,-18.523809523809526,26.483811852704157,-98.4,31.886360720533784,96.63157894736842,27.102554795706872,-125.15,29.767893778364634
2765,32.16216216216216,11.088132232532937,9.891891891891891,0.45224866299139227,-57.91891891891892,9.245534724653691,-96.52941176470588,4.0745645318938655,52.027027027027025,17.039677840005115,-116.6470588235294,5.738837517769894
2766,41.835443037974684,14.394470087763386,17.775,6.410879424852725,-16.036585365853657,13.998645511089697,-74.64197530864197,20.085194253402708,69.69620253164557,20.146523041024356,-102.625,12.630691786279959
2767,14.0,0.0,32.666666666666664,34.96982826507572,-13.107142857142858,17.83123120040927,-87.57142857142857,8.499699874653437,22.0,0.0,-105.57142857142857,6.863092656836749
2768,51.0,6.572670690061994,17.775,9.166481058726953,-21.75,9.262154177079973,-73.17948717948718,10.20776927556501,73.275,11.81310183652033,-99.44736842105263,12.554507197398435
2769,37.25714285714286,12.259906448356324,13.685714285714285,7.70072882848084,-39.371428571428574,25.35697786666645,-76.375,33.007338199255024,59.17142857142857,8.220134563673394,-101.5,15.905973720586866
2770,37.59375,16.473196743118805,14.909090909090908,8.982689198350336,-17.285714285714285,11.031309800670423,-67.32352941176471,15.725065394487222,52.59375,16.689928428171882,-92.91176470588235,11.003656202689614
2771,41.68181818181818,12.77919603260195,22.6,16.8376562106092,-12.363636363636363,9.431790799522137,-59.46666666666667,25.129973250195782,62.22727272727273,17.30720243708807,-92.36666666666666,21.652533852235912
2772,38.375,23.335974552894367,7.884615384615385,0.423076923076923,-56.96153846153846,26.514844563914018,-115.20833333333333,10.97717012207103,69.25,22.46896007087704,-144.20833333333334,13.444265092926756
2773,52.475,16.341645418990097,22.11904761904762,17.168912078233536,-26.121951219512194,21.116627504607642,-66.325,14.504115795180347,75.125,17.50455297915374,-88.0,12.439855304624729
2774,50.45454545454545,18.448274796717623,23.866666666666667,16.25368334323707,-17.38235294117647,19.926356630887515,-65.45161290322581,19.236790540570148,74.0,13.951213697609381,-89.06451612903226,18.57145830233981
2775,55.73913043478261,5.957949686028544,11.768115942028986,7.227453552678333,-11.144927536231885,0.4897607318468348,-58.768115942028984,3.960474746598128,68.30434782608695,5.9838050708051815,-81.43478260869566,4.929880090465103
2776,44.55555555555556,11.951548275133206,20.925925925925927,14.326680435146493,-22.51851851851852,10.282564784427732,-88.88888888888889,1.165343164633502,66.4074074074074,15.256472237392089,-106.11111111111111,1.4740554623801778
2777,47.75,1.8984642916490861,23.541666666666668,5.612331412959225,-9.2,0.9797958971132712,-100.12,23.025759488016895,70.79166666666667,17.736448269657096,-126.12,21.65238093143569
2778,47.81481481481482,2.776048844658298,23.107142857142858,14.432946649232505,-17.724137931034484,9.895650565723612,-70.53571428571429,5.596441106741363,74.81481481481481,10.691072901281762,-91.85714285714286,8.227628914275389
2779,49.35897435897436,12.256839387402175,21.41025641025641,6.830241759876173,-12.3,2.0518284528683193,-71.95,6.85547226673699,66.17948717948718,14.920080763636145,-95.5,10.124228365658293
2780,59.714285714285715,13.889973159078668,29.705128205128204,11.431074353751677,-10.936708860759493,8.166529052378323,-52.25316455696203,36.68561900642148,81.41558441558442,15.656499956638608,-93.72151898734177,33.8073232680944
2781,39.566265060240966,7.203066233116195,17.905882352941177,9.043195074896358,-9.952941176470588,6.3965172184518915,-66.44705882352942,8.877606834850642,60.3855421686747,16.399993627166854,-89.30588235294118,11.215560125438929
2782,39.083333333333336,4.889756867393534,20.517241379310345,14.423689062896335,-9.233333333333333,0.5587684871413403,-75.06666666666666,10.14538756720949,53.125,9.2028641375027,-96.63333333333334,9.589867337745375
2783,45.48148148148148,11.196462306263662,24.70967741935484,15.66626445044975,-12.147058823529411,4.994893586225462,-74.53125,19.450231963591076,62.370370370370374,10.763959577625315,-99.90625,16.75067046232777
2784,64.57142857142857,13.06693911974735,12.821428571428571,10.52566106315069,-22.06896551724138,14.301991745745159,-87.6896551724138,12.037594696947995,81.25,15.2540978100968,-107.10344827586206,11.052678962465373
2785,58.97560975609756,19.268941020274873,19.11904761904762,10.980941023411297,-9.86046511627907,0.6317710561491221,-73.0952380952381,4.84428737601372,80.17073170731707,18.814761250890722,-100.54761904761905,9.97664506294667
2786,38.6551724137931,3.008904739085997,17.413793103448278,4.4218676143201225,-20.366666666666667,4.764335094101683,-75.86666666666666,1.4772346537440226,68.89655172413794,14.809933357055597,-94.4,2.5245461638348647
2787,58.38461538461539,9.123414184971136,10.384615384615385,0.4865042554105199,-25.785714285714285,6.608204547903975,-82.96428571428571,9.001913061983558,80.88461538461539,6.750082182274199,-108.17857142857143,3.0125164069330506
2788,39.5625,13.066984876014818,31.041666666666668,23.610518783419863,-12.655172413793103,6.7070516780216325,-77.10344827586206,18.477096404946025,83.4375,16.829916629324103,-103.41379310344827,7.527042013595725
2789,66.38461538461539,23.85061992917411,41.30434782608695,25.789169925459685,-29.066666666666666,22.347159899091327,-71.9,16.609936784948943,93.15384615384616,18.291848347729413,-98.27586206896552,17.457132820878766
2790,41.7906976744186,11.880329921687112,14.976744186046512,7.528205481505437,-14.818181818181818,5.773264112475428,-57.61363636363637,9.36195373231199,68.04651162790698,17.4834852152859,-84.13636363636364,20.490120578520617
2791,38.4468085106383,0.9851776087481042,16.78723404255319,2.221138008230705,-20.583333333333332,3.2392986209294685,-71.64583333333333,1.4928940481122193,53.638297872340424,8.92385169182316,-91.16666666666667,1.559023911155809
2792,26.055555555555557,7.802935503330512,9.27027027027027,0.6429933650470443,-54.388888888888886,15.60498100283257,-95.33333333333333,6.018490028422596,55.02777777777778,15.299756917297577,-118.44444444444444,9.722380951085217
2793,42.63636363636363,1.3443074553223535,13.823529411764707,5.141930218000047,-10.114285714285714,0.5221619109284876,-80.08823529411765,10.768602637676167,59.27272727272727,5.389511291009869,-104.91176470588235,2.904030131293442
2794,29.88888888888889,5.370242654930921,9.517241379310345,3.17990120921338,-65.3103448275862,13.083560224837736,-106.21052631578948,23.26637272380445,52.03703703703704,13.40945349642193,-124.15789473684211,19.63150839552724
2795,44.473684210526315,11.361840200530116,18.375,12.168992357627644,-10.048780487804878,5.026520978463767,-58.707317073170735,10.78219829714594,61.81578947368421,16.155258656903897,-85.0,12.393940297482516
2796,75.25,25.752427070084092,24.8,2.7129319932501073,-29.583333333333332,8.470127245535073,-103.91666666666667,2.1392496088322392,110.0,18.627936010197157,-124.41666666666667,3.773997291408084
2797,22.517241379310345,1.7737684344291982,10.193548387096774,4.734358660376086,-67.375,13.864861160502112,-101.35483870967742,14.840112135687917,44.793103448275865,1.539800935294214,-123.6774193548387,4.914672546924806
2798,70.53846153846153,19.313667478738726,29.666666666666668,21.160760330805168,-26.814814814814813,16.193361779026837,-91.85714285714286,21.842042714269486,87.46153846153847,18.46249997496124,-121.0,16.826849293401814
2799,46.80487804878049,21.056508769748458,14.121951219512194,6.02917751924722,-10.073170731707316,2.522003113114257,-60.609756097560975,15.515339457359513,66.26829268292683,20.43672494196076,-92.34146341463415,18.412098032434507
2800,42.84615384615385,13.274302263837296,25.3,15.79694063207599,-23.17142857142857,14.728952468397965,-74.82857142857142,16.841251589535762,65.3076923076923,12.07275773342366,-100.52941176470588,14.159252419027778
2801,49.733333333333334,4.2263722294921235,15.35483870967742,8.283479038060362,-19.666666666666668,10.487125343953794,-85.06451612903226,9.06583620281061,65.46666666666667,8.216784989006076,-104.96774193548387,6.362611915323425
2802,54.0,5.887840577551898,34.75,9.883698700385398,-16.424242424242426,7.655579478612426,-86.42424242424242,1.3932804766754727,67.66666666666667,10.498677165349081,-105.60606060606061,3.3839137636711825
2803,35.84615384615385,18.474568051629248,10.948717948717949,2.2066184588666835,-37.97435897435897,20.94741545710773,-87.86111111111111,27.07310348110769,72.76923076923077,22.354327910526877,-110.80555555555556,21.13950940832571
2804,48.80952380952381,18.686942341082904,26.9,19.039170149982905,-16.666666666666668,5.093568929978709,-80.28571428571429,20.547605252988802,67.71428571428571,15.433861526936578,-105.23529411764706,15.673242135280812
2805,37.58139534883721,3.551825983975494,13.886363636363637,3.2974915334573853,-13.227272727272727,1.294457351445286,-66.27272727272727,3.821967819923256,72.46511627906976,15.216803498350414,-89.02272727272727,9.044055396586696
2806,70.38461538461539,13.493807477383333,25.333333333333332,20.15164729963506,-49.2,17.993332098307974,-85.06666666666666,25.19382640427787,89.61538461538461,3.101822331331685,-109.46666666666667,27.461164497441757
2807,55.25,14.520818388323251,38.142857142857146,29.378945675084935,-23.75,4.793038106015253,-86.71428571428571,6.621702105615308,80.0,18.845866036525535,-115.39285714285714,17.589240391529717
2808,32.86666666666667,9.369216734723464,9.4,0.6110100926607787,-54.46666666666667,23.169999760226347,-89.8695652173913,31.266462582448618,67.4,7.0408332840178325,-112.26086956521739,20.0850742577544
2809,70.875,7.606535019310698,23.875,14.555389895155677,-44.125,46.239694797868204,-112.75,28.577744837547975,97.125,17.828611134914574,-143.625,32.37644784407332
2810,47.958333333333336,17.140301355447505,20.16,13.907350574426461,-14.314285714285715,5.035709219855608,-79.79411764705883,19.874280470534103,61.25,16.510728835114055,-94.67647058823529,21.370293548914624
2811,26.90625,3.6431388852883444,10.21875,0.6952686081652184,-55.0,18.296174463531987,-94.83870967741936,17.964295725569446,53.09375,11.350548926703942,-118.70967741935483,17.83652206151133
2812,55.0,22.40163684495696,28.307692307692307,12.886394825459647,-11.647058823529411,1.1345471483521123,-66.29411764705883,7.135369283343966,83.08333333333333,24.005063123340367,-93.11764705882354,13.194840136522068
2813,38.65853658536585,7.307229150534258,16.476190476190474,12.623179916400387,-21.41860465116279,9.025113690296044,-65.48837209302326,13.972351590832012,58.5609756097561,13.93022469394501,-83.53488372093024,14.382400157442595
2814,44.84375,5.1666561659839525,20.9375,6.900803848103495,-11.09375,0.5219779090153146,-82.96774193548387,6.124956199805166,60.9375,10.25590531108785,-109.70967741935483,7.5996330488114285
2815,37.0,13.700886311267812,15.857142857142858,7.802842670559017,-25.75,9.537987957935064,-78.88888888888889,1.7069212773041351,62.666666666666664,20.78766422970566,-96.22222222222223,7.197393218089621
2816,43.44186046511628,8.83782127624012,13.022727272727273,9.492793047081072,-19.066666666666666,6.829348431585549,-68.29545454545455,6.624951270676863,70.97674418604652,15.528650747918775,-84.86363636363636,8.768722590421515
2817,52.172413793103445,29.98398304097021,12.655172413793103,9.440469969558483,-31.0,20.324782266817728,-92.06666666666666,34.06164346527565,66.44827586206897,29.91434462375413,-116.73333333333333,28.67627745870947
2818,31.0,0.0,11.0,1.0,-9.787878787878787,0.40881022918884974,-80.06060606060606,0.8506465968253455,39.0,0.0,-101.93939393939394,0.6485131684555363
2819,48.40350877192982,18.66402830582938,24.825396825396826,17.94218199338641,-15.72,10.180451856376514,-67.24,10.52468843561018,70.78947368421052,20.01555258635211,-91.84,14.311803985987696
2820,53.03846153846154,13.885467691718256,22.285714285714285,13.86634451483453,-15.34375,7.3553100503989635,-82.125,6.050568155140474,70.03846153846153,11.352670879342648,-102.375,7.845181642256603
2821,35.56666666666667,11.098598510122297,18.333333333333332,13.478752452536833,-26.41176470588235,11.616716269489116,-81.48387096774194,12.863729875348414,60.6,17.786886555362443,-109.83870967741936,14.46485568362059
2822,51.57575757575758,7.527848511623873,14.969696969696969,4.482185941843952,-9.411764705882353,0.5486693560640479,-81.61764705882354,1.8944921076691665,71.60606060606061,7.718295438837217,-103.61764705882354,4.652732946928345
2823,49.13333333333333,2.261759393824983,17.233333333333334,3.1164438423020275,-12.1,0.5385164807134504,-77.82758620689656,10.53751578889394,70.43333333333334,9.988938326413315,-108.10344827586206,10.380169514216824
2824,59.34,17.53466281398077,22.86,6.480771559004375,-14.058823529411764,10.16416574454508,-39.78431372549019,14.061927078337389,79.22,17.257218779397796,-108.29411764705883,15.734680215255576
2825,40.94736842105263,4.2977801394933905,19.25,4.61383788185064,-17.178571428571427,6.106516258582017,-69.96428571428571,1.8609164957304323,66.36842105263158,13.255427989738232,-88.60714285714286,2.9921240152187845
2826,41.857142857142854,13.134055023508324,15.181818181818182,2.9485954073139737,-14.727272727272727,7.153184191472703,-78.96969696969697,6.147109931848726,66.80952380952381,10.978850003178396,-100.36363636363636,9.663483849533398
2827,43.47826086956522,12.71893338848202,17.791666666666668,11.09045823619966,-9.224489795918368,0.463584354759206,-67.25,4.095220791768538,64.65217391304348,17.005392228329207,-85.0,8.480369488805701
2828,45.208333333333336,16.046752440568433,13.46,4.177128200091541,-10.5,0.7467879938056768,-60.92307692307692,6.157691106519847,73.08333333333333,16.572861014991414,-93.6078431372549,10.69373727546037
2829,37.073170731707314,4.419415279182878,14.13953488372093,11.080217853934263,-13.565217391304348,12.541500107751908,-69.53333333333333,3.6733272837215765,49.951219512195124,6.599893641094955,-89.37777777777778,4.596079918504894
2830,50.93103448275862,2.765938569676617,20.06896551724138,5.924414910629884,-16.551724137931036,6.014844893786864,-78.82758620689656,12.051810467847277,73.96551724137932,12.084423598086032,-102.75862068965517,14.80832750903168
2831,55.023809523809526,16.638292173174182,21.0,13.074958717125858,-25.456521739130434,8.258609530663271,-65.84444444444445,4.114773143770062,77.73809523809524,15.006442305143361,-92.6,12.476466736308891
2832,53.10126582278481,17.91371367523214,22.59036144578313,16.14470418940319,-20.73913043478261,11.191873570875657,-72.3956043956044,20.127002867166432,74.9746835443038,17.141241025293287,-98.03296703296704,18.06487122886285
2833,33.52777777777778,4.711016115394445,13.61111111111111,3.293746412840364,-10.771428571428572,1.6576353947840328,-68.4,8.082432448571053,50.25,11.63179311676025,-90.25714285714285,2.394551638829367
2834,38.411764705882355,15.331853897837556,14.38888888888889,4.244458987758679,-20.842105263157894,14.38662814046702,-74.94736842105263,14.691471511732765,59.588235294117645,19.39999643277533,-96.84210526315789,13.71999370068421
2835,51.53333333333333,5.1168566739964705,19.2,5.629683235612226,-10.258064516129032,0.4375696763306626,-68.3225806451613,8.844123606809701,70.16666666666667,7.51480021173033,-96.16129032258064,11.695316885178658
2836,53.904761904761905,16.653055666710202,26.347826086956523,15.82130840423535,-24.966666666666665,7.709229677615151,-90.13333333333334,3.138293945583951,64.0952380952381,17.45989898488414,-112.46666666666667,7.0082491076984095
2837,44.705882352941174,24.378787080483946,19.636363636363637,19.74506947556886,-16.423076923076923,16.165426252257,-74.78947368421052,23.952977943349143,78.05882352941177,24.3829028533744,-108.47368421052632,23.061401840470268
2838,45.57142857142857,3.697765458727081,11.142857142857142,3.4714579657779616,-23.413793103448278,11.639757200274056,-85.27586206896552,2.4339063496581095,66.32142857142857,12.065457102905004,-106.82758620689656,3.9310344827586206
2839,46.4375,15.128486168483613,10.5,3.24037034920393,-12.6875,4.39770892056307,-70.375,27.163567052211683,70.375,14.957753006384348,-95.4375,18.661352945325266
2840,78.52631578947368,16.050474402080955,37.78947368421053,16.02819537850137,-12.285714285714286,1.860436639554252,-76.45714285714286,6.83830746454061,94.78947368421052,12.037568155213608,-95.28571428571429,10.249937779801197
2841,30.8,7.091779278385173,8.393939393939394,0.48862168171506365,-63.54545454545455,8.595597566234774,-100.0,4.96655480858378,47.7,0.5259911279353167,-116.0,0.0
2842,53.78260869565217,6.1358286477628265,14.925925925925926,5.656369244625926,-49.1764705882353,20.26366000886852,-74.75,16.67895380412093,73.26086956521739,5.742423297773584,-101.58333333333333,10.515530841992186
2843,45.5,6.140972110467402,19.833333333333332,9.04832703996834,-9.818181818181818,0.8331955809010618,-62.59375,23.120417620309112,65.07692307692308,12.691375257124808,-100.5625,11.341124007346009
2844,40.48,12.819110733588348,15.16,8.191117139926641,-11.21875,0.4831132760543846,-71.96666666666667,3.506977172564557,63.2,14.330387294138287,-97.03333333333333,9.425084732893504
2845,46.193548387096776,5.473804803046254,18.322580645161292,7.936795066077724,-16.4375,7.541292578199045,-76.0,14.891272611835431,68.70967741935483,9.419244365238155,-99.40625,17.68625768605388
2846,52.45238095238095,12.761926972262122,22.69047619047619,10.322163152856819,-21.795454545454547,7.70943797460603,-72.06976744186046,16.925823601735885,70.26190476190476,14.53904353278002,-97.09302325581395,21.706085261316748
2847,40.75555555555555,5.168948122331856,17.82608695652174,6.6897206928959525,-9.617021276595745,0.4861131769700368,-61.787234042553195,1.0301036967583153,61.44444444444444,14.758132305132737,-81.06382978723404,6.873954095511391
2848,43.25925925925926,8.809055074362687,18.107142857142858,8.820994784013411,-10.193548387096774,0.5913000896717213,-74.54838709677419,15.477014611013033,66.22222222222223,12.708507891940194,-101.48387096774194,6.74833775347408
2849,39.25,1.506928443335427,11.083333333333334,0.2763853991962833,-29.72,5.055848098983987,-86.16666666666667,1.3743685418725538,53.541666666666664,1.5540046832476262,-109.41666666666667,2.899952106884219
2850,39.111111111111114,6.288339198591565,14.033333333333333,4.15652098114116,-20.945054945054945,4.8206575570865144,-65.35555555555555,2.4418167694981685,71.2,12.660700349243454,-89.06666666666666,8.590433956183794
2851,68.36111111111111,17.754737674112317,32.355555555555554,20.306709953505575,-26.8125,15.217391708721527,-63.82608695652174,11.25650410598649,81.19444444444444,11.107603613052248,-89.65217391304348,12.389015806972177
2852,40.142857142857146,15.056356715720453,22.296296296296298,14.498569060465844,-11.566666666666666,5.270568175148567,-81.8,21.20282999979012,56.857142857142854,16.605465865149327,-103.63333333333334,15.076434886566814
2853,55.75,13.926144477205455,22.181818181818183,21.190985140848674,-10.5,1.118033988749895,-76.42857142857143,8.156629956354399,76.75,16.13807609351251,-99.92857142857143,7.750246869010835
2854,34.361702127659576,14.388863205159883,12.145833333333334,9.869966192388345,-37.875,20.221301680818343,-74.32608695652173,21.917884644663737,59.04255319148936,9.760880337888326,-99.32608695652173,20.065170285874334
2855,56.333333333333336,24.66065992929119,22.928571428571427,12.685561453390823,-25.103448275862068,23.290289270773137,-56.92857142857143,32.971772095264164,75.51851851851852,18.008990286480415,-103.67857142857143,16.475205551348477
2856,44.88461538461539,9.680777635154204,21.59259259259259,4.129920268795972,-25.714285714285715,9.429653617548144,-88.18518518518519,9.400697519577754,64.38461538461539,14.264201892195082,-109.18518518518519,12.153454125800149
2857,33.6551724137931,10.2259840166218,14.758620689655173,2.8846223970157765,-10.333333333333334,0.5374838498865699,-67.46666666666667,7.579504527928517,67.82758620689656,20.072401649197495,-89.23333333333333,9.800283442613054
2858,36.926829268292686,9.733999363313982,16.21951219512195,7.020917163079685,-14.375,6.876363501153789,-77.94736842105263,8.747773757155086,63.78048780487805,19.20557870569338,-97.57894736842105,10.876414799554434
2859,50.13333333333333,6.888315388314395,26.3,9.619944559784809,-14.4,12.877888025604198,-82.9,8.537564055396597,67.9,9.620637539511957,-100.1,7.875489402782111
2860,48.041666666666664,12.067446452704436,25.08,14.1022551388067,-20.26923076923077,13.19544703620181,-83.3076923076923,13.788984541094976,84.875,17.19814064562407,-115.23076923076923,13.235464283239157
2861,45.55555555555556,12.64130013629146,15.107142857142858,7.320905904688716,-13.732142857142858,10.146236232903192,-66.41071428571429,15.681855741263401,66.22222222222223,11.861338795628905,-87.875,17.039934712316242
2862,38.34615384615385,9.510893785113783,12.592592592592593,9.98242625914183,-12.571428571428571,0.9035079029052514,-87.42857142857143,1.6130842558051735,70.07692307692308,18.367871358022196,-107.67857142857143,4.391985976335367
2863,53.333333333333336,27.678310802664402,18.75,13.743180126884752,-15.34375,7.020547410102719,-63.34375,7.939652759252133,80.46666666666667,21.91306053982926,-92.75,13.031212529922149
2864,46.51063829787234,17.205729303611967,24.053571428571427,20.20998660745398,-15.714285714285714,14.098776904543232,-63.96551724137931,25.845005865364726,69.17021276595744,16.232773715786287,-97.24137931034483,22.201514661615246
2865,53.44444444444444,13.39246148739499,26.85185185185185,10.889014864476623,-15.53125,6.244919810333837,-76.90625,3.512116304665892,69.44444444444444,15.706411366849252,-105.3125,10.762891978924623
2866,34.76190476190476,11.669678911422183,20.75,16.99571024307801,-11.84,7.598315602816193,-88.4,12.821856339859686,67.47619047619048,24.552410506465645,-111.48,14.859663522435493
2867,68.30434782608695,9.336393413196207,41.92,16.62268329722972,-31.555555555555557,9.855749716238526,-93.51851851851852,3.9003358864891164,85.26086956521739,7.467130240357738,-114.0,6.049181150584978
2868,34.8,8.088675210852928,15.483870967741936,9.741401395314792,-23.62857142857143,7.410747848461003,-69.55882352941177,2.840786722749923,58.63333333333333,15.067588467376662,-90.63636363636364,5.244438218856712
2869,54.72,17.582991781832806,26.482758620689655,21.75668060644136,-12.333333333333334,8.960406736799891,-65.23333333333333,20.70697681673713,80.08,16.00229983471126,-93.9,17.731986164367864
2870,44.642857142857146,11.374201025988237,18.724137931034484,9.867734085441045,-9.5,0.7187952884282609,-66.3,13.640992143779965,67.28571428571429,15.170123699601941,-106.96666666666667,15.60445093199017
2871,49.041666666666664,7.067998105703072,24.703703703703702,8.536695582470074,-12.933333333333334,6.3609922356675,-73.83333333333333,8.087370126039463,78.125,15.411879887498042,-103.23333333333333,4.176787707743302
2872,41.875,16.981147634950943,22.166666666666668,22.269186484168355,-24.48,7.494638083323304,-85.6,18.62686232300008,75.0625,24.74992108573278,-105.6,18.996841842790605
2873,28.5,16.28649747490233,11.722222222222221,7.998649577380447,-58.72222222222222,21.036490929270595,-99.41176470588235,20.187529125178514,47.6875,15.857643070456593,-130.875,11.03333018630368
2874,47.32,7.519148888005875,16.423076923076923,4.829182738016834,-9.870967741935484,0.5531105870800727,-73.66666666666667,3.6270588023294517,73.12,11.275885774519002,-97.3,3.465544690232691
2875,37.81481481481482,8.450452703354559,19.814814814814813,10.114298778487871,-11.307692307692308,0.8213137116947163,-80.73076923076923,1.3744283373235107,68.5925925925926,19.0306950093191,-102.73076923076923,2.085807209685577
2876,43.82608695652174,16.92349068194868,21.5,13.870231913466094,-25.84375,19.71374738443962,-54.25,30.470858443531164,67.6086956521739,15.409593653291003,-90.10714285714286,23.203046729923646
2877,54.03846153846154,12.592674211103146,11.74074074074074,0.438228132081453,-17.785714285714285,0.6738557951469002,-86.5,1.6146649364939023,75.11538461538461,15.477842532712872,-108.64285714285714,4.9872285870603354
2878,40.05,2.9576172842340505,13.238095238095237,1.8999940326914286,-9.782608695652174,0.4124709991523974,-88.34782608695652,9.51707251139475,76.3,20.523401277566055,-110.1304347826087,10.975483936348823
2879,37.078125,8.295903897971275,15.446153846153846,6.5516428221201926,-21.215384615384615,6.087799419753244,-77.01538461538462,3.88485147797405,58.46875,13.092183677198392,-100.29230769230769,6.743026202445302
2880,53.94736842105263,17.51532767609867,30.238095238095237,19.810782927017446,-13.695652173913043,12.234785698834626,-82.30434782608695,14.08803001814166,74.3157894736842,17.46591456938778,-103.26086956521739,14.259146237337264
2881,38.46153846153846,19.209834759291656,12.275862068965518,5.4004888139177645,-56.5625,22.097705621851333,-90.96666666666667,27.219457909533922,59.84615384615385,18.540376536903924,-106.76666666666667,25.03688390266559
2882,34.69767441860465,11.592970772664666,14.162790697674419,2.5328560270704203,-9.25,0.48265364958171136,-67.1590909090909,7.62753141830239,69.86046511627907,19.973914844172924,-90.81818181818181,6.382763462755579
2883,51.25,16.94168921133112,29.151515151515152,27.944882127113278,-19.324324324324323,12.994913878345812,-70.44117647058823,25.21693079293983,78.375,18.298024711245017,-105.76470588235294,26.991348094756557
2884,48.5,12.723457220282686,14.074074074074074,11.16185941607144,-29.733333333333334,18.959488975766785,-80.46428571428571,15.405198897165349,68.54545454545455,16.13783604037777,-107.21428571428571,11.286392384691599
2885,44.72,2.600307674103201,22.076923076923077,8.375436047996715,-9.517241379310345,0.5645070877153413,-86.21428571428571,1.7393993802694174,65.12,12.637468100849949,-110.78571428571429,3.222212448182846
2886,62.45454545454545,23.788322713479847,31.307692307692307,26.229415710623638,-14.586206896551724,9.827888682580495,-83.75,3.202956223776493,75.54545454545455,23.696427181265637,-111.0,8.50630018616454
2887,74.26086956521739,10.959281915956973,39.9375,7.825988356111961,-12.96875,1.530612112032307,-80.84375,8.204836131057098,80.78260869565217,10.038865871069085,-102.875,12.187980759748516
2888,68.79166666666667,19.81787738101356,36.46153846153846,16.59525133476156,-17.0,13.25779886592155,-87.4,13.696714934611146,84.29166666666667,14.954038380614412,-110.92,16.651534463826447
2889,43.91428571428571,12.380564096475522,15.228571428571428,9.276962909073557,-19.583333333333332,19.67002090040126,-78.26470588235294,11.692905902422485,66.0,17.009241185728587,-99.11764705882354,14.660400255113718
2890,53.535714285714285,4.640521390480838,17.464285714285715,11.848695355719677,-11.793103448275861,6.2332772713094196,-81.20689655172414,16.805949911789405,72.71428571428571,11.054595498373201,-107.13793103448276,22.161980706219154
2891,71.05882352941177,15.968611079000814,35.911764705882355,15.812072169629692,-14.058823529411764,6.751649804788841,-80.26470588235294,16.742529191762642,92.97058823529412,15.724625300160566,-108.47058823529412,16.798521108082255
2892,26.68421052631579,6.407665077479654,7.205128205128205,0.9655471991673197,-52.794871794871796,2.3002729735390566,-93.46153846153847,8.920866215978833,50.10526315789474,9.025663625358323,-123.51282051282051,14.388157158013037
2893,45.5,5.530220007679019,24.0,12.776932339180638,-10.151515151515152,1.183759089977249,-70.63636363636364,1.7023723521440168,63.46666666666667,7.973846137355688,-90.28125,4.691977028662865
2894,42.26923076923077,11.660444945685434,16.344827586206897,11.77160775375244,-13.9,8.07196795500742,-72.9,26.559806726204414,74.3076923076923,11.717079022879481,-106.93333333333334,15.002073930701123
2895,52.92307692307692,8.90515441460332,18.285714285714285,9.822921964383477,-12.666666666666666,8.582928793055823,-68.05555555555556,9.542141747836409,69.38461538461539,9.483089901653376,-93.05555555555556,10.335871850675211
2896,38.09090909090909,11.084697714235512,15.705882352941176,7.442048309772163,-14.675675675675675,13.87989807201077,-78.4054054054054,9.914388832234064,58.0,14.87320144461579,-100.4054054054054,13.064206225221108
2897,29.75,14.7361516912207,9.6,0.6377042156569663,-46.28333333333333,29.10904307751955,-98.33898305084746,24.052633084297618,52.93333333333333,19.207521674825436,-124.79310344827586,15.974935778500942
2898,55.19512195121951,4.707127507872695,19.571428571428573,8.853685961340668,-17.046511627906977,13.79408954719054,-69.54761904761905,8.38707162968947,77.4390243902439,11.813693543754493,-93.34146341463415,11.092976807141692
2899,35.51219512195122,2.264486709938568,14.682926829268293,3.316176349353559,-11.463414634146341,2.714887240847684,-72.575,9.276010726600093,62.19512195121951,17.23895123316016,-100.775,5.909684847773188
2900,51.0,19.05255888325765,28.35,20.289837357652726,-24.72093023255814,13.831755814144104,-86.93023255813954,17.89295736321223,93.60526315789474,27.744643365108583,-110.6046511627907,16.846971344516607
2901,46.46938775510204,11.672577388497466,20.72,12.964628803016307,-18.169811320754718,25.199382928246482,-77.52,11.921811942821444,62.204081632653065,11.642602261604042,-102.62,9.66
2902,34.39473684210526,10.538249813952707,14.278481012658228,10.0049819347894,-11.901234567901234,3.7633874230000797,-69.25925925925925,6.331925336234535,92.59210526315789,16.57532855241484,-88.77777777777777,9.527089382322673
2903,38.535714285714285,11.033980446321078,17.214285714285715,4.988251503405225,-21.533333333333335,22.419832490205827,-84.33333333333333,5.257270098529168,58.892857142857146,16.460644158794302,-112.08333333333333,8.051483645197877
2904,43.666666666666664,2.6014758825860307,21.771428571428572,7.928558558548112,-13.444444444444445,2.2040927138752635,-71.80555555555556,7.027009180632352,59.303030303030305,6.307690584852212,-95.22222222222223,9.50178670657703
2905,65.24137931034483,20.563870513872043,36.5,15.82916611827673,-11.5,1.3693063937629153,-73.96875,13.604880500669603,81.6896551724138,11.925352444082174,-102.03125,16.85690580852548
2906,40.94736842105263,16.703210168015534,15.105263157894736,5.290455525528027,-27.526315789473685,27.85369373795234,-77.0,22.606473222927704,72.15789473684211,22.09849520453167,-99.15789473684211,20.956755368326153
2907,41.13513513513514,5.9600569658177385,28.571428571428573,25.96622610159558,-20.54901960784314,9.896154383792263,-81.34,4.663089104874579,73.37837837837837,16.478243397839815,-115.48,4.23433583930231
2908,55.24444444444445,3.6463409699499856,27.755555555555556,7.087251639561638,-11.0,0.5457768229098153,-71.36170212765957,1.9066014312527537,77.55555555555556,10.350642611409969,-93.95744680851064,3.689879469913593
2909,42.26470588235294,1.6857329271655412,10.61111111111111,0.4874980215217845,-15.243243243243244,4.901215543688891,-75.36111111111111,1.8582066889249516,65.82352941176471,8.459142593998848,-97.94444444444444,3.126450280753668
2910,44.142857142857146,12.581489480622729,14.621621621621621,8.37096446169687,-10.078947368421053,0.35404273808088704,-71.13157894736842,3.495644301966746,66.85714285714286,16.78629178337892,-94.39473684210526,4.9179556818502
2911,43.47222222222222,23.983195634433418,14.710526315789474,9.363725908039301,-42.86842105263158,19.31752824527313,-78.65714285714286,31.396945126322496,63.166666666666664,27.751376342244523,-111.42857142857143,21.243198191132972
2912,31.333333333333332,22.356704189621112,7.611111111111111,0.48749802152178456,-54.111111111111114,11.094988302476878,-90.38461538461539,4.7155791150751085,52.266666666666666,25.774578345511085,-120.6923076923077,9.816662564503552
2913,50.0,8.032542507228628,19.91304347826087,7.901089872417772,-12.541666666666666,4.051534345844245,-71.625,10.427577618987067,75.73913043478261,12.622331457293038,-93.625,11.775017692838794
2914,46.13636363636363,16.424193503225812,21.454545454545453,10.71416764988079,-29.47826086956522,13.758379471110596,-92.91304347826087,14.867276711765223,78.22727272727273,23.407325617463936,-119.30434782608695,11.365220717873171
2915,39.734693877551024,11.050488049438307,20.254901960784313,9.11977626414351,-28.615384615384617,18.930189407555257,-89.82352941176471,16.315163021128466,60.755102040816325,16.36388583691127,-110.49019607843137,19.425445763194418
2916,54.62162162162162,21.43797004225226,19.783783783783782,14.401830092293986,-15.868421052631579,8.985869177511224,-78.67567567567568,37.16002942283045,78.5945945945946,19.69971801068511,-96.56756756756756,35.47632673978716
2917,48.53125,5.910712599805543,16.5,4.038873605350878,-23.451612903225808,6.63732704496087,-86.10344827586206,21.893700601781052,67.21875,9.326489073467036,-99.89655172413794,22.673613446693565
2918,38.96774193548387,2.5838689541291333,18.0625,3.807373602629508,-20.87878787878788,4.367632850020747,-70.93939393939394,8.452861785215896,63.45161290322581,13.005801955101322,-90.51515151515152,7.785461244860511
2919,24.93548387096774,6.848289091119496,9.727272727272727,10.660811064922944,-68.45454545454545,13.7203474403638,-103.0625,3.5261301379841328,47.29032258064516,10.83957369828066,-121.9375,4.307968633822674
2920,53.78378378378378,5.527010506814668,18.594594594594593,5.211522885068471,-23.91891891891892,11.090240117251327,-84.35135135135135,22.300425660967456,68.54054054054055,8.487175045228916,-97.83783783783784,22.003087637768594
2921,46.4,15.932357013323546,27.333333333333332,14.854853303438128,-46.642857142857146,26.58035564326499,-66.33333333333333,26.979416022013687,64.8,13.22724461102916,-88.0,18.52925614624973
2922,42.15,9.993873123068955,16.625,3.2610389448763106,-21.097560975609756,4.858007611521317,-65.60975609756098,3.6081077317516774,68.9,14.516886718577094,-94.58536585365853,14.055596246398117
2923,25.966666666666665,12.286804122942447,11.4,6.205374015050719,-42.354838709677416,20.807176781561378,-95.45161290322581,23.018700265537852,48.06666666666667,18.821854909179972,-110.12903225806451,17.560479704454895
2924,37.28813559322034,9.49228205216668,12.575757575757576,7.87027512140999,-11.432835820895523,8.20852101972421,-53.515151515151516,2.996171416802006,53.779661016949156,8.610336312276903,-74.24242424242425,4.742012761701467
2925,106.04347826086956,14.633131736693981,67.66666666666667,18.28174560106945,-9.12,1.4510685717773644,-102.24,19.22556631155504,113.30434782608695,14.161904755851157,-126.5,10.436314802968846
2926,51.577777777777776,15.204515248787686,27.01923076923077,15.514869275603106,-8.983050847457626,0.503934533807407,-64.79661016949153,7.79999926340055,69.22222222222223,12.448808758518739,-84.24137931034483,6.473581178136007
2927,51.666666666666664,4.9216076867444665,22.555555555555557,5.418304595660715,-35.6,23.83778513201258,-75.7,20.10994778710278,74.22222222222223,11.688339657565452,-96.9,20.593445559206454
2928,55.0,16.953718513310626,37.3,16.075136080294932,-21.272727272727273,11.185143629678114,-75.18181818181819,10.675530064065219,72.42857142857143,21.00242940272212,-96.7,19.37549999354855
2929,32.6551724137931,6.629484101574731,12.01639344262295,10.771078158553204,-14.904761904761905,7.828953761953301,-56.75409836065574,26.63946027717487,54.8448275862069,13.632873206585074,-93.01639344262296,18.230304263783445
2930,38.0,11.480117745401214,13.870967741935484,8.631308111093986,-17.78125,10.778260455078083,-72.03225806451613,2.362118663099717,62.724137931034484,14.975604418690851,-93.03225806451613,4.875772037909563
2931,40.0,10.742439201596628,7.916666666666667,0.759202798262025,-59.36363636363637,3.7724534402266237,-98.85714285714286,4.050699108216521,65.2,8.529947244854448,-116.0,2.0701966780270626
2932,40.69090909090909,13.149314157396857,20.672131147540984,16.258890442125193,-10.82258064516129,5.135343043943631,-73.79032258064517,11.699375633704662,66.10909090909091,15.43982186340094,-98.61290322580645,10.002184985017312
2933,36.94444444444444,12.224620976729353,15.513513513513514,3.44549546605044,-8.75,0.6224949798994366,-59.9,11.33313725320575,62.72222222222222,18.69731280619864,-89.225,6.039401874358089
2934,45.964285714285715,10.09059725988628,21.766666666666666,9.769624125602558,-30.6,23.910388258383986,-74.16666666666667,16.446039712411686,72.46428571428571,15.692314185288158,-99.9,14.690926905179719
2935,63.266666666666666,18.53812887597403,32.3125,21.08826317528307,-14.857142857142858,8.542809364414888,-80.74285714285715,3.17438729424712,83.16666666666667,17.631568909833923,-100.26470588235294,4.629247324981433
2936,41.16,9.071626094587453,15.392857142857142,11.094848501232729,-11.827586206896552,2.1020345729831957,-70.96551724137932,10.74302583273475,60.28,14.481767847883766,-94.0,11.353261721819766
2937,45.08695652173913,5.702120455914783,21.25,10.231690964840562,-9.34375,0.47495887979908324,-73.65625,9.432687100582738,67.3913043478261,8.370440383380089,-98.87096774193549,4.217795904175781
2938,58.733333333333334,13.906673058483669,31.2,17.772852492334646,-25.90566037735849,4.577484482392404,-87.84905660377359,3.3160343809532393,87.96666666666667,18.30752729222479,-110.83018867924528,6.38907041118793
2939,52.666666666666664,14.226344888582199,39.142857142857146,17.500437312320198,-11.34375,0.47495887979908324,-71.90625,1.8768220313870998,76.08333333333333,6.264427791550921,-94.0625,3.4363634484728185
2940,42.411764705882355,11.87215637050882,15.485714285714286,11.694617635162471,-18.216216216216218,15.995159969182458,-76.91666666666667,11.847116386136614,65.44117647058823,15.241566957560476,-99.77777777777777,8.80375901757347
2941,59.34375,7.126576031833239,24.12121212121212,8.260007982084248,-12.323529411764707,0.7162232742285837,-67.91176470588235,3.492577398686126,73.28125,6.648469631238455,-94.20588235294117,7.028427201539164
2942,44.0625,14.945604495971383,19.92105263157895,10.370457988534874,-25.11904761904762,9.822719972818074,-69.625,8.045767520877048,78.6875,21.257994819596696,-99.675,13.4617745858412
2943,44.61290322580645,8.461210999099356,16.774193548387096,5.8844227245541,-10.5625,2.860698122836452,-65.75,13.093414375173499,62.064516129032256,12.066844695068433,-95.80645161290323,16.732081132419008
2944,43.26923076923077,15.720045244375319,20.178571428571427,13.527890690370477,-21.257142857142856,13.146086559761226,-70.70588235294117,16.73764585977776,57.57692307692308,14.98505172323169,-91.73529411764706,20.390754570940192
2945,48.8421052631579,13.765950204818816,21.61904761904762,19.715780941687033,-28.08695652173913,22.573383794961515,-102.69565217391305,16.734330198229173,78.94736842105263,15.611984884125421,-126.17391304347827,18.12913143057938
2946,85.0,3.763863263545405,41.629629629629626,12.95904702757212,-16.413793103448278,14.05044419810599,-97.82142857142857,14.689776744944988,94.375,0.9492321458245431,-116.32142857142857,8.888409673873738
2947,42.03125,1.8621958644299477,13.59375,2.356631268887859,-20.696969696969695,3.6138190030714754,-71.96969696969697,1.4245647604294738,56.3125,7.831975724553799,-90.71875,2.168443782416321
2948,58.76470588235294,18.90076068112761,23.136363636363637,19.856978289177324,-14.0,18.967808987275724,-58.61538461538461,25.511802582450287,79.3529411764706,14.062637927043703,-90.34615384615384,24.95987904878903
2949,62.0,19.820159173866877,22.852941176470587,17.134643876113845,-17.083333333333332,19.67849220737086,-83.91428571428571,21.62719376627679,85.41935483870968,18.7061731979793,-109.48571428571428,13.093883912665767
2950,54.095238095238095,19.726474262981526,31.51851851851852,24.35595656153613,-35.758620689655174,31.73560512390242,-88.10714285714286,30.653989819218225,77.52380952380952,18.32671494637333,-116.33333333333333,25.45584412271571
2951,39.67741935483871,2.6443743912153805,13.258064516129032,3.9916666576149726,-10.15625,0.6179287479151622,-82.34375,1.813308009550501,67.64516129032258,12.522362930417016,-103.15625,2.927342811749249
2952,34.916666666666664,18.58968501317031,9.357142857142858,1.0424656799518877,-57.57142857142857,5.447335989982177,-94.0,14.396969378057566,67.08333333333333,30.095565380227622,-119.54545454545455,16.50544613350744
2953,64.0,17.574331932029246,23.4,14.71869559437928,-10.076923076923077,0.9970370305242863,-58.07692307692308,22.050506843857487,87.14285714285714,12.999215046945517,-92.61538461538461,20.31876155197253
2954,38.72,17.411536405498513,17.17241379310345,13.6711853168153,-13.866666666666667,9.372773809758181,-44.724137931034484,30.884542000840238,62.48,18.883050601001948,-88.44827586206897,22.99413149554131
2955,40.94736842105263,2.282050883018821,13.545454545454545,4.774242183818503,-11.041666666666666,0.5384519993050035,-69.95833333333333,11.942498226455339,74.78947368421052,13.089083226986974,-96.91666666666667,4.480668352923355
2956,44.88709677419355,12.587890800173252,20.49206349206349,14.61014326480719,-23.063492063492063,10.375295774514921,-74.96825396825396,16.854153323527125,65.29032258064517,14.243716324564016,-94.1774193548387,17.967285857418922
2957,49.608695652173914,12.46643887799065,25.24074074074074,8.979266622666506,-31.983606557377048,26.21693346117158,-87.21818181818182,17.016239205365412,79.26086956521739,15.149163820529754,-117.64814814814815,12.41587604851652
2958,54.666666666666664,3.6817870057290873,21.857142857142858,16.243051889773593,-12.0,3.9431443159963337,-72.17241379310344,1.5328352255788187,76.66666666666667,4.109609335312651,-93.13793103448276,6.8567818828038565
2959,31.0,11.25205295278039,9.793103448275861,0.6632891055748739,-56.275862068965516,22.683575330491408,-102.95,7.35849848814281,55.52173913043478,15.980612071908155,-133.31578947368422,7.167563129741975
2960,42.5,3.6683642883067296,15.7,4.079624165696312,-13.442622950819672,2.688924400500023,-74.95081967213115,2.3499300966805667,64.43103448275862,11.5357197419289,-97.1311475409836,3.804550380949433
2961,42.911764705882355,4.21738451886128,17.852941176470587,2.9518922439799873,-21.944444444444443,7.272262541268419,-83.88571428571429,1.2597375820027774,65.70588235294117,6.528351795256576,-103.85714285714286,2.4743582965269675
2962,45.84615384615385,13.343659709310254,27.178571428571427,15.158810666286671,-18.9,9.093404203047394,-70.4,5.96992462263972,74.07692307692308,15.568516249946622,-89.86206896551724,3.500976592137119
2963,45.1,11.665761869676578,21.166666666666668,17.601294144339374,-20.333333333333332,19.74982419049738,-61.916666666666664,17.646804872900425,58.0,9.284395510748128,-91.66666666666667,12.324321031557433
2964,45.10526315789474,23.39566927275691,27.347826086956523,26.244019932750845,-11.24,5.587700779390392,-71.4,20.886359184884284,77.42105263157895,23.095490080313546,-104.4,24.971984302413777
2965,51.06666666666667,18.485910550711015,17.741935483870968,11.033578491061652,-12.787878787878787,4.450111171628533,-49.21212121212121,11.811031247813325,66.96666666666667,17.683294062161863,-88.1875,21.564492661548986
2966,53.5,15.411035007422441,30.384615384615383,22.96331007210101,-35.107142857142854,29.814113730765506,-90.10714285714286,16.17171093897852,82.625,14.357960916044682,-114.25,14.62538155790425
2967,42.291666666666664,12.544850094317145,15.083333333333334,2.580643761200337,-10.333333333333334,1.0671873729054748,-92.91666666666667,19.788289185497792,68.125,18.833287241831503,-124.79166666666667,21.273965244453663
2968,49.225806451612904,1.9127699458546572,15.693548387096774,4.1720603314128875,-15.741935483870968,8.906205672434734,-81.25806451612904,8.778521228748017,69.41935483870968,9.859575969251637,-103.1774193548387,11.42086968264731
2969,39.21739130434783,5.838079804473613,16.291666666666668,1.7906974122453583,-26.56,13.847974581143626,-103.0,23.42007685726074,76.08695652173913,14.840933532919836,-128.91666666666666,25.169287942958487
2970,40.63157894736842,11.728106260359924,12.131578947368421,1.7497526536715042,-14.615384615384615,7.177655443986136,-70.76923076923077,2.314519814645488,65.65789473684211,18.523493355579095,-94.8974358974359,9.68423215333756
2971,57.285714285714285,23.736936973222733,28.26086956521739,20.011338940720037,-35.583333333333336,30.725826089608862,-73.28571428571429,22.380141829294104,83.14285714285714,19.433122716213198,-115.52380952380952,18.638462657886596
2972,43.2093023255814,10.03379901976636,18.209302325581394,9.917234562806083,-25.636363636363637,8.873071900907693,-87.75,4.573267183018364,78.4186046511628,25.331506770468746,-108.9090909090909,8.735554782346219
2973,44.13793103448276,4.272802019599321,18.6,8.345058418010026,-10.451612903225806,1.8110540448539612,-72.23333333333333,15.922067146643435,65.48275862068965,6.558073148760592,-97.66666666666667,16.519348924485154
2974,48.61764705882353,4.051250394357952,22.676470588235293,6.018210542303077,-10.264705882352942,0.5034483167242262,-75.61764705882354,1.0004324324526441,61.8235294117647,6.753955652431937,-96.0,2.1693045781865616
2975,35.28125,3.8261793525003505,15.545454545454545,6.84942337361067,-18.08823529411765,4.635969643221575,-71.17647058823529,5.425812968282449,61.21875,14.591809292801903,-92.70588235294117,10.213973737756081
2976,56.05128205128205,23.738909656715027,32.73170731707317,21.194827245418093,-17.046511627906977,17.226201633412426,-64.375,6.171253924446797,78.35897435897436,15.13611266608333,-94.375,6.315407746139595
2977,40.172413793103445,2.349893108607009,13.275862068965518,4.1431002195518865,-8.758620689655173,1.1642719321471815,-76.3103448275862,2.841847969384347,63.793103448275865,11.795321428854242,-101.13793103448276,7.87717846357234
2978,36.10344827586207,6.42916215695545,15.241379310344827,2.5951569272036936,-21.833333333333332,9.798242472788452,-76.93333333333334,1.7499206331208919,60.55172413793103,15.428558845913999,-94.76666666666667,2.928974033495157
2979,41.01449275362319,5.998774642080599,19.420289855072465,4.834674867600129,-10.657142857142857,0.7907630001770314,-76.3,2.8452968712797415,61.289855072463766,9.942007859021793,-99.31428571428572,5.630384044609738
2980,34.65384615384615,4.141184405942782,13.846153846153847,1.8121875368291918,-10.448275862068966,0.5623967734586238,-73.86206896551724,1.5022773041925495,59.92307692307692,19.227230443632394,-96.96551724137932,7.761455420841039
2981,46.74,16.718624345322194,19.925925925925927,8.883717631570468,-8.74074074074074,0.47862399938222544,-77.64814814814815,10.263486894682108,69.94,22.120045207910405,-110.18518518518519,11.17880612799005
2982,42.57575757575758,4.506092192834207,15.878787878787879,7.67821623760156,-11.636363636363637,7.159728206362355,-84.9375,5.177701589508612,58.333333333333336,9.412006087219588,-103.90625,2.005607373715005
2983,39.94117647058823,3.5392021074097237,12.117647058823529,2.246103893180798,-17.029411764705884,5.409606347087543,-55.8235294117647,8.118499528981703,57.411764705882355,9.245404731569032,-93.12121212121212,9.331463803315122
2984,144.53846153846155,80.95071186517936,38.785714285714285,60.579556395381644,-134.35714285714286,80.56284782068961,-325.35714285714283,93.90923212097424,216.84615384615384,80.96233326852695,-435.7857142857143,72.07057906904133
2985,48.696969696969695,1.5072521352055621,15.454545454545455,5.135089678429155,-13.323529411764707,1.8426417773737749,-68.41176470588235,3.264043388001196,63.303030303030305,5.518480513773688,-93.67647058823529,6.032854110595015
2986,60.21052631578947,26.2950444548186,16.09090909090909,14.671893634085457,-18.636363636363637,26.296466154816407,-85.05,32.105256578946694,96.42105263157895,22.57692298617209,-113.75,36.16057936482766
2987,32.40909090909091,3.485803558188698,22.75,20.9945429417583,-9.518518518518519,1.4998856838012289,-79.33333333333333,11.372481406154654,68.0909090909091,17.38836886832191,-101.85185185185185,16.71704320768723
2988,37.54545454545455,7.839646362969361,12.985074626865671,3.414160753559687,-11.242857142857142,4.72209310214296,-81.81428571428572,4.536495995630035,61.24242424242424,12.443886908670295,-104.2,6.359694511980453
2989,33.74285714285714,19.40595322080735,7.75,0.698212002188447,-48.875,17.543071994380004,-86.19354838709677,22.00208106702447,60.74285714285714,23.72983999361245,-108.06666666666666,22.684698709825433
2990,79.875,12.323123589415145,37.0,12.471505985183247,-15.620689655172415,6.567494631232849,-91.0,5.432977211374105,92.0,12.459935794377111,-108.89285714285714,5.524874179008745
2991,38.54838709677419,10.94808485145563,15.470588235294118,6.8265713300724755,-16.12121212121212,19.778711505904333,-74.58064516129032,8.023249255508953,62.16129032258065,16.258192523817623,-96.96774193548387,6.4632153736093905
2992,50.67741935483871,9.70329872999365,21.78787878787879,9.203943738905839,-10.030303030303031,0.521353046487432,-67.81818181818181,7.883448504974109,66.09677419354838,10.371657529862492,-92.39393939393939,12.446100506363779
2993,46.06896551724138,9.975594475355441,19.724137931034484,9.975475277672627,-10.161290322580646,0.3677985242255284,-73.73333333333333,1.5902480589168748,64.24137931034483,12.116262005835576,-93.5,3.99791612384919
2994,52.476190476190474,20.383511187836877,25.565217391304348,22.39725543542551,-23.035714285714285,23.132355421507317,-74.12,24.070429992004712,80.52380952380952,20.271065580606326,-113.2,26.55710827631653
2995,61.39473684210526,16.648912519700577,33.3469387755102,14.031380312928857,-24.11764705882353,10.926935703820744,-68.16326530612245,15.090674155935945,74.02631578947368,12.057945277754815,-91.44897959183673,15.114611425723252
2996,27.035714285714285,11.088868752225434,11.666666666666666,9.040872399131278,-47.588235294117645,27.42810671669271,-76.36363636363636,34.848432147522736,54.17857142857143,14.48904406643805,-103.0,24.21494654884946
2997,49.46666666666667,8.139342042750684,20.125,10.036651583072912,-24.63157894736842,12.414806636541492,-71.0,12.42388591288855,70.8,13.003589248101207,-103.70588235294117,18.290996518320647
2998,53.451219512195124,17.085975163662088,22.96551724137931,14.012677573484604,-10.784090909090908,1.4882025738542606,-66.125,7.853506020764345,76.76829268292683,13.954017500424083,-88.3409090909091,11.404630602240202
2999,57.48275862068966,1.8498963560002284,26.724137931034484,5.81849934275709,-10.931034482758621,0.5831563629409574,-78.3103448275862,5.146833296750752,78.06896551724138,8.320854707767493,-108.75862068965517,13.530693517444709
3000,49.0,11.545307169887634,21.526315789473685,17.570514838494365,-34.82051282051282,17.32623887585442,-83.02857142857142,21.433599410119367,77.5,20.55587793423231,-106.57142857142857,24.66262147378465
3001,49.0,13.968829769461905,23.772727272727273,16.991794324913577,-21.254901960784313,7.29986069503103,-71.14,12.674399394054142,78.07692307692308,19.11152775412387,-95.64,12.711821269983307
3002,33.87096774193548,7.5423190387857755,15.46875,4.175706339950165,-12.1875,3.422695392523267,-73.5625,11.763124319244442,55.354838709677416,14.523725610846093,-100.34375,13.721810592538436
3003,41.794117647058826,6.033140884094754,13.117647058823529,3.17864849084854,-16.17142857142857,5.588179945388375,-80.22857142857143,2.608619933831618,60.8235294117647,9.58697212899235,-99.11428571428571,5.564024384107134
3004,35.46666666666667,11.811670311838018,18.322580645161292,13.240668282457538,-18.914285714285715,15.544170112611221,-72.48571428571428,8.88134941024948,55.03333333333333,15.647115460116673,-92.91428571428571,11.061829940505008
3005,35.44736842105263,7.386678508679103,13.5,2.23312384458703,-14.972972972972974,1.8378378378378377,-76.72972972972973,5.054559882188523,69.63157894736842,19.77428028184136,-105.4054054054054,9.272043010707145
3006,50.541666666666664,14.109627820117094,18.208333333333332,17.876845281598825,-31.24,22.60668927552197,-92.66666666666667,10.27807807369106,85.5,16.58814837969165,-112.58333333333333,10.411998954198095
3007,23.125,8.678097429736544,9.25,3.2384409829422554,-65.275,20.396062732792327,-94.79310344827586,26.852572355227846,44.6,16.198456716613467,-117.58620689655173,13.946986428614334
3008,51.23076923076923,8.608170056172005,24.03448275862069,5.176090647161598,-20.59375,8.26838623538475,-72.45161290322581,1.0108670719995094,72.84615384615384,11.706974606527076,-89.41935483870968,1.6018979377980824
3009,31.53125,5.249906993223784,9.625,0.4841229182759271,-76.234375,8.935082168585524,-113.23076923076923,3.3085866411702414,56.5,4.670385423067351,-124.76923076923077,1.5764539639937842
3010,53.708333333333336,21.806878056144477,19.833333333333332,15.828946760778354,-23.32,15.553057577209698,-73.0,17.428711943227473,77.58333333333333,19.146184708418776,-98.64,18.79123199792925
3011,50.32,11.76,22.68,14.869351028205637,-21.64,18.772064351051004,-91.28,14.779769957614361,74.24,16.50764671296306,-114.24,16.700371253358412
3012,39.2,14.396527359054335,13.2,4.523273151159456,-19.666666666666668,21.33680527303137,-78.96153846153847,3.480503602274215,82.4,21.89840176816564,-103.07692307692308,6.798886090456723
3013,59.333333333333336,19.790169116275727,28.40909090909091,13.103292753798014,-42.92,18.954513974248982,-113.625,3.956139743066044,89.14285714285714,18.41398462940525,-131.91666666666666,7.5217277861465375
3014,34.857142857142854,14.307126809776323,14.125,19.39676197204059,-13.105263157894736,6.273542916105828,-67.47368421052632,13.433533928010673,62.57142857142857,24.74935579454338,-91.77777777777777,12.331331168817975
3015,43.121212121212125,1.8050027408285372,15.757575757575758,4.572846756275789,-10.0,0.6416889479197478,-73.17647058823529,1.4444740185657263,58.45454545454545,5.494299575350024,-95.05882352941177,3.5557838258135095
3016,38.08771929824562,18.056714454840964,9.508474576271187,3.4659255684396637,-24.016949152542374,17.517537484072616,-68.45762711864407,30.310999309082447,60.54385964912281,19.97811976422293,-95.64406779661017,23.776332564815203
3017,50.34285714285714,19.862301488200284,33.27906976744186,23.13692868342964,-20.97872340425532,7.054467007030512,-61.76086956521739,9.07740813086484,75.88571428571429,13.27031365453718,-82.93478260869566,8.486311673648702
3018,38.77777777777778,1.594744454934147,15.25925925925926,1.646378575621694,-17.785714285714285,6.224130133469845,-79.32142857142857,3.0595701312039085,62.81481481481482,14.126510504713487,-113.82142857142857,7.44529367850481
3019,29.03448275862069,7.218189469335089,12.413793103448276,1.650856441873907,-10.344827586206897,0.543035025793918,-82.03448275862068,2.965116251959402,51.06896551724138,17.017092896672548,-106.17241379310344,6.512952429276345
3020,65.77777777777777,16.06775776224464,34.55555555555556,16.981107875853038,-25.517241379310345,20.40050825880566,-89.75,6.74867711904658,84.94444444444444,17.193255209277797,-115.32142857142857,9.083161703427516
3021,43.07692307692308,1.4390989949130544,19.636363636363637,15.902769306801389,-10.027027027027026,0.3666124315202848,-70.45945945945945,2.94631785403495,60.73076923076923,10.910678228610905,-92.37837837837837,3.7943866886911097
3022,40.476190476190474,1.6509462688914014,17.523809523809526,2.34254740499978,-22.476190476190474,7.480890242535422,-89.75,1.1779218989389746,64.57142857142857,15.743695423191825,-107.7,2.0273134932713295
3023,38.93333333333333,9.605322598550359,11.225806451612904,3.989580602255563,-22.96875,11.579843411613993,-82.80645161290323,5.866357636990609,59.1,12.329774261247987,-101.61290322580645,8.461210999099356
3024,78.32142857142857,2.5781163033248493,21.310344827586206,13.083560224837733,-10.03448275862069,3.61493796026976,-72.86206896551724,31.518712709940985,91.75,3.757136067348563,-92.93103448275862,37.167775284774585
3025,33.84375,13.002666493358198,13.5,8.8670739254841,-48.303030303030305,21.45253371838571,-88.41666666666667,31.689794186071257,54.625,10.51412740078795,-108.33333333333333,19.280099123765474
3026,63.607142857142854,10.107773831894672,27.689655172413794,7.5251461128023935,-14.903225806451612,1.1737680902361456,-83.61290322580645,9.966645727382453,81.35714285714286,10.53298996254247,-107.12903225806451,6.136837135790513
3027,39.064516129032256,7.762338705907114,16.451612903225808,6.666423859608877,-30.0,21.743964679883014,-69.27586206896552,14.088137714291307,61.87096774193548,14.875270527187864,-98.96551724137932,15.271074208813276
3028,57.61904761904762,7.730435769619239,27.242857142857144,19.40135173073237,-20.726027397260275,5.487870245811742,-69.02739726027397,9.906373488391164,79.47619047619048,10.983186490610471,-99.3972602739726,13.000252606636806
3029,40.48275862068966,0.9692047808658756,14.566666666666666,1.6669999666733315,-23.142857142857142,4.146550078199998,-79.67857142857143,2.1389845960270066,59.44827586206897,9.080430670693952,-101.71428571428571,5.817812198370639
3030,46.23076923076923,1.9866417800223013,20.74074074074074,3.657489450556595,-9.785714285714286,0.48968961431436026,-82.07142857142857,1.4374722712498647,64.92307692307692,6.759170846527286,-102.92857142857143,1.8112460475865664
3031,41.92982456140351,10.381933783839518,16.362068965517242,14.000859919233617,-14.515625,10.07470872330188,-70.79032258064517,14.89656498267431,55.666666666666664,11.894762717976304,-90.37096774193549,16.641605334093633
3032,39.57142857142857,19.499869178001777,9.807692307692308,2.8691895233166553,-44.03846153846154,41.06138066661325,-103.8076923076923,47.69133063515296,77.28571428571429,19.196088036846657,-133.80769230769232,29.091393428256975
3033,35.5,18.466937422804513,8.59375,0.8238391454040043,-68.34375,27.08736949091772,-75.5,40.35865989563366,65.66666666666667,22.871622397877925,-106.42857142857143,22.755577921261686
3034,45.148148148148145,13.265671944014002,22.580645161290324,13.295097795436426,-9.93939393939394,0.6485131684555363,-72.45454545454545,9.129011062278686,69.29629629629629,16.26815752461052,-97.0909090909091,10.714938980478232
3035,45.54,21.598342528999765,16.714285714285715,15.99521612156304,-44.529411764705884,28.12183084797671,-89.16279069767442,34.86514233947054,70.14,22.465983174568613,-123.37209302325581,26.806822505260783
3036,35.785714285714285,4.522618890936209,19.29032258064516,9.635932579160942,-65.80645161290323,15.059921935364462,-95.58333333333333,25.375376297155125,65.71428571428571,8.030553898602971,-116.0,28.136571693556885
3037,45.26315789473684,10.786649181002256,16.526315789473685,6.171824101704639,-10.317073170731707,0.7469947722494418,-64.475,18.266071690431964,73.3157894736842,16.597566820975036,-94.6923076923077,18.280091238836782
3038,34.96491228070175,7.464453569925161,16.482758620689655,3.410133880020997,-10.220338983050848,3.3550760763819993,-75.86440677966101,5.010015822968498,55.64912280701754,14.437392032642762,-94.94915254237289,7.164942259844131
3039,41.857142857142854,15.2074095796243,11.777777777777779,6.629526173411688,-10.363636363636363,0.9791208740244552,-61.81818181818182,20.044578418289124,68.28571428571429,13.603720979562757,-98.27272727272727,17.622768893425185
3040,47.26923076923077,13.704456580890568,22.357142857142858,11.616534661895535,-18.96551724137931,14.401826413438197,-85.64285714285714,10.149645615608902,70.03846153846153,13.639537464610767,-105.96428571428571,12.701187072916628
3041,53.25,3.9893323661074827,25.068181818181817,11.97421040720569,-10.755555555555556,13.540319306189947,-80.63636363636364,1.9550739243278696,65.9090909090909,9.162220309059128,-99.52272727272727,2.750938983193956
3042,36.87096774193548,11.218481110128689,18.322580645161292,3.246706487764163,-17.875,8.350711047569542,-75.21875,4.098279936448948,57.12903225806452,15.405784283380582,-101.34375,9.248680226794523
3043,51.40909090909091,30.434219811540924,7.04,0.19595917942265428,-46.64,36.7019127566943,-52.0,44.8690402084864,89.4090909090909,29.013569068328092,-113.15384615384616,34.42683692400038
3044,46.5,6.900263499580024,18.363636363636363,6.561218391187684,-25.863636363636363,22.53138307207296,-70.27272727272727,23.859783238712524,65.5,9.66130990554123,-95.0,18.37983084302415
3045,44.03448275862069,3.4188398780539138,16.310344827586206,3.5729196819278943,-11.931034482758621,0.4496001658760448,-75.03448275862068,0.9994052928406508,65.55172413793103,9.51436738215005,-95.62068965517241,5.441943067688411
3046,44.75,27.922884879610844,24.42105263157895,28.004352649418973,-10.714285714285714,3.282607226593159,-106.23809523809524,19.17564119969659,81.875,28.602611331834723,-133.76190476190476,4.341436693349135
3047,57.08695652173913,25.286038497778833,25.785714285714285,14.188418674743,-12.724137931034482,0.7832977028690031,-39.275862068965516,4.249921311434933,72.56521739130434,24.425265050329095,-92.86206896551724,3.5304013440990216
3048,56.4,17.857211428439772,37.89655172413793,12.712591714886212,-13.901639344262295,9.074744124167237,-58.16949152542373,6.351704808847916,69.64,9.919193515603979,-80.55932203389831,8.793817524773074
3049,37.25,1.682366530473411,17.5,2.3528098702858005,-25.642857142857142,9.972155110657896,-78.60714285714286,1.9519090602771012,58.67857142857143,16.555218364674047,-97.53571428571429,4.851230645466179
3050,38.925925925925924,5.563944283915237,17.464285714285715,10.325011735922569,-24.03448275862069,8.21891325403115,-82.13793103448276,1.3319453735053768,52.666666666666664,13.992061241210237,-100.79310344827586,2.6047610300718977
3051,36.986111111111114,7.906560313287588,9.222222222222221,0.477906959280146,-46.40845070422535,6.199903372233692,-71.27450980392157,2.6351949094304574,61.77777777777778,2.1358203096378983,-82.09803921568627,2.1259821440674194
3052,42.0,10.957710918409399,17.724137931034484,8.533490015406592,-20.903225806451612,20.74321473002939,-82.0,23.005796371059766,61.57142857142857,12.27200231487619,-98.06666666666666,23.755607525148434
3053,60.583333333333336,13.313266149054318,33.411764705882355,19.149746806894502,-23.31578947368421,28.289951036364293,-72.0,27.932458220182163,86.66666666666667,12.703892666773003,-100.22222222222223,28.868582606847795
3054,45.5,10.442016772909067,10.964285714285714,1.4995747696583586,-40.93103448275862,9.836354225376738,-81.96551724137932,1.8842863575605862,68.35714285714286,9.239721260925128,-100.79310344827586,3.799993741780941
3055,34.15384615384615,8.636649580498872,10.785714285714286,0.7249208260780158,-39.035714285714285,32.50877040217338,-79.73076923076923,36.78059447830493,66.76923076923077,13.871131317368048,-105.03846153846153,27.795241387456635
3056,48.108108108108105,3.143279263580183,11.08108108108108,5.542847245596838,-18.37837837837838,3.5515611439946384,-70.57142857142857,3.1738729318854437,64.54054054054055,5.548774369634543,-92.17142857142858,6.963109790832232
3057,43.30434782608695,8.316744673607188,13.26086956521739,6.680389153623937,-11.666666666666666,5.21749194749951,-105.04166666666667,22.153779148388104,66.82608695652173,19.322553107732276,-128.45833333333334,17.623325373555986
3058,41.71052631578947,5.114004995247144,13.710526315789474,3.845078157694738,-16.615384615384617,4.87071513001038,-66.94871794871794,1.5012596070055844,71.34210526315789,16.716327215266727,-89.02564102564102,3.3396390061876793
3059,53.73076923076923,13.145802758961311,29.178571428571427,17.904615469259337,-16.714285714285715,19.1625698076394,-78.28571428571429,18.05716546110701,74.92307692307692,16.386962634323,-104.89285714285714,16.18274938170336
3060,41.15555555555556,0.9178611745805948,13.755555555555556,2.5399523666185866,-9.391304347826088,0.8203461853962262,-75.6304347826087,1.0077675640434138,54.15555555555556,4.4017953688393785,-97.54347826086956,1.765693874436637
3061,32.1025641025641,2.9246509482274607,11.179487179487179,2.7162549148885398,-10.75,0.5361902647381804,-78.275,2.801673606971376,56.794871794871796,13.124999608653448,-102.8,5.44609952167604
3062,36.57575757575758,3.6929933906865755,10.088235294117647,0.8177316926151672,-15.527777777777779,18.65994836111574,-78.08823529411765,2.6163248478242456,63.75757575757576,16.175234161632858,-96.47058823529412,2.265278766349377
3063,47.52173913043478,5.148824814986944,20.304347826086957,4.004723109450246,-11.12,6.120914964284344,-82.72,2.691022110648666,79.0,15.651086918777573,-108.08,4.963224758158752
3064,52.28947368421053,20.841390870265887,21.28205128205128,16.14826928560603,-16.975,9.598144351904695,-72.05128205128206,4.830186692515066,71.21052631578948,23.735558373502382,-100.51282051282051,15.700517376534483
3065,50.90909090909091,10.492027670002553,12.090909090909092,0.28747978728803447,-10.733333333333333,3.244824939636788,-70.20689655172414,2.0065291759967114,81.63636363636364,16.510452486903986,-91.6896551724138,1.8213948477578283
3066,24.68,8.15705829328196,12.74074074074074,6.785565248938327,-72.0,7.3080371788468215,-110.36363636363636,6.664324657495001,56.12,9.394977381558723,-127.72727272727273,3.7801132520530527
3067,39.57142857142857,17.029865722624248,16.88888888888889,8.862460712270787,-8.894736842105264,0.9676198058342231,-66.28947368421052,5.543644510593532,72.17142857142858,20.862112910777775,-88.65789473684211,8.144343583737875
3068,43.25,24.86170079995869,17.821428571428573,9.415236782655516,-18.448275862068964,18.13091512401525,-49.48148148148148,37.452558010220294,61.166666666666664,21.709572901269976,-107.57692307692308,21.914471995469953
3069,42.88235294117647,14.596060519844453,25.727272727272727,18.063478518777803,-26.523809523809526,20.15090461781058,-65.9,4.710626285325551,62.76470588235294,14.766932103081675,-92.65,8.272091633921859
3070,55.166666666666664,19.230329054791433,18.833333333333332,12.130081981952507,-26.724137931034484,10.972996798486534,-88.75862068965517,3.988389809173217,74.66666666666667,14.715826703096077,-107.82758620689656,3.815295582323787
3071,46.095238095238095,12.219830728719147,26.666666666666668,17.39172855762825,-23.076923076923077,20.176000741404618,-79.08333333333333,4.261422558515199,74.47619047619048,17.86355440453324,-107.0,13.149778198382917
3072,39.66101694915254,4.308486578014728,17.548387096774192,6.3415613711726895,-9.741935483870968,8.500351954517908,-75.40322580645162,8.790500146179351,57.52542372881356,10.52576488980108,-97.24193548387096,10.173789036080725
3073,42.513513513513516,18.24476470132115,10.870967741935484,5.120538039714549,-28.054347826086957,19.046490108264944,-70.73333333333333,21.604937707231034,70.0945945945946,17.703388680746755,-94.0111111111111,17.665719751003287
3074,40.87096774193548,15.424617808793402,15.774193548387096,12.17800682197573,-11.935483870967742,1.664341076066378,-77.33333333333333,8.22327320610365,64.87096774193549,15.047756097824172,-105.53333333333333,11.957517393766242
3075,57.44444444444444,20.37488165534062,17.88888888888889,9.960415480451097,-69.33333333333333,19.165942015286735,-120.42857142857143,7.669180303696884,92.66666666666667,11.244751862288666,-136.14285714285714,5.767608353767528
3076,59.84,2.2747307532980687,31.96,7.2524754394620325,-20.03846153846154,2.3935935203848633,-83.96153846153847,19.26032344410648,81.96,9.267059943693038,-106.07692307692308,23.55178104799177
3077,62.018181818181816,4.175647621369796,28.09090909090909,7.977861931102565,-19.35185185185185,5.941559239818648,-94.5,9.67958906382107,84.94545454545455,9.040149197920417,-120.9074074074074,13.069994642123243
3078,52.95,22.79906796340587,22.42222222222222,19.85110004104322,-16.28301886792453,19.47361772020935,-82.86,16.352382089469412,78.425,21.555611218427558,-110.64,12.801187444920881
3079,68.21428571428571,19.523533679816747,48.46666666666667,18.60955549054183,-26.933333333333334,17.331923019548512,-93.85714285714286,4.61143211187685,82.42857142857143,8.086269541762803,-110.21428571428571,6.683439784043751
3080,46.5,8.885381252371786,22.074074074074073,16.442776024805557,-12.32258064516129,1.7850110106137964,-78.96666666666667,11.15193057526613,72.95,11.905775909196343,-103.43333333333334,11.569163995533799
3081,41.905660377358494,1.8042314094916105,12.018867924528301,3.212537738051512,-19.166666666666668,2.96116843805254,-55.80769230769231,3.044784074309966,67.9245283018868,9.901113062269339,-81.84615384615384,8.817344392172595
3082,87.88461538461539,12.527897862453662,57.27272727272727,21.72315163148312,-15.11111111111111,9.128033066018164,-78.47222222222223,1.5363396454472036,103.23076923076923,7.31335812746728,-97.66666666666667,4.320493798938574
3083,46.04545454545455,13.029607099104132,16.791666666666668,10.436231626193218,-11.48,7.92020201762556,-89.44,24.250492778498334,71.0909090909091,17.939061217225717,-119.52,22.253305372460964
3084,31.37142857142857,2.1392350339811297,17.63157894736842,16.582205193697025,-19.6,4.374928570845472,-76.25,14.485768878454468,66.05714285714286,21.71890928219378,-99.5,18.212632978237934
3085,56.41935483870968,6.9503965704837825,20.90909090909091,12.168921259836436,-12.057142857142857,1.040408083201893,-85.05714285714286,13.77978406868525,71.19354838709677,7.515229075291736,-107.76470588235294,11.481593513941224
3086,38.52173913043478,4.771924825543957,19.26923076923077,9.129654523363758,-16.333333333333332,11.953614051360738,-83.7741935483871,3.452065089463676,58.47826086956522,9.226000901127165,-107.7741935483871,7.298739075454834
3087,47.625,13.474706242932843,25.416666666666668,12.964427827285279,-9.846153846153847,0.455083060238432,-83.0,11.418608294560917,78.41666666666667,16.913792859346742,-109.26923076923077,8.74668153472061
3088,50.130434782608695,24.534455537195367,26.17241379310345,17.15259900989621,-52.67741935483871,29.105356005020454,-84.73684210526316,21.88448646695731,70.6086956521739,27.971630240275175,-122.0,16.16038040198442
3089,49.041666666666664,21.48929804706416,19.037037037037038,17.017379964332935,-10.620689655172415,3.397908008572417,-79.55172413793103,2.7988446741659345,76.33333333333333,19.980546094194278,-105.21428571428571,6.049540377211331
3090,44.40909090909091,6.513336604153685,23.48148148148148,14.430857807645111,-13.17142857142857,11.525092411865547,-69.41176470588235,15.987343610160586,64.0909090909091,12.442263353400453,-93.51515151515152,17.392302742133168
3091,43.06896551724138,4.093148476061772,19.20689655172414,2.7465252071365347,-11.3,2.3685438564654024,-79.2,2.902872140943632,67.58620689655173,9.36433896401961,-100.63333333333334,6.057960786344601
3092,53.44,20.603067732743103,31.814814814814813,24.323494262006324,-28.85185185185185,12.753223858807896,-79.38461538461539,7.590869632337781,76.52,19.333121837923642,-103.61538461538461,9.977192926781806
3093,51.25,12.677665963643083,23.155172413793103,10.104286772314511,-11.35593220338983,0.5752733135076997,-62.267857142857146,7.204886911545751,69.92857142857143,10.528629579215261,-87.01785714285714,7.7517073497865425
3094,46.54545454545455,18.212701044568952,17.62857142857143,9.381092578116029,-20.54054054054054,14.164276714430251,-76.35135135135135,18.490634906755652,75.51515151515152,20.617911030947667,-103.55555555555556,15.791074209545025
3095,43.6578947368421,11.464536430570016,17.166666666666668,15.348207071754677,-13.13953488372093,14.437646840648748,-70.83720930232558,11.395491218854202,72.84210526315789,18.416992033659216,-95.80952380952381,13.72734166898501
3096,39.705882352941174,7.954020114769586,22.6,18.30136606923101,-10.37037037037037,3.346066216034143,-80.62962962962963,17.267284734000537,68.70588235294117,21.515424578884993,-104.33333333333333,20.82733246908441
3097,33.56363636363636,19.2304338686588,8.636363636363637,3.9971063913951843,-64.96428571428571,27.607558673638046,-99.54901960784314,23.579913124530375,64.76363636363637,24.720226268722936,-127.29411764705883,19.281499939261153
3098,47.41379310344828,16.46630256296552,18.1,9.495086448614709,-19.3,9.522429661943777,-64.13333333333334,25.380745107703635,66.58620689655173,16.678537191664788,-93.33333333333333,22.738122662661095
3099,35.28125,7.989189473125544,14.46875,6.279850590380316,-18.34375,19.066674747776553,-74.86666666666666,11.732386325419432,55.8125,11.673788748731065,-97.86666666666666,14.370649100007821
3100,41.111111111111114,19.577166089573982,26.186046511627907,20.220017498156217,-10.592592592592593,0.49135182079339257,-67.57407407407408,3.7545126026425746,76.72222222222223,22.1592858778726,-88.85185185185185,3.865360926118444
3101,32.90909090909091,15.767945306017323,9.875,0.8809322713277489,-51.52,30.71822911562449,-85.42105263157895,32.23812027541257,60.27272727272727,18.824987789883323,-107.21052631578948,23.676723962949954
3102,37.714285714285715,4.3248215723487435,17.964285714285715,4.507788045286124,-24.444444444444443,5.335647646019097,-72.96296296296296,4.6386578636935525,66.96428571428571,19.256691124417625,-115.85185185185185,16.222306781447127
3103,60.166666666666664,18.950960104672504,35.77777777777778,26.811182483673477,-22.896551724137932,6.743297196098569,-86.32142857142857,16.77168866919269,89.0,19.882991056008986,-123.48148148148148,8.35495138346283
3104,55.9,14.44264518708398,19.272727272727273,8.589185332916946,-12.552631578947368,5.388571573349288,-60.45454545454545,24.503668134916367,81.0,19.519221295943137,-101.96969696969697,26.1944764574112
3105,46.916666666666664,11.265421528829812,23.5,15.192808449112645,-14.357142857142858,9.408257337171905,-70.07692307692308,25.30570485532565,68.91666666666667,11.108992853639894,-92.0,21.03842638163284
3106,49.49152542372882,14.02464281711512,14.955223880597014,14.33129634054867,-12.457142857142857,2.115829552179842,-70.51470588235294,9.052936876503967,79.0,15.127704968934271,-96.91176470588235,10.804050566825344
3107,54.166666666666664,1.707825127659933,23.833333333333332,7.998263700467886,-19.742857142857144,13.79511892382407,-86.82352941176471,3.9665556864666387,72.77777777777777,7.84258712667613,-108.5,8.912152971545948
3108,41.648648648648646,5.0842428345700155,16.405405405405407,2.861293030889956,-13.5,6.9990600872733735,-74.13157894736842,1.4173929483679193,56.83783783783784,9.359237418443048,-94.42105263157895,1.8155987695431937
3109,53.72727272727273,9.161092720560728,27.59090909090909,10.534182847495234,-31.133333333333333,21.92370609383571,-85.60714285714286,12.069262273922739,81.0,16.890018569342285,-104.60714285714286,9.193706254491577
3110,40.87179487179487,15.764581345014001,21.45,14.423851774058134,-15.075,11.365270564311261,-68.525,13.896020113687229,68.35897435897436,21.925850776683532,-96.525,15.86503624326147
3111,41.51851851851852,6.130496749677404,17.517241379310345,4.469210295552667,-11.628571428571428,3.01506421903381,-70.11428571428571,5.760810600558762,61.925925925925924,11.664844066922804,-95.91428571428571,5.9970060557459055
3112,47.05555555555556,11.597280438975638,19.22222222222222,4.6254796214441445,-28.047619047619047,23.177320997405634,-82.7,2.5709920264364885,77.55555555555556,27.823296038915586,-106.45,10.42820694079284
3113,52.166666666666664,6.8553651796262285,21.5,8.200609733428363,-13.214285714285714,5.338698406940788,-73.85714285714286,8.373914794144483,70.45238095238095,7.3685379468333405,-96.23809523809524,10.141403875320137
3114,47.470588235294116,1.6844495368560415,21.029411764705884,5.685302486223718,-14.63888888888889,4.441926370004709,-76.97222222222223,7.158856640208806,64.17647058823529,3.476565142538166,-103.66666666666667,8.878813734578134
3115,64.60526315789474,20.236157677838126,26.641025641025642,15.61144744268618,-13.487804878048781,9.992977903336001,-79.78048780487805,17.878331611911136,78.47368421052632,18.566717310546597,-102.04878048780488,13.266409478981473
3116,53.68181818181818,10.947753458364138,24.818181818181817,15.92492718303993,-24.565217391304348,18.07671114507023,-84.30434782608695,17.218379418286162,81.63636363636364,19.81630516552526,-106.73913043478261,19.15887214458492
3117,36.088235294117645,2.5013837001197783,13.485714285714286,2.534013514130483,-10.36111111111111,0.5846545883291441,-68.05555555555556,1.3111581912451054,50.38235294117647,8.033073933221889,-94.94444444444444,2.4714418243928025
3118,40.40909090909091,14.137825121763026,14.04,7.33473925916934,-13.12,1.1426285485668561,-74.12,3.983164571041473,67.27272727272727,9.724298610752056,-96.16,7.841836519591568
3119,21.3,2.4310491562286436,9.476190476190476,0.7315376902732007,-73.47619047619048,21.790384615192192,-119.84615384615384,36.46040244903452,52.25,18.790622661317,-153.07692307692307,32.72839637064552
3120,47.77777777777778,16.232873215777488,37.53846153846154,31.38254140960295,-19.41176470588235,7.70835164747349,-70.05882352941177,10.940860210482937,72.44444444444444,22.061082430939134,-95.76470588235294,10.56926405009136
3121,49.84615384615385,21.34759754877669,11.461538461538462,8.258161941907966,-13.05,7.562902881830495,-77.925,28.2775418839757,73.76923076923077,19.92866964368817,-100.8,22.920732972573106
3122,61.10526315789474,12.850946050950183,40.52173913043478,13.121073541767412,-33.1,16.561702811003464,-85.46428571428571,9.325395981087432,80.0,13.875385248326392,-106.03571428571429,11.88481066276598
3123,56.0,8.349004872015657,27.323529411764707,10.714807204313363,-21.571428571428573,10.439720068183858,-72.82352941176471,4.003458712276132,75.91176470588235,14.532656222652937,-97.41176470588235,10.137634156822678
3124,46.95454545454545,18.738577788099636,17.185185185185187,8.709454365003403,-24.714285714285715,16.982884541412236,-78.85714285714286,24.171580546634697,69.54545454545455,17.99425987446419,-99.75,22.41750750768566
3125,40.72222222222222,14.157077364561262,10.208333333333334,0.4061164310337068,-43.43478260869565,28.522799556108765,-90.88888888888889,23.33783025449569,80.94444444444444,10.458766775731057,-108.55555555555556,18.315816547521685
3126,51.59375,11.578156629511453,21.515151515151516,11.314033153087557,-30.696969696969695,11.740850334402502,-84.6875,9.888242702826423,71.46875,12.21163475696436,-108.53125,9.99369918686269
3127,31.5,19.22533839399547,9.241379310344827,0.42791978089623645,-72.24137931034483,7.175894380944334,-101.4,25.819372571772536,55.77272727272727,15.687087388798524,-120.0,25.274493071078595
3128,43.9,19.087692369692046,24.072289156626507,16.369073935527016,-20.22093023255814,5.344854432265602,-64.46511627906976,5.401760424542503,66.5,18.06169980926491,-90.30232558139535,12.709701263978557
3129,29.344827586206897,11.450872160937593,10.819672131147541,10.52944068808868,-69.49152542372882,12.701758694931534,-101.82857142857142,20.544704864251123,49.89655172413793,9.12308488202132,-119.42857142857143,14.361228984985363
3130,52.3448275862069,8.603430999913552,21.066666666666666,8.827734074432062,-17.966666666666665,9.624563482164904,-77.17241379310344,14.878980697191457,73.65517241379311,11.543847031237823,-100.41379310344827,15.091713280813986
3131,22.52,1.4176036117335482,10.04,0.44542114902640173,-77.68,20.125049068263163,-120.24,5.968450385150236,47.28,12.751533241143987,-145.2,9.54567965102538
3132,35.10344827586207,11.142787454103422,15.21875,2.814409074299612,-9.705882352941176,1.5440476174596098,-75.20588235294117,8.53980097496666,57.758620689655174,15.771329667368358,-96.32352941176471,8.068532151058479
3133,28.431818181818183,13.663817061649166,8.622222222222222,1.2163495274136895,-51.15555555555556,15.050958707826267,-89.54285714285714,15.551468202883807,49.56818181818182,19.006455514894654,-115.55882352941177,8.041038769852431
3134,44.45454545454545,17.25511063352555,20.580645161290324,16.754920689925765,-22.49230769230769,8.87194901303771,-72.5,17.95042456142706,70.18181818181819,20.690877136898155,-102.61290322580645,18.74734806081157
3135,36.88235294117647,2.1249872786104054,11.571428571428571,8.492974287309364,-14.971428571428572,7.922790685414952,-74.6,1.8852813355798426,55.294117647058826,8.294326238511786,-96.65714285714286,2.203151731275086
3136,54.474747474747474,13.750550721271173,23.066037735849058,12.356549609932658,-10.962962962962964,5.530933090399857,-64.54205607476635,9.744665805475682,71.32323232323232,11.117215953744333,-84.91588785046729,7.69162853012068
3137,24.8,2.4819347291981715,9.233333333333333,0.4229525846816507,-56.93333333333333,11.087330106427286,-100.0,17.173623185959723,47.06666666666667,10.220676211592961,-115.9,18.37997098292958
3138,52.0,25.67748689676101,13.296296296296296,15.749931957089506,-34.148148148148145,20.449945583018614,-109.62962962962963,33.56822588031299,84.83333333333333,18.711998527385813,-132.59259259259258,29.375297330894604
3139,44.8,2.4,16.814814814814813,9.14912275510219,-25.161290322580644,2.6039272349174922,-77.86666666666666,4.256237253203297,64.36,5.2830294339516986,-95.3,7.82368199762746
3140,49.785714285714285,1.2351154618421845,11.607142857142858,3.97617265465068,-11.214285714285714,0.48968961431436026,-73.53571428571429,2.441927559138811,74.64285714285714,13.61515512139292,-99.14285714285714,3.3027508633419695
3141,44.09090909090909,16.58506746473819,13.309090909090909,7.086152250622918,-16.21875,8.743691922609122,-73.515625,7.4916457377117744,75.10909090909091,18.06319485208702,-98.09375,12.777811273355855
3142,41.82089552238806,2.285093636896076,15.17910447761194,2.50328365328141,-10.059701492537313,1.325756297982236,-70.71641791044776,1.2673390874838077,66.49253731343283,8.206973980722097,-89.55223880597015,2.83519238911052
3143,44.148148148148145,7.357051058294242,18.678571428571427,8.872322821273917,-20.548387096774192,14.219111876619916,-65.63333333333334,8.538084614765122,70.29629629629629,15.182384565587636,-85.37931034482759,7.471388151052393
3144,40.45454545454545,2.7313101428469695,16.0,4.049691346263317,-9.628571428571428,0.5897076411585798,-80.68571428571428,13.968886710055578,59.72727272727273,9.699336832290438,-102.28571428571429,11.108738975808778
3145,,,,,,,,,,,,
3146,67.10344827586206,17.67785450312146,38.1,14.211145860438794,-14.161290322580646,7.833331488328282,-93.29032258064517,17.753134295534874,84.13793103448276,17.884156228216185,-121.48387096774194,15.370417686397413
3147,40.083333333333336,11.101488889133545,13.0,3.265986323710904,-9.428571428571429,0.4948716593053935,-73.3,12.39395013706284,69.80555555555556,17.55280832935042,-93.225,10.668850687866993
3148,47.75,16.80520076426559,16.57777777777778,11.793574312384198,-14.787234042553191,13.135846958921329,-63.08510638297872,14.96496587741138,73.56818181818181,17.700022762277,-96.04255319148936,16.216562910498308
3149,37.42857142857143,1.5907898179514348,22.0,15.832456116050556,-24.692307692307693,8.221777979007623,-74.33333333333333,4.9385107966763515,62.142857142857146,11.55642766637525,-100.08333333333333,8.200186312246544
3150,32.6764705882353,10.665283395024897,11.735294117647058,5.231740366879456,-30.029411764705884,17.874538733855395,-60.93939393939394,31.042433708422113,52.0,14.54000566388756,-85.39393939393939,25.619523088243746
3151,49.958333333333336,23.957391285827057,23.833333333333332,17.808393776219372,-12.038461538461538,7.277366224919399,-77.61538461538461,2.338259100549333,71.75,24.029929254993657,-99.84615384615384,10.354086178495713
3152,43.94736842105263,13.11477143975058,15.894736842105264,7.4331741243110185,-23.487179487179485,10.24287568513441,-68.48717948717949,8.667273533600165,69.13157894736842,17.55768095919333,-97.56410256410257,12.877718526626488
3153,56.17857142857143,20.424169106073066,33.3448275862069,24.66083850976597,-22.714285714285715,21.595067464018495,-78.60714285714286,17.583147950146316,79.28571428571429,11.879926475413242,-104.75,14.804982269492928
3154,72.5,10.404326023342406,34.51851851851852,15.737123767444904,-28.678571428571427,11.383112715862952,-98.64285714285714,2.780214350861223,90.25,10.128548760804778,-117.75,5.2141634036535525
3155,41.06896551724138,1.2298313448363454,16.06896551724138,2.448518686355411,-9.89655172413793,0.40213461343760687,-83.6896551724138,11.779887735182696,57.241379310344826,7.596075086397752,-104.06896551724138,7.04140970644255
3156,35.107142857142854,13.422633565613518,17.451612903225808,12.034463172495732,-31.3125,8.251657030560589,-79.0,15.083103128998356,58.964285714285715,16.95894652821745,-97.5,16.194134740701646
3157,49.21739130434783,16.170172545499593,29.357142857142858,17.397073410930535,-33.25806451612903,16.800475688226104,-76.33333333333333,13.936363306911245,74.52173913043478,10.652085181529284,-98.63333333333334,15.179994144340842
3158,49.53333333333333,15.062241237980196,27.11320754716981,16.101869547328604,-21.724137931034484,11.852241317862083,-70.41509433962264,9.221455625823104,68.62222222222222,11.458696627237398,-90.49056603773585,7.096697721301494
3159,58.857142857142854,10.762747543907064,35.25,21.975839005598854,-25.5,16.36001222493431,-89.11111111111111,16.742789124107162,73.71428571428571,10.819483559292278,-109.0,20.661289623082315
3160,50.45161290322581,18.659666196366793,16.258064516129032,7.963496322172631,-15.483870967741936,9.57776648400139,-65.06451612903226,18.400447897548176,77.25806451612904,17.659809924698592,-98.35483870967742,21.478493950771785
3161,39.41379310344828,1.7123736576462256,12.206896551724139,3.5755810749836474,-20.6,9.83734381493975,-81.23333333333333,4.294828932047882,63.206896551724135,14.76804404284357,-106.83333333333333,7.285068443207807
3162,49.93103448275862,17.379994513079485,24.696969696969695,15.319792799621155,-23.606060606060606,15.97903815123899,-70.78125,12.131401338571731,72.51724137931035,14.116805073863569,-97.125,10.614700890745816
3163,47.5,14.89069369172201,20.476190476190474,10.20715146566778,-8.5,0.5590169943749475,-60.73015873015873,7.43694413519712,65.51724137931035,11.286613033559812,-81.80952380952381,6.678221279336461
3164,44.05,15.932592381655912,22.261904761904763,17.196427541248383,-22.4,7.304184493227913,-71.3409090909091,3.1329856644347607,66.95,16.980797978893687,-95.72727272727273,10.012182661782225
3165,37.375,1.7633419974582356,11.84375,1.0340870067358936,-11.333333333333334,1.1720654306553768,-73.03225806451613,2.0077892025284436,53.6875,9.101639618771994,-97.3225806451613,5.4677181462989966
3166,51.132075471698116,7.80671635328959,28.303571428571427,14.682253187895562,-18.596774193548388,17.537480303641814,-83.22413793103448,8.162240867615647,67.79245283018868,8.205746929004658,-105.27586206896552,9.028294801093827
3167,47.22784810126582,14.290786061494583,18.50632911392405,10.14187136967462,-30.1875,11.829088880805656,-64.9873417721519,13.128858609066622,73.70886075949367,15.226685351822207,-94.35443037974683,14.966661664659675
3168,40.44444444444444,17.6096213880963,19.21875,13.671901785688046,-22.12121212121212,14.415390714089336,-73.87096774193549,24.244376714803003,60.111111111111114,17.80622723642102,-101.45161290322581,17.613848491708612
3169,31.88235294117647,0.47058823529411764,10.588235294117647,0.4921529567847503,-10.542857142857143,0.5525451315946777,-71.57142857142857,8.957951660909076,42.44117647058823,1.0056071174869858,-92.17142857142858,0.9406901504659616
3170,35.785714285714285,11.31904361239587,24.408163265306122,18.16243978862381,-17.83050847457627,2.9639217170572225,-75.73076923076923,13.33750551094311,62.642857142857146,11.321747779787168,-90.3076923076923,3.682278044585055
3171,44.875,7.716662167025326,19.65625,3.8617464879895986,-9.647058823529411,0.9965337850645539,-80.55882352941177,12.022506287769051,67.21875,10.033488846732228,-104.58823529411765,7.538597338165079
3172,41.294117647058826,1.7578297408804628,15.794117647058824,5.4003235837946395,-9.514285714285714,0.4997958767010257,-78.42857142857143,11.089984450036024,59.88235294117647,7.218296629286836,-100.37142857142857,9.301568882369757
3173,43.785714285714285,16.49319587599934,20.677419354838708,8.876889519072485,-23.129032258064516,13.943993817396958,-59.67741935483871,24.122519390133515,64.57142857142857,15.857464604200427,-90.06451612903226,20.210082893751835
3174,51.575,10.899283233314014,16.829268292682926,7.660167606344349,-9.097560975609756,0.3698963631244659,-79.73170731707317,3.154743932586346,67.8,11.300884921102417,-99.8048780487805,5.142930322510803
3175,58.80952380952381,17.305707970050552,31.27906976744186,16.73226319697389,-24.46808510638298,7.073628169625444,-79.3913043478261,12.276662662334731,77.42857142857143,13.220011629457563,-97.3695652173913,13.603641928689814
3176,59.87096774193548,14.295819229780863,23.516129032258064,11.875349822329676,-12.105263157894736,0.6801498938589517,-87.10526315789474,3.1854064739734755,83.7741935483871,15.241517318039152,-113.57894736842105,7.748112092453871
3177,56.61290322580645,15.522465341593046,25.636363636363637,9.741564126224512,-23.11111111111111,13.116524306253664,-72.22857142857143,16.110485874176508,82.29032258064517,19.29264200102756,-98.37142857142857,14.061265365302988
3178,43.63333333333333,13.656459603018964,19.36842105263158,12.629166436283365,-32.578947368421055,23.415729732211354,-59.97142857142857,22.419998361521177,64.16666666666667,13.696917739241758,-93.05714285714286,13.31367257938321
3179,45.65625,20.728316042011226,23.0,19.129674446901717,-25.4390243902439,8.98521490299835,-70.525,4.780101986359705,71.96875,24.594822085908653,-96.38461538461539,10.728862067448132
3180,44.43589743589744,12.787804430132905,14.25,3.337289319193048,-10.853658536585366,0.6829268292682926,-68.04878048780488,7.227829750556794,61.8974358974359,20.374437065427607,-92.3170731707317,2.6908972516683516
3181,41.857142857142854,8.979000444347458,18.266666666666666,12.393367401782115,-12.483870967741936,2.1231590544392693,-78.09677419354838,7.965064196771352,66.14285714285714,12.930347155085219,-100.06451612903226,9.294242004773075
3182,40.361111111111114,14.765110485679442,12.81578947368421,3.455394433710973,-11.35,0.9096702699330126,-75.475,11.817333667117977,60.861111111111114,21.616805162467898,-97.95,11.074633176769334
3183,63.333333333333336,16.053729230998705,25.04,16.633652635545808,-30.04,17.140548415963824,-100.52,21.845127603197927,85.29166666666667,13.346282774199299,-129.68,20.458191513425618
3184,38.357142857142854,14.38306118250186,15.5,8.982125106486295,-22.233333333333334,9.827455870615186,-79.26666666666667,7.611103000806709,62.642857142857146,19.4426157222337,-101.13333333333334,8.503855334820528
3185,42.333333333333336,13.548267621934384,20.36,14.150279149189954,-8.96551724137931,1.0980471260752176,-78.13793103448276,13.07728786057519,68.25,14.844331128975352,-100.3103448275862,6.237281947129733
3186,46.13333333333333,12.953077712351694,20.40625,11.002441135379911,-9.6875,0.46351240544347894,-90.5625,3.2493989828889895,69.76666666666667,13.37580734842657,-113.1875,5.801064018781382
3187,40.6551724137931,21.307722191033783,12.432432432432432,11.931200389395912,-47.44117647058823,21.472542215679823,-98.76923076923077,21.967296833646028,72.44827586206897,20.45446786518872,-122.53846153846153,19.13360066888125
3188,39.36363636363637,22.987240442047316,11.125,1.4523687548277813,-33.851851851851855,27.14256422792329,-82.04545454545455,32.150890377501455,65.77272727272727,26.283302369966265,-117.81818181818181,25.45162320888281
3189,45.293103448275865,2.785483432874031,18.0,7.401328327871231,-9.35,5.96329047869826,-69.15,1.9306734576307825,77.79310344827586,7.512652822909782,-89.53333333333333,5.245527195197405
3190,58.43478260869565,20.22659911871649,22.0,8.766193806102729,-15.851851851851851,12.560088769749125,-41.81481481481482,24.167681261517398,73.65217391304348,19.608358234829517,-90.4074074074074,28.985640454158037
3191,34.88,10.049159168806115,16.074074074074073,11.987419102344496,-24.91176470588235,18.153540648101785,-75.54838709677419,19.046358909805406,50.64,10.895430234736029,-102.45161290322581,14.966281908768682
3192,42.30952380952381,7.258781529778407,15.093023255813954,8.920355487463208,-17.40909090909091,13.29442497956155,-78.32558139534883,12.643080523634092,76.80952380952381,19.47310489005174,-101.27906976744185,13.843520155562244
3193,37.78947368421053,22.626437604500627,9.458333333333334,0.8650224788344456,-44.625,24.68436161486323,-81.94736842105263,33.262075265526185,64.94736842105263,21.177131867356916,-107.42105263157895,27.494144428211168
3194,45.02325581395349,14.645403076055661,10.568181818181818,4.114264140947637,-8.847826086956522,1.8992835182767558,-56.391304347826086,4.40097944073898,67.02325581395348,16.655871751976242,-81.80434782608695,13.501400193437895
3195,50.916666666666664,8.915887816451907,20.52,9.381343187411918,-18.896551724137932,6.121442401502346,-79.89285714285714,11.629209792937921,71.91666666666667,11.975379836239943,-100.07142857142857,14.144480426322215
3196,60.0,3.867366253554276,25.68,13.719241961566244,-11.185185185185185,6.67797394999543,-83.18518518518519,1.9633123378812698,85.26086956521739,10.971177223918998,-106.29629629629629,6.127139474047472
3197,54.48275862068966,16.489538354624507,26.161290322580644,14.966838126216171,-31.40625,15.194282179079734,-79.5625,26.711347658813473,67.17241379310344,15.969947996195511,-99.5,23.76446927663229
3198,47.03225806451613,4.67307918771906,21.29032258064516,7.198537254582986,-9.5625,0.5555121510822243,-77.25,9.430668056930008,63.25806451612903,9.353170040274541,-100.90625,5.928529407660891
3199,88.25,3.4478254016118624,50.27272727272727,16.082689220462584,-21.64,21.080569252275897,-105.24,1.1412274094149684,108.95,5.8691992639541555,-124.5,11.828637565952668
3200,41.29032258064516,2.6663197831963648,17.53125,8.714156496041369,-11.121212121212121,1.03740865264386,-73.625,3.3236839500770827,59.96774193548387,7.777070810081108,-91.9375,4.457700500257952
3201,33.61764705882353,3.3344432984722716,11.714285714285714,2.803787525793622,-22.027027027027028,6.015684394065173,-70.58333333333333,1.7219981933143187,48.911764705882355,10.401831419793975,-92.16666666666667,4.106228331584973
3202,39.645161290322584,12.113837428001496,17.580645161290324,4.248523034051208,-28.3,10.007164100449904,-77.0,15.733192089761484,58.38709677419355,16.65141167967805,-98.0,20.04827507127068
3203,36.44444444444444,1.617802197617893,13.607142857142858,3.2441076883909927,-12.0,8.9925895417653,-80.6,11.551623262554921,63.03703703703704,19.5134929224797,-103.43333333333334,12.441016392919387
3204,43.18181818181818,3.4855071841237844,14.454545454545455,3.1439302665073785,-23.2,4.6,-75.3,3.4365680554879168,67.72727272727273,13.824161385651173,-102.3,5.386093203798092
3205,40.85,3.2291639784935047,19.142857142857142,7.311346135488674,-21.095238095238095,7.897587105323233,-81.76190476190476,1.8491893179950094,80.85,22.725041254087966,-103.38095238095238,3.552010704566003
3206,39.95652173913044,10.75206051382737,17.833333333333332,13.271732701078971,-11.958333333333334,2.3713422125220327,-79.41666666666667,2.7373446176094736,73.17391304347827,21.8664964568352,-102.83333333333333,10.975983884017971
3207,44.714285714285715,11.109841197270617,20.363636363636363,9.424076779212692,-11.59322033898305,9.744391944866521,-77.84745762711864,11.670350029349015,67.61224489795919,15.461362411297861,-101.05084745762711,8.867047602224805
3208,43.457142857142856,10.562312671928995,15.428571428571429,4.981598792617913,-15.17142857142857,5.997550520412309,-63.470588235294116,8.49994911444162,60.48571428571429,12.189858615309058,-90.0,13.409829581756984
3209,58.03703703703704,16.751962807012113,25.34375,9.36285671883854,-15.424242424242424,11.428381213161893,-38.53125,14.956153363666074,75.14814814814815,17.106861745886267,-90.34375,10.953336749023103
3210,44.529411764705884,5.94205002314089,11.705882352941176,9.083046300873194,-12.857142857142858,4.642307659791977,-48.0,7.2844011421667325,58.11764705882353,7.794284126967859,-84.5625,14.376494487530678
3211,68.54166666666667,18.57861487182388,23.166666666666668,18.689717910004838,-11.96,8.941946096907541,-91.36,19.993759026256168,88.875,10.532934459747356,-114.04,18.781863592306273
3212,52.95454545454545,17.36107786957332,22.692307692307693,16.867741700037133,-18.0,16.677774076541155,-85.92592592592592,7.92055893054845,82.81818181818181,16.661431684735977,-112.96296296296296,10.093934671215997
3213,43.285714285714285,9.000755826161317,21.46511627906977,6.86531165033654,-21.571428571428573,9.479031639166868,-87.94642857142857,4.193616078794831,72.69047619047619,18.73434342545173,-110.69642857142857,8.430217000378423
3214,43.37931034482759,14.542242375833212,17.225806451612904,13.658766952848138,-14.375,7.647507763971214,-83.80645161290323,13.68639389070509,64.65517241379311,16.999545353086734,-105.87096774193549,17.20979079081078
3215,33.25,4.963617632332289,11.391304347826088,13.07416679674508,-10.282608695652174,4.168531403776659,-59.70454545454545,11.55339294016057,71.625,16.136430057481736,-80.5909090909091,9.041113622623602
3216,69.15,14.500948244856266,31.15909090909091,14.625543007507886,-22.977777777777778,26.263188338973528,-74.77777777777777,16.78079443078888,83.675,14.833050090928703,-92.79545454545455,15.38975388995511
3217,88.0,2.7136021011998723,49.78260869565217,10.303889184436224,-11.75,1.6393596310755,-89.0,9.742518497116988,106.72727272727273,5.462115958472656,-119.25,16.763676008958576
3218,37.11538461538461,1.7612697141315865,17.74074074074074,3.727700041507002,-10.90625,0.38400642898264087,-73.59375,1.114096466873493,58.53846153846154,10.115603975392782,-95.15625,1.8389768724755622
3219,46.175438596491226,2.669665903386282,17.31578947368421,4.18501040572536,-15.448275862068966,5.327781494021507,-70.43103448275862,3.6156368684269418,70.96491228070175,13.555558078399677,-96.05172413793103,3.883752246231345
3220,48.72222222222222,11.720379002004043,16.416666666666668,8.00824228182717,-21.783783783783782,8.157686261584209,-74.61111111111111,5.9594825361574335,74.30555555555556,20.79238568488801,-96.75,6.86122357082823
3221,43.291666666666664,10.94485863570451,12.84,3.562920150662936,-16.464285714285715,7.418519985516666,-80.32142857142857,2.4648032582826596,78.0,20.74849392124643,-101.5,2.2440397246292867
3222,29.923076923076923,19.43811299191335,8.290322580645162,0.5788502724169795,-46.09375,22.758733728779816,-86.12,24.219529310042336,52.46153846153846,25.64585851890316,-117.2,17.39425192412712
3223,36.23809523809524,16.549794307180296,11.466666666666667,5.445079328062071,-45.2,20.887635896226584,-73.04,34.67157913911623,55.666666666666664,15.378814535195373,-97.16666666666667,27.799380488700745
3224,44.31578947368421,15.901183774466695,19.541666666666668,13.54615310296207,-14.666666666666666,6.787788599689452,-73.74074074074075,1.9358717548699231,87.05263157894737,22.087085257680684,-96.22222222222223,9.990118574661787
3225,36.61538461538461,17.162295263111655,13.793103448275861,11.272117906265297,-47.3448275862069,26.777854800728417,-76.69565217391305,38.8636801303006,63.53846153846154,19.061097654305804,-106.91304347826087,29.756859703821107
3226,39.02777777777778,9.627755337538764,21.0,15.889499377771173,-12.767441860465116,7.0902396367883735,-81.0,6.415823462165587,68.91666666666667,18.4321202132461,-102.3953488372093,9.276475711308613
3227,44.41935483870968,9.506446687171026,18.451612903225808,6.142599584590201,-21.823529411764707,6.002306361799575,-76.94117647058823,12.456845924254775,64.7741935483871,11.910173686930918,-101.3030303030303,12.585428920791447
3228,54.23076923076923,9.881247555568976,26.214285714285715,13.686169094739254,-22.533333333333335,25.921333984877315,-83.60714285714286,21.444845011121444,72.65384615384616,13.149853195121777,-106.78571428571429,14.661312411672192
3229,50.916666666666664,14.494012173614623,16.785714285714285,10.008414826881365,-37.4,23.78178574735996,-92.5,33.05568894197444,75.75,10.97060466276434,-125.85714285714286,25.73174010788217
3230,58.42857142857143,14.962083597488396,30.1,20.849220608934043,-16.341463414634145,10.589018140294726,-73.17948717948718,4.431077861995478,80.57142857142857,14.74730460786916,-98.3157894736842,9.248343416833022
3231,56.457142857142856,8.593495404391982,25.55263157894737,14.139711469588525,-13.5,4.423323351698834,-69.43243243243244,17.247860095300407,83.6,11.299051793339626,-99.67567567567568,17.50066261919902
3232,55.86206896551724,21.10192692285026,18.482758620689655,11.272856290299101,-21.379310344827587,13.507121475683059,-45.827586206896555,19.564339419776573,72.89655172413794,14.653103302210615,-83.10344827586206,19.679053852337177
3233,27.28125,6.5155313242666555,11.105263157894736,0.4465937565388721,-55.39473684210526,15.803962650457754,-101.30555555555556,14.309708135164051,51.78125,16.417853039831364,-125.02777777777777,13.35516153051594
3234,48.291666666666664,8.423573898424719,22.541666666666668,11.390709542819923,-10.461538461538462,0.9294650748918901,-101.84615384615384,17.053518264777523,70.41666666666667,15.069054014399475,-128.8846153846154,8.666145106442492
3235,38.8235294117647,14.809517186861916,12.142857142857142,7.079720967636496,-25.352941176470587,20.109819598660188,-66.54545454545455,27.70853813176453,57.76470588235294,15.72382759779754,-91.0,19.541622245862804
3236,34.5609756097561,19.876507496733367,15.488888888888889,9.052003393288073,-38.888888888888886,22.18930895946887,-70.07894736842105,28.267874251196186,56.63414634146341,17.71144882253336,-100.28947368421052,19.37566011742954
3237,45.8235294117647,19.534992115560666,16.294117647058822,10.236984309398204,-21.52777777777778,21.939925695092334,-79.05555555555556,18.25885545342686,75.38235294117646,21.832267950797796,-102.58333333333333,16.69060780465735
3238,33.125,12.849489289462053,17.2,13.196969349058895,-35.333333333333336,36.88420318299481,-62.333333333333336,19.11078811096555,64.5,15.049916943292411,-98.33333333333333,18.427033281447002
3239,53.02564102564103,18.88220866520296,18.205128205128204,12.685908772879452,-11.75,8.814051281902097,-57.28947368421053,18.428964466348592,78.0,18.783517051407408,-90.45945945945945,14.804299219601434
3240,51.67391304347826,14.925983104794554,25.54,11.990346116772443,-19.30188679245283,9.953827187835703,-60.24528301886792,13.199350556318276,69.15217391304348,14.003054622201649,-86.18867924528301,13.29925037435411
3241,29.517241379310345,2.6079545380950395,14.666666666666666,1.6996731711975948,-10.419354838709678,0.661093597803845,-81.51612903225806,1.8985727702660853,60.37931034482759,13.884781530332603,-101.41935483870968,3.5900776660516747
3242,58.8235294117647,17.81352854736979,30.565217391304348,24.34860247209366,-27.958333333333332,18.13256547087465,-71.875,35.23174763855274,81.88235294117646,14.478716033995543,-118.66666666666667,24.646951580717282
3243,40.7,3.257299494980466,19.714285714285715,16.17947805722056,-30.714285714285715,13.83282107075452,-70.6923076923077,15.587887878757343,67.9,12.259282197584001,-101.46153846153847,15.435301121457242
3244,37.57377049180328,6.3978967250732515,15.573770491803279,4.0263843618429185,-13.11111111111111,6.614344947377058,-64.84126984126983,6.700405932280851,56.49180327868852,10.330002381761698,-86.31746031746032,11.024972226614981
3245,40.142857142857146,8.201542911089899,10.6875,0.982264602843857,-72.96875,7.518661678616747,,,59.142857142857146,8.757504070853772,,
3246,46.6,8.654863757833898,24.904761904761905,20.556321613475593,-9.0,0.2581988897471611,-68.27586206896552,2.4899321653152686,79.4,15.447977213862014,-90.62068965517241,2.497085102100921
3247,40.535714285714285,7.618033786713616,17.357142857142858,8.018791704999156,-10.96875,0.5294085733155443,-79.46875,10.942989693749144,64.92857142857143,15.544701833809512,-101.25,2.9895651857753496
3248,39.18,13.909263100538434,16.85483870967742,10.675336021293841,-41.9375,21.507901890933017,-70.0,29.40368893654201,60.8,12.124355652982139,-100.23076923076923,17.91820666745182
3249,41.5,3.082207001484488,20.375,4.432949544791444,-11.758620689655173,6.300821908147587,-74.82758620689656,1.2336926772412635,66.95833333333333,15.53619206526776,-96.51724137931035,3.673020833753098
3250,23.060606060606062,4.760566517977086,9.705882352941176,5.344207484110062,-76.8529411764706,8.398642582693581,-96.66666666666667,26.183115848873975,49.57575757575758,9.522001008924425,-111.66666666666667,13.161391348266424
3251,53.6,17.843019176510833,28.41176470588235,21.559926943915876,-14.777777777777779,15.112745009706048,-68.77777777777777,7.352668114029201,72.13333333333334,17.83953163311439,-93.44444444444444,12.928101270841585
3252,30.866666666666667,9.704752558526271,8.58695652173913,0.4923805066480923,-59.608695652173914,0.9885927826871368,-90.53125,3.5176730145793824,43.766666666666666,12.224792659000624,-109.375,6.868178433908077
3253,44.36842105263158,19.642088339813323,18.2,13.208330704521293,-9.75,0.5951190357119042,-75.91666666666667,12.06205022189659,73.57894736842105,20.787941315943833,-99.83333333333333,16.989375765133012
3254,27.322580645161292,10.196100129775088,8.625,0.4841229182759271,-70.63333333333334,6.625623660372576,-109.22222222222223,6.178417233092374,60.38709677419355,8.95752492944354,-121.0,5.477225575051661
3255,45.36842105263158,13.598415257188067,16.842105263157894,6.28082426617748,-23.0,6.422616289332565,-73.0,6.697014260101288,68.94736842105263,18.904117302046373,-94.15,8.804970187343056
3256,32.5,12.925611342270376,11.083333333333334,6.856363629667131,-52.266666666666666,23.43634404556782,-92.12244897959184,30.18151390764885,61.19642857142857,16.475544260311082,-113.87755102040816,28.17918804544336
3257,53.19230769230769,18.09381371282893,33.65714285714286,27.251152381549833,-18.53846153846154,16.291961450038677,-74.25714285714285,31.12403100696388,77.07692307692308,19.92857067112649,-104.31428571428572,29.84892573187415
3258,60.86363636363637,9.516948778342078,17.90909090909091,5.892283790217746,-30.73076923076923,4.468330374016781,-84.76923076923077,2.926111784863113,92.0,11.973455489692038,-110.34615384615384,9.084823810544652
3259,49.55172413793103,2.02716392506194,23.275862068965516,5.084774783770141,-23.225806451612904,4.513132646523883,-73.70967741935483,1.7449197853288412,69.24137931034483,9.31315411001092,-94.74193548387096,6.395400272148645
3260,31.64,18.518920054906012,10.0,1.6035674514745464,-44.964285714285715,20.139659067296517,-87.33333333333333,25.39278737739618,53.2,18.568791021496256,-106.61904761904762,21.572637409627415
3261,63.81818181818182,18.903189638587364,27.85185185185185,16.619274182358943,-37.25925925925926,19.196050119543962,-79.4,23.320377355437454,80.0909090909091,13.704375846983032,-107.32,19.474537221715952
3262,41.111111111111114,1.7284832429004493,19.703703703703702,3.076973197861277,-17.258064516129032,4.1888310936729765,-67.09677419354838,2.190225186679736,63.22222222222222,14.540704892316331,-89.0,4.457686366483793
3263,33.27777777777778,12.348214245862774,11.944444444444445,2.943396039766579,-23.405405405405407,10.545806030628787,-75.75,11.28266861656014,59.44444444444444,13.575804548379534,-97.27777777777777,10.634354995618658
3264,58.12,19.914457060135987,31.548387096774192,25.156078864762613,-38.64705882352941,34.23524358193157,-55.925925925925924,28.88024562059028,87.08,17.76045044473816,-105.85185185185185,24.051955651146514
3265,48.107142857142854,17.722744236300034,33.470588235294116,25.6552199643403,-22.82857142857143,11.04661736017143,-81.70588235294117,28.675188508293356,75.0,19.61777619551061,-101.08823529411765,27.005846477098927
3266,23.65,14.7369433737122,8.5,4.0,-46.45,26.362805237682885,-89.625,21.224617193249916,41.5,15.03662196106559,-114.325,14.481691026948475
3267,41.166666666666664,18.374952758820605,20.166666666666668,12.33445940805226,-10.846153846153847,0.9483713850721502,-76.0,18.79034121768211,57.583333333333336,21.464926171677263,-98.53846153846153,18.483320483470347
3268,37.0,1.3416407864998738,16.0,2.32379000772445,-22.416666666666668,9.699298370959049,-75.75,1.0103629710818451,70.2,22.39106964841117,-98.0,1.1547005383792515
3269,43.93103448275862,2.1644627346862366,19.7,6.12181890181886,-10.25,3.400367627183861,-69.8125,1.6092991486979666,62.93103448275862,9.209931051008372,-91.8125,3.477045261425281
3270,34.51111111111111,3.658306968604905,10.12087912087912,2.1980769059087395,-9.43010752688172,0.5163529980018482,-64.63736263736264,2.2508434732387803,60.077777777777776,18.49638269607077,-88.91208791208791,5.026628764840726
3271,29.633333333333333,8.352577779078478,11.32258064516129,6.532238152100276,-9.78125,0.41339864235384227,-79.21875,1.8325933639244687,48.1,13.034185820372517,-98.8125,2.6272311946229627
3272,131.6153846153846,45.59949132904286,44.285714285714285,39.25089365939615,-42.07142857142857,32.24119876740292,-104.0,56.77524611508586,161.23076923076923,44.52337993623963,-210.07142857142858,74.8030406999554
3273,38.785714285714285,19.52963037502333,20.1875,10.874101974416094,-32.296875,27.41217777255895,-55.30357142857143,34.27718923031193,63.11904761904762,20.088141942748667,-105.53571428571429,16.224941432553646
3274,47.92,6.817154831746159,21.733333333333334,10.223937054231548,-21.03125,4.081087286189796,-77.13333333333334,6.825117011613957,65.84,10.050592022363658,-95.43333333333334,7.6667391300923295
3275,50.22222222222222,3.78756901090207,24.987654320987655,6.021553524089027,-27.914634146341463,12.78261130189835,-81.8695652173913,17.821915383227083,70.65432098765432,11.51934550377054,-103.08823529411765,19.52429504196792
3276,44.515151515151516,0.8570991287109666,11.090909090909092,0.51425947722658,-52.36666666666667,41.35334193132266,-59.166666666666664,7.617596588017627,59.121212121212125,10.179473034397944,-104.44444444444444,10.970780495997449
3277,34.67123287671233,18.96720659130583,15.881578947368421,14.250546716440445,-45.94736842105263,21.473297210135016,-88.86153846153846,25.83847871389724,62.06849315068493,21.413303231020937,-116.578125,15.31421387092315
3278,51.4,9.591663046625438,21.310344827586206,9.469018258385907,-10.935483870967742,0.6188169707500285,-66.8,16.56180344447226,74.28,10.656528515421895,-95.5,21.68524844220144
3279,43.41935483870968,8.601478468369926,16.903225806451612,4.168660639780673,-12.741935483870968,5.471142723921126,-73.83870967741936,14.444770845765623,66.6774193548387,13.775591075133685,-98.06451612903226,15.305355343317702
3280,31.071428571428573,1.2226601977588347,13.357142857142858,1.9126325484279834,-11.5,0.6123724356957945,-75.86666666666666,1.309792180292567,42.142857142857146,1.1248582677159729,-97.26666666666667,1.5260697523012794
3281,43.15,21.433093570457814,17.32608695652174,13.9721062926571,-24.106382978723403,21.038196309057337,-53.214285714285715,32.333482361673525,65.6,21.439216403590873,-92.0952380952381,18.04730493507275
3282,38.225806451612904,7.110690168486913,15.774193548387096,5.751351467653016,-9.387096774193548,1.8952813963314044,-87.16129032258064,12.250337122928094,58.58064516129032,13.834911878307759,-113.25806451612904,6.569566892659514
3283,43.81818181818182,23.363990092829845,12.894736842105264,11.970994492575555,-54.55263157894737,36.99267165578457,-118.34210526315789,32.404740000735,74.81818181818181,27.517988106354863,-141.73684210526315,28.246736383934522
3284,61.714285714285715,13.749953617732531,34.125,17.105828684983372,-16.6,10.594338110519223,-56.888888888888886,20.33302974879622,78.85714285714286,9.657396446374612,-97.66666666666667,19.476481543988722
3285,93.78571428571429,41.39043811494315,27.642857142857142,23.85254446701694,-35.92857142857143,26.08355882191551,-99.14285714285714,68.2954266852653,171.71428571428572,24.918233632160586,-202.23076923076923,61.013433383595434
3286,40.02777777777778,3.0321069967113914,18.38888888888889,4.411335006912292,-10.805555555555555,1.4873437255808393,-75.5,32.86377607302268,67.80555555555556,13.645958792185498,-104.0,24.775660098841634
3287,35.529411764705884,8.229199425423534,13.513513513513514,1.5178509277944834,-10.15,0.6144102863722254,-78.425,2.2123234392827826,64.76470588235294,21.539374101356817,-99.45,4.903825037661927
3288,38.77777777777778,15.404023844998552,17.666666666666668,11.035296904831233,-10.7,5.797413216254298,-79.1,15.712733689590745,79.0,20.520991962161848,-103.5,11.91007976463634
3289,58.03030303030303,2.6340986438909977,24.87878787878788,11.580436940931174,-16.823529411764707,10.410601463766167,-65.6470588235294,9.116508467807103,75.21212121212122,5.290114140703512,-90.57575757575758,7.365070318042818
3290,53.4,17.338973441354593,30.727272727272727,23.429161739906757,-30.181818181818183,28.669965855381832,-84.5,28.741085574487265,91.6,22.43301138946798,-116.4,31.699211346656558
3291,42.10344827586207,13.654214525789834,20.794117647058822,13.891976973111252,-16.142857142857142,15.267412274220554,-74.41176470588235,12.245329594821577,58.724137931034484,14.66616220802189,-99.52941176470588,10.979219125017757
3292,39.816326530612244,1.1370112879333973,11.346938775510203,0.9594007570239312,-9.591836734693878,0.49149365627723657,-93.53061224489795,10.210243037776442,58.0,6.366365701473484,-113.04081632653062,5.130776221950578
3293,86.88235294117646,19.875738544742482,50.89473684210526,22.16183237921522,-11.833333333333334,0.3726779962499649,-107.91304347826087,3.425137807170631,113.58823529411765,9.171944585203754,-131.43478260869566,9.518065600678952
3294,56.63636363636363,15.775543369248533,27.32,19.31780525836204,-13.5,13.33697866834914,-79.48387096774194,13.121936736826852,81.95454545454545,12.200883994528178,-101.33333333333333,13.087738112022599
3295,56.92307692307692,13.105850358121268,19.4,5.689756878227165,-12.5,11.856784274554942,-72.31428571428572,2.1350333362593608,70.84615384615384,14.62267024886702,-93.6,3.331237436320452
3296,40.9375,8.211796012444537,17.78787878787879,9.041177101420313,-21.22222222222222,4.269472457075744,-62.2,6.3910651917903545,61.03125,10.930131446487731,-90.97142857142858,13.35554612304933
3297,33.734375,17.242971564071404,12.723076923076922,7.894511613106125,-29.630769230769232,26.83486207315415,-50.68421052631579,36.247278370782716,52.0625,16.412528560523512,-92.21052631578948,17.948988968355557
3298,43.71875,2.2944821719725783,15.9375,4.821420304225716,-10.53125,0.4990224819584785,-80.3125,1.4017288432503627,63.3125,5.7578071997940325,-100.4375,3.316035848720577
3299,36.97222222222222,5.722694155296239,12.63888888888889,3.4573012739368596,-11.378378378378379,3.656548005467625,-70.21621621621621,1.4357432416533433,62.388888888888886,17.488532397891447,-91.51351351351352,3.2015335989104527
3300,47.608695652173914,11.701873244447299,21.26086956521739,14.240839592079347,-20.666666666666668,6.774133810967191,-87.91666666666667,9.599985532396506,73.34782608695652,18.522861774509366,-117.08333333333333,15.343067562329972
3301,23.846153846153847,1.3499945211372495,10.222222222222221,0.6849348892187752,-22.88888888888889,9.282932699646857,-105.4074074074074,3.3139353271507463,42.11538461538461,10.187952625440738,-131.19230769230768,9.837210481593427
3302,37.12280701754386,1.8738287610973599,11.508771929824562,0.5959750088232642,-15.543859649122806,0.5641380768706501,-73.24561403508773,1.2880108661738705,58.175438596491226,14.711402436536716,-95.15789473684211,6.132425963633477
3303,38.607142857142854,17.236463188987063,30.783783783783782,26.02507640525185,-13.75609756097561,12.968593371652238,-77.15,11.150224212992311,65.39285714285714,12.890581516624247,-103.125,7.321842322803735
3304,50.733333333333334,18.841325737738188,23.53125,16.89486677773755,-16.0625,4.955662796236241,-76.9375,20.54254350731671,65.46666666666667,18.298876711123253,-111.03125,9.008622171980575
3305,44.666666666666664,3.986086914367133,10.096774193548388,1.1459561076342977,-18.484848484848484,7.588353165537431,-57.857142857142854,30.189537314528458,59.43333333333333,7.097808738539585,-82.77777777777777,31.098807090773363
3306,63.5,20.761743664731053,31.130434782608695,16.912316962153806,-32.2962962962963,35.03312169807607,-84.0,13.111699610144623,98.2,12.564234954823155,-115.375,21.79031225873859
3307,37.43478260869565,3.1460960895870507,11.043478260869565,1.4288414543613028,-31.52173913043478,8.535702845248412,-85.47826086956522,1.6906280082803113,77.26086956521739,20.608603925681027,-106.91304347826087,3.5375383664013897
3308,39.44827586206897,4.839394425613471,17.96875,12.692232799531373,-24.181818181818183,7.7085334275273,-78.40625,5.45927751057775,59.48275862068966,12.8079196664843,-96.38709677419355,8.376916898989164
3309,34.541666666666664,5.016465942828233,18.02857142857143,0.9098104758908947,-56.19444444444444,8.425554529869384,-90.6,29.937267744401794,57.208333333333336,5.203998195831953,-101.6,27.353975945006606
3310,48.30232558139535,20.324729906064235,14.651162790697674,9.6493974289041,-12.068181818181818,10.037198376024527,-68.47727272727273,11.134484999242087,69.02325581395348,18.46113248572496,-91.61363636363636,10.877867248122152
3311,41.59090909090909,2.0595474107653073,16.956521739130434,4.388505349894102,-10.392857142857142,2.703691731612877,-83.92857142857143,1.279748061940637,73.36363636363636,18.721755586253256,-104.82142857142857,2.391257461022957
3312,53.81818181818182,17.131319087096355,26.41025641025641,20.8692117093615,-28.558139534883722,21.106928572105698,-79.29268292682927,14.28668816260655,78.60606060606061,18.38137956694779,-104.70731707317073,14.51533067171467
3313,49.62264150943396,19.66629759123349,14.407407407407407,9.00518064580877,-22.5,13.938688497740275,-104.64150943396227,22.41890571751141,79.62264150943396,17.47367444708769,-129.67924528301887,16.508172458542113
3314,50.121212121212125,17.064507869663057,18.058823529411764,11.560432457997276,-16.029411764705884,9.419895385074291,-79.44117647058823,11.322001424791281,78.75757575757575,19.240157346786674,-107.3529411764706,17.04644581368482
3315,62.111111111111114,19.058065918219768,24.0,13.594116374373144,-11.0,0.6793662204867574,-74.76923076923077,18.77049176091947,82.66666666666667,18.153665072253467,-110.3076923076923,25.171365341119156
3316,56.710144927536234,21.863941229017986,34.16901408450704,24.793221424523185,-32.436619718309856,26.403548840839502,-84.74285714285715,18.346417100027004,79.46376811594203,22.016186213023357,-108.27142857142857,19.78449712604827
3317,46.15,2.26439837484485,11.142857142857142,0.46656947481584343,-12.090909090909092,0.6680426571226848,-80.68181818181819,0.9717071966559978,89.9,21.94743720802044,-102.36363636363636,1.7200807207658635
3318,39.625,11.087013799937294,10.4375,2.2491317769308226,-11.242424242424242,3.5078293644818865,-77.39393939393939,6.119711787328163,62.71875,12.357271075666342,-106.03125,8.122054754647989
3319,46.333333333333336,13.719410418171117,11.592592592592593,3.955860717872204,-24.413793103448278,13.737733691976874,-82.48275862068965,12.019009912907286,72.58333333333333,18.900874465366822,-102.0,10.53074317055249
3320,51.03225806451613,12.473155357749858,11.709677419354838,4.081378233273473,-27.03030303030303,20.940731439983324,-71.90322580645162,29.05207209167668,65.7741935483871,13.43733287048499,-93.3225806451613,28.923020295565433
3321,50.138888888888886,19.476699437729543,18.236842105263158,12.36598520246975,-10.871794871794872,0.5629358564128242,-81.58974358974359,21.47594712841459,70.44444444444444,14.695888397863845,-108.84615384615384,19.556018762071314
3322,48.774193548387096,26.567879803493195,24.294117647058822,22.13797563911217,-26.916666666666668,25.82674647208458,-94.38709677419355,9.64424421144496,69.80645161290323,26.337045361556616,-116.46666666666667,10.161146042100215
3323,40.56,15.099880794231456,21.1,19.61011643684623,-10.366666666666667,1.9745604292826513,-66.3,17.14088679152861,67.88,15.662234834148032,-91.3,17.54261478039501
3324,46.333333333333336,18.956779186459467,20.73076923076923,14.238511407467836,-19.925925925925927,18.788148206556976,-55.0,34.147847248371505,65.05882352941177,16.46792695586667,-95.13207547169812,23.86205461416511
3325,51.41025641025641,17.242936790611484,25.45,10.509400553789925,-26.547619047619047,24.293054446303486,-50.38095238095238,35.24671709194541,67.0,16.00480697021511,-87.61904761904762,21.70248217200751
3326,34.333333333333336,0.8299933065325824,13.32258064516129,2.175925413424523,-20.363636363636363,5.29618605950164,-78.45454545454545,1.827250112931071,49.36666666666667,9.65568341559634,-98.45454545454545,3.1342768639759786
3327,33.8,2.227105745132009,18.192307692307693,2.236398732324097,-8.703703703703704,0.4566232594791835,-86.62962962962963,1.1909581622824834,59.76,15.108355304267901,-106.22222222222223,2.4993826398226653
3328,37.02272727272727,13.298134927950743,17.244444444444444,11.409850628208272,-23.055555555555557,8.440240181475149,-87.44444444444444,2.997941680718231,72.18181818181819,20.107973008545557,-107.35185185185185,3.986818128892631
3329,46.22727272727273,12.869738353566332,24.896551724137932,15.107305443545052,-15.1875,14.911064474074276,-63.096774193548384,6.668920881462382,71.4090909090909,13.753211495730042,-88.80645161290323,12.065464858332591
3330,37.48148148148148,16.081667433286956,9.228571428571428,1.1234059000764287,-24.470588235294116,25.290355397355878,-58.515151515151516,34.552657409640034,56.333333333333336,18.763637016156384,-88.36363636363636,20.141647162365427
3331,46.054054054054056,7.040216312501191,19.026315789473685,10.466706218203115,-15.692307692307692,15.060823429243964,-72.58974358974359,9.903943655648177,77.29729729729729,17.276550057363515,-94.66666666666667,7.4913055016904835
3332,57.93333333333333,13.167974618579562,23.333333333333332,14.910846164230028,-38.05555555555556,21.950632039045715,-103.77777777777777,21.02262156068911,78.73333333333333,17.16378616609854,-127.61111111111111,13.593866627142669
3333,37.4375,13.811085900464162,8.911764705882353,0.612019177843671,-49.26470588235294,22.811644115811465,-86.1304347826087,21.33644432263031,58.53125,13.845090228579227,-107.73913043478261,17.096191773517862
3334,37.76744186046512,13.809058720935605,16.27906976744186,10.760231650906919,-12.866666666666667,10.554830384446944,-61.325581395348834,14.765958541141975,67.37209302325581,17.8794714762606,-84.38095238095238,13.844291209483082
3335,46.92307692307692,13.950249727356903,19.814814814814813,9.895891541955727,-11.068965517241379,6.280407599790049,-75.13793103448276,21.414986917691518,64.23076923076923,17.972859222701693,-106.55172413793103,27.033295188553804
3336,49.5531914893617,14.411591833524074,25.50980392156863,12.471728890983025,-10.716981132075471,5.8901175901724665,-59.666666666666664,5.890060310176488,68.55319148936171,11.727052758904957,-88.70588235294117,7.57522825035541
3337,69.6086956521739,8.585828214258871,43.46153846153846,15.362869246312354,-34.34615384615385,9.615461538153848,-98.92,2.6217551373078303,86.95652173913044,7.18983739835226,-117.36,4.585891407349284
3338,55.526315789473685,13.959974442189814,32.708333333333336,18.150939293111588,-15.1,9.129987221604784,-75.93103448275862,14.183358472186164,70.47368421052632,12.621487196767731,-94.72413793103448,19.089438408177326
3339,38.54545454545455,16.956434211149016,11.833333333333334,3.387066905483596,-17.25,11.726927702230169,-45.833333333333336,15.447941250823325,58.09090909090909,18.85087191354359,-74.0,19.347695814575268
3340,52.30769230769231,17.10998186118094,23.074074074074073,13.537125702704001,-26.272727272727273,14.011408181501606,-88.6774193548387,18.15593228703055,69.23076923076923,16.81415999481868,-107.96774193548387,15.085741764280733
3341,44.55882352941177,3.2601982659899713,19.971014492753625,4.9107129695549485,-11.891891891891891,5.182005162273205,-61.432432432432435,1.6610081689523732,69.44117647058823,16.48830454750309,-82.89189189189189,6.771497434233151
3342,42.56666666666667,9.673618190154546,14.193548387096774,6.864679842820994,-17.02777777777778,6.9181167600852795,-70.94285714285714,6.680217520593844,73.73333333333333,19.736486234608453,-97.22857142857143,9.90551279205016
3343,45.85,23.578114852549174,20.846153846153847,19.510731381812793,-42.111111111111114,26.300729934009976,-79.68,41.21137706993058,66.85,23.91500574952889,-119.0,27.052541470257466
3344,43.95,8.587636461797857,15.6,9.20869154657707,-10.5,0.5,-60.205882352941174,1.9967534202933739,66.85,15.067431765234575,-82.8529411764706,6.160272878510844
3345,42.064516129032256,7.623966810470728,19.875,4.075460096725276,-21.28125,8.170963739822861,-71.78125,11.561613141664099,68.19354838709677,16.07526522098712,-96.5625,15.182097804651372
3346,41.666666666666664,12.115187896924166,19.333333333333332,12.256517540566826,-10.576923076923077,1.0441439969614021,-71.15384615384616,2.5823708202453104,75.44444444444444,17.12445367246053,-95.42307692307692,5.219586462569299
3347,35.8780487804878,2.5006840230197653,13.595238095238095,4.685639275435225,-16.571428571428573,15.498299226417224,-67.53658536585365,6.386332819142689,61.951219512195124,15.923523356147205,-89.63414634146342,9.5579263430194
3348,49.32,14.540206325908859,24.923076923076923,20.107256778286022,-13.296296296296296,8.545368313648757,-87.5,11.157095017555834,62.48,14.071588396481754,-110.96153846153847,12.482235898177517
3349,57.0,19.63233484404164,28.379310344827587,17.287455673473374,-10.3125,2.3642850399222173,-71.6875,13.410437865707443,78.42857142857143,15.140835444557995,-97.28125,15.823705268915369
3350,35.55555555555556,13.39246148739499,11.88888888888889,1.594744454934147,-20.22222222222222,5.8267158231675085,-74.77777777777777,2.9731307022799225,67.88888888888889,19.564391942985743,-97.55555555555556,6.465482900433847
3351,41.96551724137931,2.0591722243908435,17.096774193548388,5.420122833447283,-9.0625,0.49607837082461076,-74.15625,9.059212765880929,64.93103448275862,12.300633665995337,-96.64516129032258,1.617413049899571
3352,33.05128205128205,11.419615867509412,11.525,4.620538388543049,-45.19512195121951,18.211788613349405,-84.13888888888889,23.519675897447815,63.282051282051285,11.838547896809914,-109.36111111111111,11.96093822448208
3353,40.0735294117647,2.5913667553821194,15.0,4.192548722284858,-11.819444444444445,0.8870423528797647,-71.61428571428571,8.397776673693134,58.544117647058826,6.916378310021484,-100.77142857142857,7.538797608886652
3354,33.78787878787879,2.0561449034772576,13.794117647058824,2.083258360819386,-8.571428571428571,0.49487165930539356,-77.6470588235294,7.058088196993559,51.09090909090909,8.414862883931734,-98.51515151515152,8.301592443516803
3355,58.77777777777778,15.171448167731809,15.38888888888889,10.176983229539143,-22.36842105263158,8.209176677197995,-68.94736842105263,6.09118158281234,82.77777777777777,20.14270078866606,-96.52631578947368,6.167558768543263
3356,61.08695652173913,6.365074838033078,29.0,9.771297808866805,-22.36,19.421390269494097,-81.375,10.233981385560558,79.6086956521739,12.4297648738991,-109.20833333333333,15.288828074410704
3357,48.0,14.488501187723548,13.807692307692308,14.82466559687508,-38.23076923076923,41.41934487866165,-106.96,35.68694999576176,73.33333333333333,15.659572862061793,-141.04,28.21131687816079
3358,32.857142857142854,13.77553287979993,10.206896551724139,2.0236414829132703,-38.75,26.902768046642127,-85.23076923076923,40.956175163504575,65.71428571428571,15.544537724269079,-117.92,31.019890393101004
3359,47.5625,21.071214814291082,19.894736842105264,16.01609301474813,-10.869565217391305,3.3271524295146073,-82.65217391304348,17.25917196777506,90.3125,25.208428030125162,-105.0,13.011700420240507
3360,55.666666666666664,19.857828011475306,34.61904761904762,19.08246812048067,-25.483870967741936,10.031791297097044,-80.12903225806451,7.417250753540354,77.72222222222223,15.859821897401115,-99.38709677419355,6.383837552276888
3361,45.74074074074074,6.752736578836391,11.96774193548387,4.631476257145175,-16.484848484848484,0.5571144336621283,-71.27272727272727,6.570239270919666,71.5925925925926,9.162157514226694,-92.3030303030303,8.151909419326243
3362,48.142857142857146,11.581124685434997,20.0,15.956973397232948,-22.705882352941178,14.376306921182557,-76.57142857142857,14.85027313704694,69.64285714285714,10.117927108829745,-94.42857142857143,8.837535901840882
3363,53.25581395348837,13.171662717974689,17.627906976744185,11.66394415683101,-21.82608695652174,9.362980637981751,-72.22222222222223,3.5708006502674743,79.09302325581395,12.239497545334524,-95.22222222222223,9.352097539860335
3364,47.36363636363637,19.21776038068918,20.875,19.425740011644343,-10.466666666666667,0.9910712498212334,-77.13333333333334,26.51506909078098,76.5,18.185283760627588,-120.10344827586206,12.46054415036465
3365,46.53846153846154,8.871868978495886,22.9375,8.257335753740428,-17.677419354838708,8.013646009933844,-80.0,8.5647439371926,62.46153846153846,10.616499384052995,-102.41935483870968,8.661275304846717
3366,29.17948717948718,18.732765473926097,8.268292682926829,0.5421002627047041,-48.829268292682926,16.38545226126114,-83.57894736842105,20.472872396298587,57.46153846153846,23.405945063162964,-107.3157894736842,23.226692067032086
3367,45.78378378378378,15.622463271070709,19.289473684210527,10.627441873547145,-24.225,13.075716997549312,-77.10810810810811,13.883265804331417,68.29729729729729,19.34727421944562,-98.43243243243244,13.989456532806143
3368,44.483870967741936,17.051858223858666,16.612903225806452,7.986591260254697,-16.65625,16.56164502510243,-33.3,18.5618784968907,64.41935483870968,14.970453035893602,-78.73333333333333,24.14115895220351
3369,54.55555555555556,15.972970996941546,26.454545454545453,16.400463609653546,-35.083333333333336,26.307344770783864,-75.77777777777777,6.32065006814573,81.44444444444444,13.208676534856515,-110.11111111111111,8.543281238551595
3370,29.545454545454547,7.479632583306964,12.757575757575758,2.015550199795866,-8.323529411764707,0.5269550843284976,-77.70588235294117,1.2492212106820766,52.06060606060606,14.105531676442217,-94.41176470588235,2.3529411764705883
3371,71.0625,32.814761826805935,30.842105263157894,27.883711823241025,-45.36842105263158,45.92351825683516,-88.66666666666667,56.6205694857345,110.25,29.894606536965828,-162.05882352941177,30.94676755568065
3372,35.44444444444444,1.617802197617893,16.74074074074074,2.4128144407262715,-9.241379310344827,0.42791978089623645,-84.13793103448276,1.1955128154041184,68.0,17.183109708642938,-106.03448275862068,1.2725960060169608
3373,37.96551724137931,5.756452203731103,14.833333333333334,3.6522443632496566,-19.75,11.107429945761531,-82.54838709677419,2.0920542409149623,62.37931034482759,14.404055446903806,-102.0,4.990313197230371
3374,36.1875,18.422875555949457,8.971428571428572,0.44629998148038025,-51.457142857142856,11.522258848836534,-89.83870967741936,13.016358873935047,60.71875,23.899835740805834,-112.33333333333333,10.130262692656208
3375,66.625,24.39486370119743,29.42105263157895,25.880933419825496,-17.136363636363637,7.319311036537988,-112.95454545454545,31.062220948411497,117.5625,22.800681870286247,-152.86363636363637,42.516622903759604
3376,50.94444444444444,17.445859815192772,24.53846153846154,13.599295143586188,-19.4125,7.3309169787960355,-70.9875,10.0081138957348,77.97222222222223,17.925751357429768,-98.8375,15.865405565254234
3377,52.09090909090909,13.493800229294163,25.153846153846153,11.992601269411928,-17.307692307692307,20.147092232969676,-64.46153846153847,20.860766947385613,66.36363636363636,10.19155378708474,-85.91666666666667,17.542606863164767
3378,32.5,9.616692218781322,12.074074074074074,2.017073896917052,-10.357142857142858,0.47915742374995496,-81.39285714285714,13.66523034596063,61.69230769230769,16.824362442530568,-111.57142857142857,6.044055943230338
3379,44.72727272727273,9.714945459921852,20.08695652173913,9.815307669670043,-21.037037037037038,11.200137173371225,-85.33333333333333,6.253887679764573,68.72727272727273,16.262566660283525,-113.96296296296296,8.929690308102979
3380,38.24242424242424,1.2799219443601744,16.470588235294116,4.791139457481703,-14.166666666666666,3.5629263877386586,-66.02857142857142,2.6563746969530193,61.39393939393939,15.715152683798996,-90.17142857142858,4.825442773381908
3381,51.666666666666664,5.527707983925667,20.03125,7.2693035042911776,-14.11111111111111,8.37250054834867,-91.86111111111111,3.241679758137899,71.26666666666667,10.723598069470693,-113.0,6.168918507773916
3382,50.833333333333336,6.6826198012012785,12.10909090909091,7.0882046124599976,-21.87719298245614,16.835707849310026,-74.40384615384616,7.209127802212905,71.5,8.480369488805701,-100.48076923076923,11.355260361164005
3383,39.86486486486486,17.04867778365606,12.891891891891891,5.525292135037009,-10.945945945945946,8.282008980545417,-73.44444444444444,21.69798306607788,65.89189189189189,25.60065854704458,-90.77777777777777,23.179386329609414
3384,54.208333333333336,19.126724686213848,19.48148148148148,13.953282821935357,-25.962962962962962,21.80125970108571,-73.44444444444444,35.80020001323532,76.58333333333333,17.22623161215347,-110.07692307692308,24.22002203664607
3385,38.09375,10.032320815120498,15.147058823529411,8.200187777409434,-18.305555555555557,5.948012947589419,-65.58333333333333,9.405598214774953,57.8125,14.475059369481011,-85.36111111111111,10.747487504264472
3386,42.09090909090909,3.058655243865586,16.363636363636363,3.8598020189310684,-10.5,0.6530471562110152,-79.32352941176471,1.9360449106861575,61.45454545454545,8.991884924216842,-103.76470588235294,4.229162227769104
3387,49.93103448275862,27.078342324961042,29.586206896551722,17.995243128880997,-16.689655172413794,13.673794338267337,-41.57142857142857,28.10367105078289,61.206896551724135,29.117336120984728,-65.96428571428571,34.620887731930544
3388,40.375,5.764926278800103,19.606060606060606,10.245292766686308,-23.97142857142857,8.072831736441552,-74.6,4.98683982383347,58.75,9.788385975225946,-93.54285714285714,4.900978661118073
3389,61.26315789473684,24.196220029415986,27.17391304347826,21.39819613265494,-21.391304347826086,20.395521951888878,-73.91304347826087,33.93460852808871,92.26315789473684,14.274902913350955,-108.45454545454545,21.259708526025708
3390,49.87234042553192,6.749679334468639,23.425531914893618,9.282205994337868,-23.73913043478261,8.496635606824661,-83.3695652173913,2.6404766998154767,63.170212765957444,10.076978500493663,-102.8695652173913,5.523108354714816
3391,57.93103448275862,10.224821166913516,33.793103448275865,10.100799935357895,-17.785714285714285,13.0339039838885,-79.28571428571429,6.1228911404962405,78.3103448275862,11.286560357729902,-102.71428571428571,10.024459881627905
3392,49.76119402985075,8.206458236245886,18.735294117647058,9.995024713883495,-15.514285714285714,7.873541329111348,-86.21428571428571,14.444863503427545,75.22388059701493,16.02686261373305,-108.57142857142857,15.293856309522674
3393,56.976190476190474,22.27264828613797,23.541666666666668,19.73571037203599,-20.49019607843137,12.20313773378751,-69.62,8.262905058149947,78.02380952380952,18.47197116771412,-90.0,13.005493344846904
3394,41.096774193548384,1.820223997376243,12.34375,1.1887329126006396,-12.030303030303031,0.29998469504883835,-70.60606060606061,0.6485131684555363,60.193548387096776,8.069933664190362,-89.87878787878788,1.6097727254901122
3395,50.76470588235294,23.797007750023347,29.09090909090909,19.70904059034167,-14.620689655172415,9.767694088178532,-98.5,28.41088825483236,70.58823529411765,20.34716000859149,-117.10714285714286,24.916058054587847
3396,35.29032258064516,0.8869501345075821,13.129032258064516,2.6969748343327073,-17.258064516129032,5.3095637505961,-72.35483870967742,0.742636415046538,49.25806451612903,9.08017245088292,-94.64516129032258,1.5973443100825742
3397,43.708333333333336,2.557328793009525,20.8,11.023611023616537,-12.285714285714286,3.9266228933956437,-76.71428571428571,3.6337420977076866,74.625,16.316690074889575,-100.46428571428571,3.530298883109139
3398,55.55555555555556,9.639169064131698,42.25,24.97123344971169,-17.857142857142858,15.343016758946268,-96.18518518518519,10.569127077858827,82.33333333333333,6.48074069840786,-123.85185185185185,11.66731332716956
3399,45.666666666666664,9.68006733983311,23.033333333333335,15.814515132905242,-19.852941176470587,10.09697786160375,-72.76470588235294,3.694660881751107,66.85185185185185,12.185916897990024,-92.91176470588235,6.204209420455758
3400,34.96875,8.829936208008526,14.40625,1.5783570373967988,-10.875,0.4841229182759271,-76.9375,14.9811078946118,60.03125,16.275910832807483,-102.21875,6.967488675089469
3401,44.0,4.1509961733021665,14.384615384615385,5.50577964210843,-11.576923076923077,0.6308161333406433,-84.73076923076923,3.3346397834259554,75.11538461538461,17.45615810026083,-107.8076923076923,4.4808930322943334
3402,59.333333333333336,25.5499510762741,25.296875,19.818457059881705,-32.85897435897436,9.105822818640322,-83.73134328358209,15.543470183963695,81.26666666666667,21.052738011426868,-103.48484848484848,16.677186762472157
3403,51.54545454545455,16.740607333197246,33.76,26.622216286402605,-36.72,20.75479703586619,-87.58333333333333,12.01012304497983,79.13636363636364,22.361280363703063,-122.58333333333333,19.25468918356138
3404,48.214285714285715,12.505304996729368,18.12121212121212,11.533239382410056,-15.942857142857143,14.710429453074358,-85.90625,23.094046006222037,67.92857142857143,13.28244967570949,-106.4375,21.146715909332116
3405,44.41379310344828,5.1562967289706885,10.833333333333334,1.694763175851488,-54.54838709677419,24.896999054397543,-98.48387096774194,37.22370989791313,69.48275862068965,7.252208651234905,-115.45161290322581,25.912805041918535
3406,49.68627450980392,3.5340927564113085,13.423076923076923,3.5482723523414235,-14.622641509433961,0.9948246284123824,-75.25,2.2521357384969907,73.2156862745098,13.198802271106738,-99.09615384615384,4.888210366966215
3407,47.39655172413793,1.920305787183419,14.0,4.898979485566356,-15.709677419354838,11.371139326090464,-75.65573770491804,1.7166995202063466,66.84482758620689,8.837228704586638,-94.72131147540983,1.968032616191334
3408,47.878787878787875,22.054694512640925,15.914285714285715,15.353680672857623,-23.0,21.98525304269549,-73.39393939393939,26.405852650087727,81.36363636363636,25.246443712138802,-103.63636363636364,23.330066674128556
3409,35.28125,12.696540805963647,13.823529411764707,10.705882352941176,-11.142857142857142,0.34992710611188255,-74.45714285714286,8.586843282081047,77.0,24.11171914235897,-100.22857142857143,8.41795942116179
3410,43.666666666666664,12.26887331930901,14.909090909090908,6.001836266301599,-11.545454545454545,2.934547707557995,-73.27272727272727,6.942502942558831,60.24242424242424,10.62880677766738,-98.81818181818181,6.2641575188917145
3411,30.35,6.762211176826704,11.225806451612904,6.141921930047391,-42.903225806451616,32.29936066351147,-83.86666666666666,30.0784899148138,69.1,18.387223825254317,-112.76666666666667,19.78498308201338
3412,52.30769230769231,22.594705354555334,24.77777777777778,19.90223016227324,-21.103448275862068,13.225745080598665,-72.37931034482759,17.89705002296121,77.8076923076923,17.886434977742706,-98.86206896551724,20.687701057143265
3413,40.2,1.7663521732655696,13.32,2.130164312911096,-10.423076923076923,0.49404740687173576,-82.53846153846153,1.4472990555559062,66.2,15.582040944625962,-103.07692307692308,7.441686517507445
3414,29.678571428571427,8.701615496268378,12.241379310344827,2.6865587835562006,-26.806451612903224,14.373854747845995,-90.6774193548387,14.152139007993135,53.964285714285715,15.407517049565548,-109.93548387096774,15.210216184485088
3415,39.55555555555556,1.7497795275581802,17.464285714285715,4.427851323942435,-16.862068965517242,6.1516700167713605,-82.62068965517241,10.39367776368934,70.5925925925926,19.513071135275336,-105.53571428571429,4.9242993907555945
3416,42.582089552238806,15.844533172506754,14.028571428571428,8.27556028068092,-16.014084507042252,14.272491968075302,-57.385714285714286,28.265219848096432,63.02985074626866,13.889725773652824,-86.65714285714286,23.688988227978545
3417,29.985714285714284,5.279320457198627,13.528571428571428,1.8494897255453893,-9.422535211267606,0.6642155562000899,-71.2394366197183,2.475029029463526,50.885714285714286,9.27753485906814,-91.33802816901408,4.212468621429774
3418,40.65432098765432,18.407701349798856,16.04705882352941,14.132071062868016,-48.023809523809526,14.624649927007768,-76.68354430379746,16.729072930344845,62.46913580246913,19.267503775069006,-115.29113924050633,14.22793819512896
3419,70.51851851851852,13.42570881050501,34.81818181818182,22.85720434859891,-18.205128205128204,12.689950571077254,-81.34285714285714,10.496102289197934,87.37037037037037,10.194944819018188,-98.97142857142858,13.890357836151182
3420,35.15873015873016,6.203445916959864,16.80952380952381,6.281383789653772,-13.257575757575758,8.662546700316822,-69.95454545454545,6.028799111994226,57.58730158730159,10.454185644060166,-93.93939393939394,9.065216218449288
3421,36.527272727272724,2.5926788214266683,17.285714285714285,2.8266227053441972,-11.781818181818181,7.57673690639713,-93.23636363636363,2.173925116746927,65.89090909090909,17.53922640283537,-114.81818181818181,4.3194734910251995
3422,57.5625,6.279617325124199,39.18181818181818,6.6808389305106735,-25.914285714285715,8.916666348782497,-81.45714285714286,7.184677573610015,73.84375,7.726210969000264,-98.88571428571429,8.762815687637746
3423,55.53846153846154,20.683011924004703,19.576923076923077,11.101535156915764,-12.346153846153847,9.78594874804729,-90.03846153846153,12.804688952551626,73.73076923076923,20.42351151210798,-114.26923076923077,11.798167042474445
3424,83.5,36.45888094826828,49.0,21.059439688652688,-42.6,30.236401902342813,-100.2,26.377262936097065,100.25,36.663162711364656,-143.25,27.60774347895894
3425,40.951219512195124,9.411853500648428,19.851063829787233,12.447299499317632,-17.037735849056602,13.149305547558564,-75.76923076923077,12.012197942436849,66.26829268292683,13.702455521875297,-99.31372549019608,11.45920333280999
3426,46.172413793103445,14.809291038741678,26.16304347826087,16.021912423108603,-29.575,11.825581381056915,-69.9074074074074,16.249522521211276,63.58620689655172,11.739070949687267,-82.63888888888889,13.735907480796007
3427,49.916666666666664,6.588605483880654,18.333333333333332,3.3249895572100003,-10.416666666666666,0.4930066485916347,-96.33333333333333,3.0092450142112983,84.83333333333333,17.420454133639062,-118.58333333333333,2.5967394084804805
3428,45.09803921568628,16.56153694435533,20.666666666666668,11.793428989071051,-29.087719298245613,9.866264871657245,-71.7719298245614,13.472541983747808,64.01960784313725,15.221875636248928,-87.96491228070175,13.668974874331738
3429,24.19047619047619,1.0519391444940247,8.3,0.5259911279353165,-60.53333333333333,0.8459051693633013,-93.25,4.8498281756504875,39.095238095238095,10.5058023056865,-109.83333333333333,4.179978734661484
3430,43.575,15.690582366502527,16.558139534883722,14.023737891362854,-12.847826086956522,6.061164299489532,-62.348837209302324,19.21709960562647,66.5,15.789236840328922,-91.18604651162791,18.80531321994298
3431,58.51724137931034,19.651481807171645,28.451612903225808,17.555145757293886,-39.13157894736842,24.23804214412974,-80.94444444444444,22.590490187545296,78.44827586206897,13.912500474075157,-101.22222222222223,15.273635802168519
3432,54.375,21.097615386578646,32.64102564102564,23.069001489385954,-24.522727272727273,14.73321639321354,-62.714285714285715,15.56443704989911,76.15625,15.8451675894419,-90.16666666666667,14.319345333975669
3433,46.642857142857146,9.251309890706155,22.2,12.501733213172217,-21.419354838709676,7.627514682314824,-80.74193548387096,2.7470540459411317,71.5,15.853120467952944,-97.83870967741936,1.5881978871085378
3434,40.53125,13.341627465849134,18.636363636363637,9.134742808136357,-48.73529411764706,22.2106344739862,-70.45833333333333,30.951547035469634,63.53125,11.082036069130076,-106.6086956521739,10.655633865767228
3435,52.116279069767444,18.749523159611762,19.46511627906977,7.374843592221803,-24.627906976744185,9.405647130571879,-94.09302325581395,25.714726532229857,76.34883720930233,20.631747630189373,-119.16279069767442,19.823559195783957
3436,33.9375,15.84877262597959,13.333333333333334,9.520843694046482,-13.647058823529411,12.865554451693134,-37.588235294117645,24.420480371845585,53.03125,15.304175032895435,-74.18181818181819,22.63739805352216
3437,46.9375,15.943136258277416,16.653061224489797,9.673340221302457,-14.24,9.313560006785803,-55.608695652173914,22.94177721487456,62.75,15.936723837309431,-74.43478260869566,23.468435947508432
3438,40.12903225806452,14.987611950097367,15.75,1.5206906325745548,-9.787878787878787,1.5716730278654474,-90.41935483870968,14.595125552949092,58.225806451612904,16.998500270506515,-110.58064516129032,15.555880940719216
3439,61.583333333333336,17.385138928278817,35.416666666666664,18.052969900330034,-32.476190476190474,20.063278580339013,-106.19047619047619,28.3777562917542,93.5,22.757782551616636,-135.38095238095238,31.221903469132496
3440,51.84615384615385,23.191000090705458,23.896551724137932,15.425784119311421,-19.551724137931036,16.804322528684043,-54.37931034482759,30.948693686546545,67.92307692307692,20.527510765430183,-92.41379310344827,23.501309195196516
3441,40.11538461538461,11.991429385116056,19.76923076923077,4.717460955834451,-18.346153846153847,9.639431469399762,-80.65384615384616,3.197863561965511,72.42307692307692,22.312764675306855,-105.15384615384616,5.397237952396846
3442,42.775,11.540120233342458,15.1,8.10493676718085,-20.475,5.805116277905207,-70.8,7.236021006050217,70.525,22.20584101086919,-89.725,7.436354953873571
3443,57.18181818181818,17.227452625589837,28.125,18.675546622968408,-23.0,14.770240350109406,-66.81818181818181,27.580685540356555,75.5909090909091,16.628724028316704,-92.04545454545455,26.28424566632898
3444,34.411764705882355,17.31731137782079,12.705882352941176,8.165672090651297,-65.9375,15.741937420470201,-100.125,14.33908557056551,52.94117647058823,15.34110429430874,-126.5,15.252049042669643
3445,52.964285714285715,20.215768496853325,31.59375,23.8941145669284,-24.16216216216216,7.302400617914238,-64.32432432432432,2.472049746438729,84.32142857142857,21.959465208535885,-85.10810810810811,4.098673376566142
3446,39.39393939393939,2.740707649598791,17.272727272727273,4.433158305540585,-10.676470588235293,0.7941176470588236,-81.17647058823529,1.5618727114531474,63.484848484848484,17.406235755006346,-101.52941176470588,2.9826487844911105
3447,51.964285714285715,21.58121230352447,25.34375,10.078161337143795,-12.8125,10.578390413952398,-33.80952380952381,13.111072677602305,65.94642857142857,18.67238186166283,-91.95238095238095,10.661350716160243
3448,52.27272727272727,1.3545149477955765,21.666666666666668,7.6462177882039475,-9.484848484848484,0.4997703788627467,-78.9090909090909,7.262872110588609,71.87878787878788,9.631883845310329,-99.25,1.0897247358851685
3449,42.2,1.9537509711175725,12.6,0.5952190473142759,-10.083333333333334,0.43301270189221935,-80.71428571428571,8.293100156399996,69.08571428571429,15.936250551263715,-99.94285714285714,7.328780281067463
3450,49.166666666666664,15.939120288006976,17.0,10.243196616441418,-12.428571428571429,5.486532677049006,-73.42857142857143,21.576158421852995,75.5,16.832508230603462,-99.14285714285714,23.32796342484745
3451,41.4,21.60581932191947,15.722222222222221,14.021037984858307,-10.305555555555555,1.2206429190399906,-63.083333333333336,15.938031036904569,66.88571428571429,22.16531579946011,-105.30555555555556,15.110370692644699
3452,47.92,15.173450497497265,16.11111111111111,8.093588378433028,-20.666666666666668,20.383362859976796,-80.55555555555556,31.465834891705935,74.28,13.003138082786016,-113.48148148148148,19.71720506519599
3453,64.08,15.712211811199593,35.17857142857143,16.765299135477445,-14.966666666666667,8.8975027707529,-80.53333333333333,7.102738126165773,83.6,12.25724275683565,-109.26666666666667,10.92987750261741
3454,47.516129032258064,9.090480549922098,17.939393939393938,16.314966904264192,-14.764705882352942,12.249991172936584,-72.52941176470588,11.507632490496565,63.45161290322581,9.22422725036006,-92.26470588235294,10.724652259629
3455,58.54545454545455,4.606259963787812,26.227272727272727,14.127981535200036,-16.492753623188406,10.798044896043896,-72.3768115942029,10.893558060862064,75.15151515151516,5.5820123020895895,-93.30882352941177,10.217138647651247
3456,48.43589743589744,2.5398856404184187,18.7,3.7960505792204615,-9.390243902439025,0.4878048780487804,-70.53658536585365,1.4995537706282338,76.2051282051282,11.734628761194392,-96.0,3.55445443654345
3457,60.17391304347826,10.691939970850221,41.63333333333333,13.432506178007968,-15.6,12.497313997129828,-66.44117647058823,12.05426743198438,73.8695652173913,11.167905676637336,-89.1470588235294,11.288026850296308
3458,40.857142857142854,12.77380397638898,17.304347826086957,17.978090004971133,-12.934426229508198,9.91747729104173,-79.85245901639344,1.2523560167071661,55.333333333333336,14.114610239826755,-98.21311475409836,0.7490924366423515
3459,50.891891891891895,14.01116115678089,26.893617021276597,15.270934765733392,-18.803571428571427,5.228423836714707,-58.05555555555556,10.080080589526952,71.78378378378379,9.856086431085837,-80.14814814814815,10.310741266249174
3460,45.17857142857143,18.264042682331883,19.903225806451612,17.090564910178113,-12.11111111111111,17.23494153969033,-68.69444444444444,11.763454340655697,69.35714285714286,23.382249503346223,-93.75,9.945336707332851
3461,50.888888888888886,21.97192372321471,18.071428571428573,6.546147020677623,-19.571428571428573,14.917459979664702,-79.96428571428571,13.746381713166619,78.62962962962963,18.29419691059344,-113.89285714285714,10.0759235156822
3462,39.84615384615385,12.340341310864908,24.952380952380953,17.01673179543394,-11.151515151515152,4.697653909109357,-74.0909090909091,12.47874225490946,62.30769230769231,13.10539886039112,-94.39393939393939,14.719476674531757
3463,43.130434782608695,23.014748291940954,17.52173913043478,10.4335144156886,-14.666666666666666,6.492160514662907,-80.37037037037037,4.047387343369824,69.21739130434783,20.93666748478898,-104.81481481481481,4.082818897635754
3464,49.029411764705884,5.221478797280501,18.352941176470587,4.70220444510855,-17.885714285714286,17.63239134348475,-79.05714285714286,13.375762423434535,66.05882352941177,6.795072507385248,-97.0,14.859340496805368
3465,61.77777777777778,22.91543767748322,26.86111111111111,18.613246146192914,-21.194444444444443,13.413963380755403,-74.2,22.915746301864765,86.0,17.58313585987058,-101.71428571428571,26.6142512077071
3466,36.36666666666667,14.337557517079246,16.285714285714285,9.470469677812572,-50.833333333333336,26.090121587383308,-92.29411764705883,32.4902966616593,64.26666666666667,18.0682656119015,-116.8529411764706,30.043235857031874
3467,45.38709677419355,5.307799613076049,20.53125,8.598634975244618,-16.029411764705884,7.2982080561223945,-75.91176470588235,8.226097806439409,61.935483870967744,9.807618776043014,-96.73529411764706,6.358453490892872
3468,44.46153846153846,17.817948533454363,23.366666666666667,20.15189541678124,-12.46875,9.759560617030871,-66.25,21.587033144922902,69.53846153846153,13.336562725284344,-94.34375,23.76132542467907
3469,38.484848484848484,1.6166034749514109,15.818181818181818,2.1525818951730957,-23.175,4.09809406919851,-73.25,8.751428454829531,58.121212121212125,11.181037995283546,-92.51282051282051,1.5169435341281068
3470,40.285714285714285,11.0416650622512,15.428571428571429,3.45820526768863,-23.142857142857142,16.23425453811056,-71.21428571428571,15.762426260974324,62.07142857142857,12.544004177945995,-96.85714285714286,16.41800902692416
3471,44.6271186440678,11.334510531378212,18.403225806451612,12.150215287378927,-10.484375,0.49975579974123363,-78.40625,1.6174705368259417,66.45762711864407,13.372526901276595,-100.734375,2.8627029813403624
3472,39.642857142857146,13.376990601440237,19.666666666666668,17.77752525073172,-11.424242424242424,1.1814296175526016,-70.75757575757575,10.84332025364227,56.535714285714285,13.186795730299801,-97.12121212121212,14.278098455342683
3473,38.45945945945946,12.266400151665888,15.067567567567568,3.9364240909501866,-12.693333333333333,7.787123274283571,-79.45333333333333,13.824898633343475,65.36486486486487,18.181944061254928,-106.48,18.370527120000304
3474,41.64,5.105918134870555,23.392857142857142,14.22859115030188,-10.387096774193548,0.9043771463791089,-78.12903225806451,9.427967781172695,65.72,13.563244449614555,-98.1,5.45496715541594
3475,39.41935483870968,7.807251358661081,11.741935483870968,9.641870190478153,-9.636363636363637,0.5403804393977881,-73.3030303030303,9.992375422032506,59.67741935483871,12.917572669153103,-94.96969696969697,10.088952399245091
3476,55.0,19.29248558377069,34.27272727272727,24.66904909944999,-17.032258064516128,11.987853721022315,-71.74193548387096,10.083418973214693,85.1,10.866922287382017,-92.2,2.700617213403879
3477,55.25,15.234053593475666,18.64864864864865,12.766544573063289,-10.76923076923077,6.454819461462799,-68.82051282051282,2.28564971262221,81.22222222222223,15.398613052824507,-92.0,10.104581342270649
3478,54.57142857142857,18.61828408728334,26.8,16.961132037691357,-9.852941176470589,7.635568290192081,-63.64356435643565,8.599544264249642,75.04395604395604,11.847856103102625,-84.31683168316832,10.664952031910719
3479,25.11764705882353,2.6207846364641725,10.764705882352942,0.7299808027053445,-55.61764705882353,9.991215865132123,-93.04166666666667,16.019465156143287,43.23529411764706,10.38114473889876,-108.70833333333333,12.316923204364889
3480,99.5,33.64892271678248,67.42857142857143,33.750585784787894,-31.85,11.354624608502036,-87.2,9.957911427603682,130.5,8.751190395216717,-132.26315789473685,22.501092617361255
3481,30.03448275862069,3.7552974869136504,10.166666666666666,0.9689627902499091,-63.483870967741936,9.651578402560384,-100.05555555555556,12.22234848419631,51.41379310344828,2.810291939421957,-118.94444444444444,9.076662518191133
3482,43.44444444444444,15.186088500684344,18.096774193548388,14.518852791056402,-14.90625,12.679608075074718,-80.80645161290323,29.264554531464817,61.629629629629626,14.181751832831196,-98.09677419354838,27.2933346923096
3483,24.451612903225808,4.737215118185213,11.40625,4.122039657439021,-50.774193548387096,21.56716392652281,-91.66666666666667,25.257405011926856,48.25806451612903,10.032102477789484,-112.23809523809524,12.946427203065062
3484,26.916666666666668,10.136224916385565,10.8125,4.46120429368573,-50.625,16.442608521764424,-76.81818181818181,29.241372253019684,49.166666666666664,12.700612408681542,-102.2,12.44025723206719
3485,50.206896551724135,11.940598120364703,27.88235294117647,14.22872964831521,-39.74285714285714,16.934061798032737,-69.6470588235294,23.63432492962075,63.62068965517241,12.457967380295779,-85.33333333333333,23.63313886315681
3486,53.77272727272727,14.093621439830722,22.333333333333332,15.627610892974724,-10.411764705882353,4.116806636922986,-49.375,36.71065070248687,69.95454545454545,16.134314850729776,-77.5,36.649522507121425
3487,45.142857142857146,13.12680178756684,23.32,16.869427968962075,-19.694915254237287,21.371812766469333,-69.15789473684211,16.463451785414687,71.45238095238095,14.33145455175995,-98.73214285714286,19.106366806669982
3488,32.09090909090909,7.696373157508303,14.393939393939394,9.19136417460794,-11.235294117647058,5.589164009515154,-74.08823529411765,7.179905156914243,55.303030303030305,14.598640136929419,-103.02941176470588,10.291302135977704
3489,47.193548387096776,11.819664737450177,15.65625,8.759314238997252,-10.818181818181818,5.219163670693572,-68.29032258064517,15.335376660365945,65.16129032258064,12.831656353981764,-91.03225806451613,15.891738310016557
3490,37.13513513513514,16.579313326767906,15.432432432432432,9.548002594403288,-19.31578947368421,11.461848071704518,-73.84210526315789,20.367061018105566,63.0,23.727051501882258,-101.73684210526316,18.566642712311996
3491,47.0,24.835246600028164,30.047619047619047,15.784690766215027,-23.828125,21.677000114969207,-46.12903225806452,29.319972203793395,67.1842105263158,19.0482148122764,-98.31147540983606,14.10678360664844
3492,53.06060606060606,21.422077812726492,19.575757575757574,14.727896233216136,-21.545454545454547,8.446232472245043,-73.84848484848484,5.826383108632517,75.51515151515152,19.91058986101132,-102.3030303030303,15.214595959512135
3493,45.275862068965516,7.776607503072087,18.82758620689655,6.362980030084805,-10.8,2.856571371417141,-73.46666666666667,6.200716804441958,67.03448275862068,10.848431504681757,-93.66666666666667,8.28787601794868
3494,36.689655172413794,9.161777602987925,19.515151515151516,13.255350462591853,-20.8,6.112282715974451,-66.65714285714286,6.3242971699531605,62.93103448275862,25.23944782510213,-90.11764705882354,3.7555034587087928
3495,39.351351351351354,1.9342743064954475,12.27027027027027,3.1075205084983377,-10.421052631578947,0.4937279747182558,-63.5,3.618301433429489,60.891891891891895,12.500343311574749,-93.10526315789474,4.153562033041865
3496,44.74074074074074,9.601668807855622,19.75862068965517,12.325066055397706,-13.5,5.820223363411408,-83.28125,2.9815513474532014,70.18518518518519,12.841013681680813,-105.65625,7.687690546418996
3497,48.46666666666667,10.144730432867872,21.4,9.32952303175248,-20.5625,20.11208824935889,-79.14285714285714,8.80630571852711,66.6,9.228939989691845,-105.5,6.532883852371128
3498,42.28125,5.215567892137921,12.53125,2.5615470789153965,-10.108108108108109,0.6486486486486486,-70.8108108108108,9.429218069205945,67.3125,11.514766335015226,-95.08333333333333,4.651015420791942
3499,47.851851851851855,1.6932043630611051,20.964285714285715,2.4419275591388114,-81.46428571428571,0.9813308331452918,-117.33333333333333,7.760297817881877,70.11111111111111,10.100727268767566,-132.0,7.788880963698615
3500,55.892857142857146,16.6783419990338,36.58620689655172,18.773637498436766,-41.516129032258064,22.3359553443465,-76.375,14.840295650693756,71.82142857142857,12.74209438780592,-91.04166666666667,15.878389839303257
3501,41.666666666666664,13.243447016879289,15.333333333333334,5.2493385826745405,-19.23076923076923,11.301149336742743,-65.23076923076923,10.393443540956637,63.083333333333336,19.093883546541516,-92.0,10.190493307301361
3502,40.51428571428571,4.101368611792401,16.944444444444443,8.293050787136462,-20.25,8.493052716452691,-85.31428571428572,11.634361492876986,60.6,8.543000476580646,-104.62857142857143,6.685103757227553
3503,30.964285714285715,12.17280969695852,10.827586206896552,9.702715458934737,-56.32142857142857,26.75557828542966,-105.70370370370371,21.854425460498952,65.75,9.642261886389225,-130.55555555555554,17.374594763903893
3504,41.758620689655174,1.6114926131790235,13.482758620689655,1.1632501926505516,-26.433333333333334,3.844332047168778,-83.76666666666667,1.3585122581543219,56.724137931034484,2.5983622391426904,-102.82758620689656,3.3944068144344035
3505,45.869565217391305,11.440980300907203,19.23076923076923,7.001690412968375,-23.133333333333333,25.535247969990206,-69.48,27.213408459801574,64.78260869565217,11.970821488425532,-103.88,13.112802904032378
3506,,,,,,,,,,,,
3507,51.407407407407405,25.797299972498212,39.25925925925926,24.80381182263695,-26.689655172413794,21.328471255296066,-83.875,12.719121104332118,59.81481481481482,23.06679036099949,-107.29166666666667,9.628426518503542
3508,52.36,12.995014428618385,25.703703703703702,13.94118549296456,-17.428571428571427,11.857573141934504,-79.42857142857143,14.629785105902886,73.36,14.019643362083073,-103.67857142857143,8.77111155778922
3509,54.0,1.6492422502470643,20.64,6.904375424323333,-12.68,0.6144916598294886,-80.16666666666667,2.153807997220014,83.4,15.317963311093287,-104.20833333333333,2.9577464206535504
3510,47.04255319148936,14.764761739557263,21.88,18.335364735941308,-12.596153846153847,4.6295855246638995,-78.73076923076923,14.100075538007404,81.85106382978724,20.22845975289886,-99.37254901960785,13.80531410088404
3511,54.125,1.562916611125921,29.583333333333332,8.27101700047958,-9.692307692307692,0.605692913385524,-79.8076923076923,16.744733341398906,78.58333333333333,11.975379836239943,-106.5,7.667363402008642
3512,61.95454545454545,7.92566184633683,37.0,8.824037418531065,-10.76086956521739,2.4950802253260025,-74.41304347826087,3.3723690998963516,77.97727272727273,8.244801768286921,-94.65217391304348,5.242872558570009
3513,69.80952380952381,20.172161504738224,49.925925925925924,25.69468301524213,-28.605263157894736,6.076440585894494,-73.5,2.4894514297436356,85.9047619047619,16.306308337878853,-98.55263157894737,10.24874156182641
3514,37.96296296296296,6.477776718971602,10.75925925925926,0.7437439121490076,-11.5,0.5,-84.96296296296296,8.593630205549886,54.129629629629626,9.098323606874972,-103.35185185185185,10.720622921729127
3515,37.14545454545455,20.904473798529068,14.12280701754386,13.498629138245134,-11.966101694915254,0.5513035921115456,-35.220338983050844,5.784455489397364,54.36363636363637,17.592729527603304,-100.39655172413794,1.0160717998729358
3516,43.45161290322581,10.868239343647215,16.516129032258064,10.388799700117291,-10.588235294117647,0.5998846486579746,-71.61764705882354,10.803089715671359,68.0,13.833106618170678,-93.8529411764706,9.337250990273493
3517,46.774193548387096,1.6792793657832739,20.78125,3.9507465671060196,-22.205882352941178,14.83394242104455,-75.21212121212122,2.899922420671574,64.25806451612904,8.281217543081311,-96.15151515151516,4.342330139182098
3518,50.09090909090909,5.426442756699414,18.09090909090909,5.1160095503241845,-13.666666666666666,3.655828136698902,-97.19047619047619,4.392841011713834,81.0909090909091,19.280015774486877,-126.19047619047619,16.952648473009553
3519,56.172413793103445,7.381565881522567,12.068965517241379,2.1644627346862366,-63.857142857142854,17.457528637308574,-106.07407407407408,19.463024632527315,82.3103448275862,4.8145143220221085,-128.88888888888889,14.883083445291375
3520,38.96551724137931,7.388167420674063,18.310344827586206,3.1742873028593257,-9.9,0.5972157622389639,-74.1,10.584107583227476,69.75862068965517,18.094874817174812,-102.43333333333334,5.794729406011025
3521,43.4375,15.416990424528388,14.106060606060606,8.317795431772275,-9.575757575757576,4.421231852407837,-51.09090909090909,17.190313756657893,58.78125,13.380803355460388,-68.03030303030303,19.03741905171489
3522,39.333333333333336,22.39200101379306,9.725,1.516369018412075,-33.1,23.366428909869818,-86.925,25.03436388247163,62.97435897435897,25.90959349054895,-111.6923076923077,17.69275361756875
3523,41.46478873239437,5.616452155455517,12.972222222222221,5.2835494756582335,-11.643835616438356,7.671991156260881,-66.61111111111111,5.940808857095405,67.32394366197182,13.39410701604961,-86.76388888888889,6.5648327717458015
3524,46.861111111111114,19.26590652736039,18.02777777777778,10.023544812953347,-12.777777777777779,4.927874858119264,-69.27777777777777,18.359997444793926,73.22222222222223,20.630494030696823,-99.16666666666667,26.432828914901343
3525,65.10526315789474,25.381084413069892,11.0,6.18869937870632,-9.024390243902438,0.6803085698039685,-49.75,9.286414808740776,84.8157894736842,20.132266930108802,-78.1,8.575546629807338
3526,45.421052631578945,26.312526113448595,27.454545454545453,20.7840132460401,-9.6,0.6928203230275508,-70.68,0.9682974749528165,67.94736842105263,25.60319405282027,-89.56,1.8128430709799457
3527,54.705882352941174,20.86163014859451,23.444444444444443,18.3945107217169,-12.972222222222221,9.613318628950587,-79.05555555555556,13.138037322650518,84.94117647058823,16.189940915618287,-102.41666666666667,15.021050044668797
3528,53.84615384615385,17.069298367114044,32.13333333333333,17.250571649143176,-27.25,8.066132902450839,-82.90625,1.6461958988832404,68.38461538461539,14.892116972713923,-102.64516129032258,4.915731082022249
3529,42.9,3.6999999999999997,19.272727272727273,6.4960254854363075,-12.272727272727273,4.3919535742476965,-73.81818181818181,5.474206988118036,65.2,15.334927453366058,-101.72727272727273,11.136270871598798
3530,52.14705882352941,9.73209472930002,22.714285714285715,9.487048098995444,-14.257142857142858,10.055113431605283,-90.31884057971014,10.26531059219814,66.82352941176471,12.211302836103005,-109.6376811594203,11.402988439335367
3531,41.470588235294116,3.8519307161752705,10.942028985507246,3.733452604089936,-9.732394366197184,0.6491109082705867,-66.11267605633803,1.917666538113061,59.73529411764706,10.005318654799709,-86.4225352112676,3.3595018570665216
3532,42.7,18.47187050625897,17.625,12.78121179700892,-23.205882352941178,14.744449427745197,-76.625,19.678271646666534,63.56666666666667,16.443201905008916,-96.41935483870968,15.867951457410456
3533,45.53125,4.373102266983931,20.696969696969695,3.6802902428760964,-13.71875,2.18280746688754,-65.55172413793103,28.016726785725147,65.5625,10.428139515273086,-97.79310344827586,20.806794829051974
3534,45.829268292682926,10.594297681632485,26.955555555555556,13.556393416729088,-12.698412698412698,8.072361076753786,-74.41935483870968,12.91978775803996,71.02439024390245,14.749101344890677,-102.24193548387096,14.257635740159145
3535,54.541666666666664,15.451480961024057,18.0,12.505998560690786,-26.22222222222222,22.72106761532668,-75.21739130434783,19.108287575402255,72.16666666666667,15.399314559060377,-111.3913043478261,14.279018144404816
3536,50.86486486486486,17.406370629607196,15.0,6.458659745975609,-13.984615384615385,12.721263009008922,-55.276923076923076,9.794044803321427,61.16216216216216,14.822396336722768,-84.6923076923077,9.720593645884101
3537,47.5,8.709190547921201,12.96875,4.426372491950943,-41.90909090909091,21.007017061930053,-78.9090909090909,25.892977445472265,65.13333333333334,10.397863028312862,-98.5,22.92031651375934
3538,44.0,22.871926022965358,12.4375,6.10295778700787,-14.0,5.755432216610669,-84.0,19.934266979249575,75.875,17.13138567075063,-106.3125,15.74292996077922
3539,33.93333333333333,1.6918103387266028,15.966666666666667,2.880779215574996,-9.566666666666666,0.7608474807008885,-72.4,1.724335620850342,57.93333333333333,14.385023075716248,-92.56666666666666,3.8529930645610513
3540,34.67857142857143,3.024348470905657,14.857142857142858,2.3255457994428155,-10.827586206896552,0.46005738152159764,-81.75862068965517,15.296281207769361,52.785714285714285,8.985532589577947,-102.17241379310344,15.188627700190105
3541,38.875,6.808771915698161,18.375,1.996089927833914,-26.06896551724138,6.957660300767773,-85.85714285714286,1.1248582677159729,73.1875,22.806848615054207,-106.21428571428571,2.024089616472108
3542,43.857142857142854,5.138887356744272,19.942857142857143,5.539174034058854,-11.057142857142857,0.8599952539024235,-72.51428571428572,6.711914474899642,67.91428571428571,8.566951211558548,-93.77142857142857,7.638570226295024
3543,39.301886792452834,3.4672859575916655,15.60377358490566,3.1880651412671317,-13.075471698113208,2.568672343388617,-68.79245283018868,6.882733360513536,70.90566037735849,15.7997661207235,-89.79245283018868,6.852512252619714
3544,47.57142857142857,19.260300716070592,18.214285714285715,12.370348022755126,-27.8,26.018454988719068,-74.84615384615384,15.06318055007055,73.64285714285714,21.37958686911133,-103.76923076923077,17.383253860911637
3545,53.80952380952381,13.29023647222006,26.32,16.27690388249559,-15.028571428571428,11.04661736017143,-66.48387096774194,27.014776085525725,67.52380952380952,14.424248920345896,-90.03225806451613,29.261318594159196
3546,46.87096774193548,15.804739867814401,21.852941176470587,8.088235294117649,-15.764705882352942,14.444740185657263,-36.55882352941177,18.094833803619828,63.935483870967744,15.56658017402204,-94.5,8.440971508067067
3547,40.11538461538461,19.74515894529968,10.310344827586206,3.2600343585651013,-47.93103448275862,23.693344088630866,-105.8076923076923,17.18008514076071,71.03846153846153,20.462875896140027,-127.26923076923077,14.794899568920293
3548,51.911764705882355,9.214335528878593,21.852941176470587,7.526941230716329,-12.0,4.38829612231705,-81.48484848484848,18.080830652883602,66.32352941176471,12.18176213524641,-103.06060606060606,15.358226290304675
3549,40.035714285714285,10.203228280644257,13.068965517241379,3.0278139887607165,-11.125,0.33071891388307384,-73.19354838709677,1.990612725231163,61.92857142857143,15.847326433882808,-91.54838709677419,2.6981320859776106
3550,42.94117647058823,5.433778754889954,16.647058823529413,5.845472621868174,-14.470588235294118,4.532466502375469,-71.72727272727273,2.873839447158466,62.23529411764706,8.684193970282724,-90.33333333333333,4.057665149398908
3551,48.11538461538461,13.81700992666682,20.71698113207547,19.262219702504915,-14.636363636363637,15.12296704457842,-97.32727272727273,12.979780843442681,71.73076923076923,17.48308565510301,-116.30909090909091,12.12041512531305
3552,56.36363636363637,23.79052291809185,18.771428571428572,15.023953663182983,-18.405405405405407,12.144311224022413,-70.83783783783784,9.671673640106476,81.21212121212122,22.34408277138264,-94.25,7.492125495775177
3553,42.31578947368421,20.39105229875142,12.285714285714286,13.643916687851549,-50.833333333333336,25.517423241559655,-86.05405405405405,30.148233730654262,72.39473684210526,16.845332749965603,-106.89189189189189,24.986248957402264
3554,39.035714285714285,2.7836530835928386,17.607142857142858,3.3202762978218474,-19.133333333333333,10.242829470197947,-74.7,8.65313045473525,71.89285714285714,18.649663508481645,-96.4,10.553356496079024
3555,59.9,29.286344940944748,37.27272727272727,22.060210619166433,-11.8,1.4966629547095767,-48.76,39.59523203619345,71.7,30.61551894056346,-72.36,49.9959038322141
3556,50.975,8.076160907262807,19.3,8.28009661779378,-10.829268292682928,4.190013906632666,-65.2439024390244,9.744993681072367,77.05,14.122588289686847,-93.09756097560975,19.158905307656422
3557,32.46153846153846,18.03464778447473,13.5,7.606930038812282,-59.96153846153846,16.24921481944653,-93.91304347826087,24.355899282672254,56.42307692307692,18.485281206997506,-121.69565217391305,17.223428893096134
3558,61.25,25.36114153582208,24.8,8.255906976220118,-47.8421052631579,43.900920932547216,-85.3529411764706,48.41358727181814,94.55,26.058539866999453,-156.11764705882354,34.33379805062811
3559,52.78378378378378,4.1922395171872955,21.0,9.019498397990398,-16.263157894736842,0.9370786218297291,-71.43243243243244,4.4511798650897685,71.97297297297297,10.220505320152695,-92.94594594594595,7.359296183834599
3560,54.84,28.21160045087836,30.08,20.82867254531599,-17.923076923076923,3.0245543463596154,-88.38461538461539,4.4555662946383325,82.36,20.922485512003586,-120.11538461538461,8.40936713559955
3561,42.294117647058826,3.5191025908578877,13.942857142857143,4.275798051778385,-16.257142857142856,9.472796712218647,-78.61764705882354,1.9854575096161966,67.97058823529412,9.011382652015063,-98.1470588235294,3.0691285689932215
3562,48.666666666666664,8.246211251235321,18.620689655172413,13.902155112275041,-15.4375,9.839135823333267,-78.6875,6.44901882071994,68.96296296296296,8.487382711703566,-99.75,7.145802963978226
3563,34.833333333333336,2.353484414413847,15.0,2.7386127875258306,-11.0,0.6030226891555273,-63.63636363636363,1.966664332071267,51.46666666666667,8.857137736813677,-88.45454545454545,3.985510948505995
3564,47.0,20.049937655763422,13.75,3.766629793329841,-10.206896551724139,2.6571868757666874,-80.93103448275862,2.8153646726827857,78.0,24.041630560342615,-98.20689655172414,2.7085981912628254
3565,51.473684210526315,12.6859575123654,28.36842105263158,4.770639660473541,-56.729166666666664,22.826099447172798,-85.57142857142857,30.292339796393016,88.73684210526316,17.489371525114628,-106.45238095238095,22.0758458619719
3566,51.18181818181818,19.213244398866596,25.346153846153847,16.33764484414,-12.75,11.986972094736853,-66.8076923076923,31.417803907448143,76.36363636363636,14.784959970264174,-107.07692307692308,29.503484900970175
3567,48.22222222222222,25.999050315039405,9.555555555555555,0.6849348892187752,-29.666666666666668,23.73932508635314,-74.375,2.8256636388643286,75.55555555555556,22.559113019950797,-102.25,14.00669482783144
3568,32.8,1.4,13.9,2.5993588953175872,-10.0,1.7320508075688772,-78.3103448275862,8.804792771165197,48.36666666666667,8.942346199714903,-101.62068965517241,3.517579429325956
3569,44.096774193548384,16.373375001782968,17.5,5.385164807134504,-13.090909090909092,7.488834664225081,-72.06060606060606,18.080525927486423,71.0,23.01472179616427,-99.36363636363636,21.981835726990017
3570,45.388888888888886,4.889204535264844,20.403508771929825,8.254418591579347,-9.288135593220339,0.48888830853749005,-80.15254237288136,16.120114353089406,67.11111111111111,10.109890036158152,-107.22413793103448,16.03556726032121
3571,46.26190476190476,12.683058673847686,20.666666666666668,19.049642749639396,-22.735849056603772,2.9978038716179864,-85.0,1.8501559185854912,61.976190476190474,14.54793078927148,-108.5,3.910046232266511
3572,40.24590163934426,8.851517861324213,16.44927536231884,4.882789152695705,-11.47887323943662,8.92513329671963,-75.38235294117646,21.906236965601362,59.459016393442624,12.345535823536501,-94.72058823529412,20.021933258771117
3573,42.48275862068966,17.333683950232956,23.15625,12.90133078164807,-14.4,9.81311076352157,-82.74285714285715,20.43434483852105,59.241379310344826,17.048925888734807,-100.37142857142857,15.976922132135666
3574,64.66666666666667,19.529180445909372,32.785714285714285,15.612168200425184,-22.0,22.831265113144006,-86.66666666666667,14.724884455309734,79.66666666666667,20.84999333866134,-105.26666666666667,16.512486857594233
3575,47.2,5.173006862551025,22.8125,10.88702639612856,-21.193548387096776,7.095747726353141,-77.12903225806451,7.546594769289169,65.7,9.345765529550446,-94.7741935483871,9.114715777492709
3576,43.875,5.06879752341059,15.166666666666666,6.315765107165473,-16.12,16.22915894308759,-78.52,14.732603300163891,69.0,15.540270267920054,-104.2,21.859551687992138
3577,48.35294117647059,1.6066470922056075,26.88235294117647,3.393460023966107,-46.31428571428572,19.427184824469077,-66.45454545454545,32.227497114233586,62.73529411764706,5.892711467813996,-90.81818181818181,18.35913536198449
3578,34.77777777777778,10.774913708800584,18.814814814814813,9.714582536300535,-11.3125,8.636541191356642,-96.0,21.6072904363319,61.111111111111114,16.74057685924374,-123.83870967741936,9.291330590476223
3579,47.4,10.451794104363135,24.384615384615383,13.527967961218836,-28.933333333333334,10.754637242707084,-82.33333333333333,2.9589788028229536,65.3,9.187491496594705,-101.66666666666667,6.425643072011461
3580,65.21739130434783,19.922581729282086,25.367346938775512,12.11626310942348,-19.26530612244898,20.67017521148856,-45.25,15.413062641798351,78.26086956521739,20.101302988924676,-103.22916666666667,12.433556046932921
3581,41.85,19.269859885323505,16.047619047619047,7.5874344147236235,-12.25,8.382770027463078,-95.16666666666667,12.34796429466097,74.25,22.362636248886222,-124.47826086956522,22.511580720612283
3582,52.09090909090909,15.388629482685321,13.333333333333334,3.4480268109295333,-11.583333333333334,0.8620067027323834,-34.5,24.91819950691997,70.9090909090909,17.005103755020382,-93.25,15.308630463456444
3583,43.282051282051285,8.117561582683079,20.025641025641026,5.735571325965703,-12.9,3.32264954516723,-66.51282051282051,8.56310450195337,69.58974358974359,17.88383878471967,-90.76315789473684,12.844073403973065
3584,40.689655172413794,2.0017827963724124,15.1,3.330165161069343,-11.566666666666666,0.5587684871413404,-68.3103448275862,1.3921813267714724,65.44827586206897,11.795926260268551,-90.86206896551724,3.148334402900229
3585,27.41025641025641,10.504499521189198,9.563636363636364,0.5645154435003645,-75.25454545454545,1.4549999289994586,-110.3157894736842,4.69661279489297,45.15384615384615,13.644832705682946,-132.60526315789474,9.502186656056457
3586,39.58536585365854,2.326680979065721,18.073170731707318,4.749275908365139,-23.048780487804876,4.466412427911762,-68.025,5.8201696710663,62.26829268292683,14.675389038336661,-93.8,8.532877591996735
3587,71.8,4.261455150532504,35.875,22.37430166507996,-20.8,10.351811435686027,-75.0,5.2345009313209605,80.2,2.7129319932501073,-96.7,3.226453160980336
3588,33.37735849056604,12.716393245467495,14.621212121212121,12.652422395342171,-53.56923076923077,24.450244126998456,-80.14285714285714,32.23172899087942,59.867924528301884,6.868131865002209,-107.76190476190476,18.730938912995214
3589,25.607142857142858,8.869447098705459,9.696969696969697,6.156961315084363,-60.303030303030305,16.579441172884636,-84.0,31.351058816073323,46.785714285714285,10.444948002527836,-101.77777777777777,30.662238005503983
3590,69.82608695652173,6.431256378121946,35.07692307692308,10.458427139147267,-30.846153846153847,8.19330077043391,-103.625,13.256484262427954,84.3913043478261,10.68822647847614,-124.45833333333333,17.375699426370023
3591,38.59183673469388,5.013933106637367,12.9,3.7107950630558943,-11.03921568627451,0.558737523481373,-64.13725490196079,6.287303134073534,60.326530612244895,11.721927394456069,-90.76470588235294,10.63768409724177
3592,45.65853658536585,18.9448619150515,17.80952380952381,8.469098156401687,-20.906976744186046,13.802281499116534,-65.57142857142857,13.856651930429964,67.78048780487805,17.02868769577078,-93.95238095238095,14.311088576199495
3593,40.407407407407405,7.186712323392692,19.85185185185185,3.797696218846989,-22.1875,5.730605879835045,-71.15625,2.693851506208165,57.592592592592595,11.056284484934213,-90.9375,3.904624661859319
3594,41.06060606060606,1.5942965379352612,13.545454545454545,2.323671456082523,-22.25,10.111874208078342,-81.625,14.628204777073638,57.27272727272727,6.026571100439298,-106.0625,15.165622102307575
3595,47.89473684210526,13.297782707306807,18.210526315789473,12.959771551626984,-10.25,0.4330127018922193,-71.55,16.7376073558917,70.3157894736842,4.920982268002442,-88.85,7.611011759286672
3596,39.878787878787875,13.588670806533576,14.823529411764707,6.157112521472718,-13.735294117647058,6.748894565384117,-56.375,27.877802549698927,59.666666666666664,14.197026292697903,-78.875,26.066921087846183
3597,46.36538461538461,15.862423966179954,17.70175438596491,16.976728046586125,-11.241379310344827,5.3733388606429875,-75.22413793103448,19.948246058452387,73.25,17.106988000859136,-101.27586206896552,17.06356584742037
3598,65.06666666666666,18.6027477062455,27.125,17.499553565734185,-18.647058823529413,7.387916815915887,-80.6470588235294,39.127154970114596,82.33333333333333,20.088692231092484,-110.25,28.88879540583165
3599,51.526315789473685,18.678353418505413,25.454545454545453,23.571414260666113,-17.74074074074074,21.054765612726698,-93.15384615384616,11.420939971056901,78.3157894736842,17.60996318349643,-115.72,13.539630718745618
3600,43.66129032258065,14.894189761704,12.785714285714286,4.65918983157172,-10.229007633587786,4.640618683246934,-50.78125,20.222565327808933,58.306451612903224,12.988939103015776,-71.21875,17.98564423192842
3601,33.392857142857146,18.724199936587574,15.40625,14.203563318319103,-48.41935483870968,21.18242453689346,-79.58333333333333,30.11632539928395,57.642857142857146,17.080093437587944,-107.5,20.52843556305903
3602,51.0,11.640446726822816,27.09090909090909,13.714322609159344,-22.060606060606062,3.2186896820063566,-80.21212121212122,3.426789077145983,73.0,10.535653752852738,-99.72727272727273,4.980402364618608
3603,45.12903225806452,5.283827641714528,19.696969696969695,6.585037440287703,-15.264705882352942,9.84380612523133,-74.3529411764706,10.878695728865923,62.064516129032256,8.159441330776575,-98.1470588235294,14.322200687253044
3604,45.15625,3.192857018016936,13.06060606060606,3.76538777382038,-11.235294117647058,2.2103875562418747,-67.36363636363636,2.3201120900061785,65.03125,7.9194553750557874,-88.51515151515152,5.141166075260241
3605,48.11864406779661,18.547314434648456,26.53030303030303,19.019304146345707,-11.706666666666667,8.852530084043142,-62.71232876712329,14.277561140162918,69.54237288135593,17.93048916864962,-90.63013698630137,15.027378529227473
3606,37.72222222222222,14.007163070513265,15.8125,9.754606283700024,-63.395833333333336,10.750464298758864,-102.4,16.766898606745638,75.66666666666667,13.914420976494535,-141.6888888888889,16.762156082771984
3607,43.111111111111114,4.916588197741686,11.379310344827585,0.4852154234300099,-25.782608695652176,4.1802488145119705,-72.05,0.9733961166965892,90.4074074074074,11.873591173378749,-86.65,2.1511624764298953
3608,62.0,22.92846016884443,41.3,24.653802952080234,-29.08,8.71284109805751,-88.6,5.782732917920384,85.42857142857143,21.934038406466023,-109.83333333333333,10.749676997731399
3609,79.07692307692308,13.251772238294066,39.55,15.441745367671361,-17.923076923076923,14.04093761093193,-93.6923076923077,12.645367746482782,98.46153846153847,12.773863849013582,-112.4,12.674383614203887
3610,50.15384615384615,12.841316454477074,23.23076923076923,15.84129873344134,-25.166666666666668,31.12564144809799,-69.9,26.886613769681002,76.38461538461539,13.327464191478736,-112.6,11.28007092176286
3611,41.5,9.589801130069679,14.379310344827585,4.780807846202018,-10.870967741935484,0.7509965630208266,-71.7741935483871,16.039688029745818,64.92857142857143,13.174457352415402,-101.70967741935483,11.517710201382847
3612,45.333333333333336,5.214587154504103,11.303030303030303,2.4677906753336156,-17.848484848484848,9.29359900968407,-88.45454545454545,2.995864918778924,61.72727272727273,9.00933094503332,-105.27272727272727,4.187084957434152
3613,47.56410256410256,17.765992971007584,18.375,7.5950230414397035,-11.682926829268293,5.421002627047041,-61.63414634146341,20.693767292570776,73.12820512820512,18.945508211547658,-93.1951219512195,24.268035297078537
3614,34.41463414634146,1.9377584454674346,13.146341463414634,3.158889706223638,-11.170731707317072,3.2377532033908665,-79.74358974358974,3.5353014503023914,49.853658536585364,7.706699573904975,-103.25641025641026,4.38364061739314
3615,47.19444444444444,14.408368410299397,19.756756756756758,6.511550674307616,-10.54054054054054,5.263821418326438,-58.69444444444444,10.877651514418718,72.77777777777777,20.559008718957557,-92.25714285714285,11.960274380853733
3616,75.375,2.394655507583502,25.541666666666668,15.408274742992985,-28.26086956521739,4.214028242248149,-119.69565217391305,25.05200639818434,90.25,7.922804638089553,-147.69565217391303,20.70377991661278
3617,47.55,19.041993067953783,18.022222222222222,4.896660489621195,-32.55555555555556,12.362228413923791,-57.55555555555556,16.516060272158743,63.725,18.901041637962706,-89.88888888888889,15.395846802479952
3618,43.86046511627907,13.74786477349041,24.52173913043478,14.528441567034287,-29.333333333333332,17.180268221468957,-59.3859649122807,21.66795223119863,58.7906976744186,12.151290752636564,-74.71929824561404,16.581277103550672
3619,32.285714285714285,10.173533551788012,12.978021978021978,4.094966145865031,-9.946236559139784,4.734602869421737,-68.17204301075269,3.599951182207768,51.51648351648352,16.044829119703877,-86.54838709677419,4.811536604382988
3620,44.8,4.166533331199932,20.87272727272727,7.1555561259118345,-12.357142857142858,2.40110518771023,-72.16363636363636,5.707295606545702,64.16363636363636,13.10067817309628,-101.56363636363636,7.411940333281982
3621,56.78333333333333,18.945616614111266,23.984126984126984,15.032760060331372,-13.484375,11.094751275237089,-64.65625,11.241967618593286,77.13333333333334,15.19371214973118,-87.28571428571429,9.880923694737476
3622,45.241379310344826,2.3290544538990727,19.103448275862068,3.707818650349062,-25.9,6.594694837519019,-77.16666666666667,6.23475919520732,62.62068965517241,11.198564541950804,-101.06666666666666,9.24097156989218
3623,40.53333333333333,1.3097921802925667,17.5625,4.821420304225716,-8.823529411764707,0.3812200410828153,-59.11764705882353,15.392444108722252,57.8,11.788129622633102,-81.875,15.535745073861118
3624,39.0,5.686240703077327,14.21875,8.203407733222821,-12.75,5.651327277728657,-67.375,3.9191038516477206,62.3,15.739864463626533,-94.25,5.989574275355469
3625,49.3,12.14125199474914,21.15625,9.213133882534216,-22.914285714285715,11.603869868210662,-84.22857142857143,6.874739327154632,66.46666666666667,10.788059242617377,-108.51428571428572,3.9087552170657576
3626,54.72727272727273,3.886828786623991,25.09090909090909,6.487113736331372,-23.4,4.651881339845203,-89.4,4.862098312457287,85.72727272727273,5.1538319211121335,-108.4,2.8705400188814645
3627,26.703703703703702,15.140856707535887,9.37037037037037,0.5543196128553987,-59.370370370370374,13.584163296111335,-100.04,15.423307038375395,46.370370370370374,18.643136256876296,-127.24,14.49490945125219
3628,54.714285714285715,21.290603465340464,18.43243243243243,12.384690943214858,-9.842105263157896,6.339210957829612,-63.83783783783784,15.214703971706985,82.0,18.380113477031948,-93.5945945945946,11.833209017272418
3629,50.93023255813954,19.004767270758254,18.651162790697676,4.487106701973393,-22.3953488372093,14.274940695325386,-49.57142857142857,22.71578311925628,67.6046511627907,17.777879559230303,-85.92857142857143,19.240820764028477
3630,70.85714285714286,13.06498670305563,36.42857142857143,18.91225712039034,-28.692307692307693,27.571960716486583,-62.0,5.0990195135927845,84.85714285714286,8.253632471802451,-94.54545454545455,2.6752616308294837
3631,29.15625,2.5508500421428146,15.3125,1.9273929931386593,-20.3125,4.914503408280434,-81.78125,1.268226492981439,61.09375,18.06301361726498,-103.25806451612904,4.428410782702278
3632,45.54838709677419,8.874896490727306,17.515151515151516,5.135268498608494,-17.242424242424242,0.9856639980176117,-77.3225806451613,10.44922314375631,65.74193548387096,7.2332910545414,-97.93548387096774,11.39024903823291
3633,46.041666666666664,15.738697443633074,22.03448275862069,15.42385693215208,-12.28125,6.778801401243438,-83.06666666666666,4.057366414587451,66.54166666666667,14.930335915697126,-103.56666666666666,4.469775037839029
3634,53.625,4.662014049742879,26.23076923076923,10.749982798940415,-10.11111111111111,0.3142696805273545,-85.5925925925926,2.1475094836035886,76.45833333333333,12.24737783727149,-112.70370370370371,4.267142463182756
3635,59.6,10.99090533122727,23.071428571428573,13.114682533678948,-26.0,17.316525891919465,-69.70370370370371,22.31394650223938,78.08,7.5837721484759815,-100.76923076923077,18.172903947080734
3636,54.214285714285715,15.297892345159239,14.285714285714286,7.905048761289671,-11.0,0.7302967433402214,-71.4,8.048188201908136,68.42857142857143,14.71012423815791,-91.86666666666666,11.424340486678238
3637,42.23809523809524,12.176889750298708,21.217391304347824,20.13855597288365,-23.458333333333332,18.136011980464602,-77.04347826086956,12.543760828706368,81.57142857142857,23.455269341108526,-98.1304347826087,15.028391530196341
3638,49.84,4.581237096389286,23.763157894736842,7.69974097488561,-9.973684210526315,4.726670365318728,-56.78947368421053,4.691301551734601,65.86666666666666,3.795904225463136,-73.8157894736842,5.743899570106371
3639,37.333333333333336,2.55536974426687,12.512820512820513,2.580715413351001,-18.55,6.633061133443593,-72.75,3.307189138830738,54.53846153846154,12.059353543600352,-92.12820512820512,4.058416308399299
3640,42.12307692307692,11.808090697363388,21.893939393939394,14.19467333713045,-17.676923076923078,6.743903668231815,-66.9076923076923,9.03450322489898,62.261538461538464,13.099943538430201,-90.53846153846153,14.513735587713425
3641,32.8,7.20370275159472,17.0,3.265986323710904,-40.9,19.180458805774173,-80.0,23.777615523849317,61.8,12.139192724394816,-100.1875,17.454292989118752
3642,46.85294117647059,1.6112171676238045,15.441176470588236,4.753891139777828,-15.914285714285715,3.358328058266312,-77.97058823529412,1.8705974842538644,59.6764705882353,3.6919673396944135,-100.38235294117646,2.0002162512846238
3643,39.629629629629626,3.9641742697065636,13.25925925925926,2.988776444715854,-12.483870967741936,4.556958293267175,-75.61290322580645,4.701937962536085,57.592592592592595,11.870471485095425,-94.16129032258064,4.523036192601576
3644,56.5,3.8136750840965497,29.76923076923077,13.269323671172366,-10.131147540983607,1.9031932599683714,-66.60655737704919,8.118545231316839,71.38235294117646,5.759977052049636,-92.81967213114754,9.070774899067398
3645,49.22222222222222,10.05294625446002,17.482758620689655,7.509169978720833,-9.258064516129032,0.5059479723018749,-73.3225806451613,10.571987016133855,71.4074074074074,9.542339410574945,-92.56666666666666,2.8481963103378636
3646,42.74193548387097,15.845967721414041,17.818181818181817,12.393680074341278,-22.142857142857142,16.76755857029172,-78.82857142857142,16.45858128634372,57.774193548387096,16.519215941362887,-106.17142857142858,9.793542228823803
3647,,,,,,,,,,,,
3648,48.77272727272727,20.86957728844423,21.08,8.36143528349051,-32.84,24.86069990969683,-58.96,34.85453198652938,67.63636363636364,21.17147621113553,-113.32,16.190663976502012
3649,45.31818181818182,0.6997638326518478,15.782608695652174,5.460980336733072,-9.08,0.39191835884530846,-82.72,0.7756287771866126,56.18181818181818,0.6492207662311681,-101.04,0.6621178142898739
3650,53.38709677419355,2.980337925793832,24.375,6.918047051010856,-17.870967741935484,4.1716550091167,-77.6774193548387,1.7850110106137962,69.7741935483871,6.514052687394532,-97.19354838709677,4.980085210041249
3651,35.3,10.488565202161828,14.433333333333334,2.7770888034454755,-12.366666666666667,1.2242911781471306,-74.96666666666667,12.012447248120962,61.6,12.986146464598342,-100.76666666666667,14.630295812305215
3652,44.20454545454545,1.3069663947572612,24.68888888888889,7.728223088056233,-22.977777777777778,6.987254710904829,-90.37777777777778,2.0362153224809436,60.79545454545455,13.221159943361016,-110.37777777777778,2.4791476034125464
3653,36.07142857142857,2.8651673028759395,16.464285714285715,3.041171565333978,-17.0,10.544438590327376,-78.55555555555556,4.076430295076476,71.03571428571429,20.160927811092467,-104.25925925925925,8.711816549919499
3654,36.733333333333334,16.335918162816018,12.866666666666667,4.7239343301484995,-13.0,11.045361017187261,-84.16129032258064,14.90203877412048,57.46666666666667,20.47068364488321,-111.33333333333333,9.46337971105226
3655,34.407407407407405,4.847750599098126,14.655172413793103,11.284031628715852,-14.03225806451613,7.506916685760612,-79.58064516129032,2.1064293828792913,57.22222222222222,15.029189705698592,-98.93548387096774,5.713230168601408
3656,45.28,12.523641642908824,22.107142857142858,20.01845449599352,-9.821428571428571,0.4670248868079293,-63.92857142857143,18.409874236065686,71.92,17.917410527193933,-101.96428571428571,17.356518213334027
3657,49.26086956521739,11.565380842257856,22.26086956521739,7.775196859268457,-13.64,7.944205435410138,-84.52,2.0023985617254123,74.43478260869566,17.51726126836171,-114.12,14.236066872559991
3658,42.825,2.931616448309703,19.977272727272727,14.187844727671955,-20.984848484848484,4.08059867949591,-73.57575757575758,1.5575875485935027,72.25,13.142963897081968,-94.66153846153846,5.0877739520326815
3659,46.535714285714285,11.248752765329595,22.125,13.10713069287096,-23.424242424242426,13.989238944426564,-75.84375,18.010603430687713,65.92857142857143,11.41405327852021,-101.0625,15.704174405233788
3660,68.4776119402985,19.410228269171643,34.78823529411765,17.27704639630081,-12.505263157894737,7.082779240725576,-60.410526315789475,13.665550029827871,83.38805970149254,13.025755455652682,-90.41489361702128,17.774240010965478
3661,30.774193548387096,6.302634766095612,13.9375,1.7309228030157786,-10.34375,0.592102978796763,-76.71875,6.558555362082415,52.483870967741936,15.092982705585156,-101.78125,5.176475484101127
3662,22.766666666666666,5.245209454561584,11.314285714285715,5.0129627884482995,-49.86486486486486,20.409539584782888,-74.36,24.99100638229681,43.7,11.759109943642276,-101.66666666666667,10.49073665457081
3663,37.0,1.439245834257849,10.964285714285714,0.32537262782658216,-13.62962962962963,8.24238435544144,-92.37037037037037,1.7245106261959726,64.17857142857143,15.53349737877232,-113.53846153846153,3.2843541600321835
3664,59.08571428571429,23.99448916322416,18.64864864864865,13.743236599429684,-10.717948717948717,4.830186692515066,-79.6923076923077,27.072697805527767,72.68571428571428,24.11848304702839,-104.34210526315789,26.968086710610837
3665,40.2,1.3012814197295421,16.225806451612904,4.30086020967715,-10.06060606060606,0.48862168171506365,-71.54545454545455,1.1829831088450384,55.63333333333333,7.565198095372137,-91.21212121212122,1.5716730278654474
3666,28.325581395348838,3.880307649230551,9.534883720930232,0.5434102997929267,-54.395348837209305,10.880192232577855,-92.74418604651163,4.822876798815152,47.46511627906977,1.743410680371285,-117.06976744186046,6.180973615025196
3667,,,38.666666666666664,16.027753706895076,-19.925925925925927,2.552064174363291,-79.46153846153847,4.0499835634117485,,,-108.73076923076923,8.373757966720026
3668,41.833333333333336,6.904507384471555,19.03125,8.487065066175704,-10.911764705882353,8.658106188316593,-83.11764705882354,2.48246445247167,64.06666666666666,9.04040313752041,-104.29411764705883,2.9056680082890516
3669,44.285714285714285,16.232368771019445,14.821428571428571,8.018075879930704,-32.964285714285715,9.589734626363843,-102.42857142857143,20.545122068664533,75.5,17.296779221247274,-128.5185185185185,25.804636922345985
3670,41.378787878787875,1.4009212500865227,15.348484848484848,4.047043156475662,-10.666666666666666,0.502518907629606,-70.98484848484848,1.3539216243645518,56.5,4.815536723917069,-93.84615384615384,2.6383606170427365
3671,55.32142857142857,5.378884453042626,28.946428571428573,9.551401622755881,-11.0,3.712387127148539,-89.79629629629629,3.4714690541167132,78.69642857142857,12.023666606882836,-117.70370370370371,9.068932783858
3672,47.607142857142854,7.092950653965656,21.862068965517242,13.407985623426153,-20.655172413793103,15.838137869622491,-78.78571428571429,4.731030866653112,69.96428571428571,14.378759490644383,-102.21428571428571,9.193775622891916
3673,58.42857142857143,16.96234324718652,26.8,15.709303683557152,-17.9375,11.875054824434848,-63.333333333333336,8.549691352453738,77.4047619047619,13.225263565308712,-84.375,15.077059008086866
3674,57.404761904761905,12.301876596700746,25.5,7.765154154787853,-38.72727272727273,19.073260240408484,-77.0,30.658114749605854,83.95238095238095,16.07119929289716,-96.76,26.383752576159445
3675,30.794117647058822,4.963273420332865,12.911764705882353,2.5013837001197787,-10.971428571428572,4.245910397316553,-65.94285714285714,11.756925878921285,55.44117647058823,12.799795900189393,-86.08571428571429,12.896004760215863
3676,36.5,1.8874586088176875,12.4375,2.4866832830097203,-9.82857142857143,0.44629998148038025,-80.23529411764706,2.5788600255038796,55.53125,9.45047741849585,-102.76470588235294,3.670701355722987
3677,55.65217391304348,5.129697810000914,20.6,9.54148835350125,-27.64516129032258,8.626846271198337,-78.17241379310344,2.7924648056590136,72.91304347826087,6.006612613201068,-97.82758620689656,7.602490361114851
3678,37.206896551724135,1.1104304957313529,11.254237288135593,8.934020334290988,-18.278688524590162,6.921411652519941,-68.21311475409836,1.2818372329393188,59.43103448275862,15.517634094647375,-90.0327868852459,4.0203058896538435
3679,55.5,22.42122963758987,19.764705882352942,16.28434618877429,-26.342105263157894,19.479106641934763,-73.38888888888889,25.68427726772611,79.38461538461539,15.479706126898789,-100.0,22.855828335216575
3680,34.782051282051285,1.4290703083082024,12.166666666666666,2.5790908091242932,-12.278481012658228,3.554055301354006,-70.70886075949367,1.956177483691265,52.1025641025641,12.881700142201074,-88.26923076923077,1.7147405942940528
3681,59.63636363636363,14.738772165912522,32.69565217391305,17.86771385733812,-53.30769230769231,35.986930566493626,-101.20833333333333,12.284743813183715,79.27272727272727,18.02317149515594,-121.875,10.921357134837532
3682,44.27272727272727,2.80986063789785,12.411764705882353,3.299889900648412,-13.4,6.825163524990235,-72.17142857142858,0.8446711713768276,62.36363636363637,7.078855333842158,-91.02857142857142,1.2532406971120749
3683,44.08695652173913,11.119559904797066,20.06896551724138,9.801235089246305,-13.818181818181818,10.549894572084295,-76.90625,12.327204100585826,64.3913043478261,14.275972914183566,-100.28125,6.667244441109085
3684,34.54838709677419,1.1869915801918778,11.35483870967742,0.5417050201208601,-22.5,4.904079934095692,-92.26666666666667,1.7499206331208914,58.87096774193548,14.933707133223647,-110.16666666666667,4.328843828193492
3685,35.395348837209305,15.230232380587129,19.51063829787234,13.007154071486365,-12.035087719298245,11.19518209701333,-66.21818181818182,15.325191274607496,63.674418604651166,26.084585959182473,-90.85454545454546,12.638207844495245
3686,49.47826086956522,25.979707072715833,45.464285714285715,30.558471052414,-17.963636363636365,6.292748023395694,-83.41818181818182,5.901281552929173,84.04347826086956,19.355884985034272,-107.74545454545455,6.761436592425342
3687,38.83870967741935,18.05385630183551,13.53125,6.684797935427817,-21.53125,15.514075010695933,-55.15625,25.51973424504064,57.806451612903224,19.547162742452336,-83.40625,23.263248073678362
3688,57.05263157894737,24.951476455018017,34.69565217391305,22.413960677897187,-15.185185185185185,2.1948936874117115,-89.73076923076923,12.599016116371615,79.73684210526316,22.20678441914153,-118.92307692307692,8.874869779859727
3689,60.15384615384615,14.807375953996644,29.74,15.17077453527011,-18.14814814814815,7.224975733414093,-63.629629629629626,3.1346114195725563,73.33333333333333,12.672063627570552,-84.62264150943396,9.132621221802559
3690,29.8125,4.034519023378127,14.303030303030303,1.8826938869101901,-12.264705882352942,2.3677840661857332,-69.55882352941177,1.2412322262358348,58.25,16.441183047457383,-92.61764705882354,3.009931657249859
3691,54.333333333333336,19.063636122792058,24.125,13.950246413594277,-10.529411764705882,0.6056253024110001,-73.29411764705883,6.303730976291206,73.73333333333333,20.15429372504915,-99.41176470588235,12.898056504438781
3692,48.78947368421053,21.039008750335075,21.55263157894737,15.840815649555845,-13.763157894736842,7.449599814494863,-71.63157894736842,27.804222561398248,71.07894736842105,20.572569344111653,-101.5,23.67071252790983
3693,26.708333333333332,2.0712147536060947,11.222222222222221,5.833068777069639,-55.607142857142854,16.18495616683743,-90.23809523809524,22.430643924062295,45.291666666666664,1.9467743977039444,-122.80952380952381,16.337567131407372
3694,47.0,13.700084222088114,31.5,20.82666559965853,-21.071428571428573,16.046647561381278,-69.44444444444444,9.519311106935064,77.07692307692308,17.613201073939,-96.5925925925926,7.248291033622564
3695,34.37837837837838,15.61418508116007,8.368421052631579,1.2653489768601376,-27.897435897435898,20.859474723325857,-94.3157894736842,31.891349481405648,59.21621621621622,16.74472104814761,-115.8157894736842,21.581979889613432
3696,29.78787878787879,5.238306317524464,11.393939393939394,2.014182952470772,-9.176470588235293,0.5128116404165498,-74.94117647058823,2.8691172701781644,54.03030303030303,11.925233873533704,-98.17647058823529,6.537091403203786
3697,43.06666666666667,3.265305839002255,15.166666666666666,6.20796978801354,-16.677419354838708,9.5254738152381,-75.03225806451613,1.3315978993903415,58.5,9.131447493871567,-95.29032258064517,4.371414094576755
3698,59.175438596491226,5.24194555758506,25.93103448275862,8.655996663596298,-13.737704918032787,6.040577649460036,-64.50819672131148,6.099241959939849,77.43859649122807,8.17144695868389,-94.11666666666666,9.257594479969164
3699,47.270270270270274,10.520632620606273,16.86,11.13015723159381,-13.0,10.931157124405054,-66.29787234042553,24.44265098066137,68.72972972972973,9.791470774452323,-88.80851063829788,21.12136993650193
3700,52.30555555555556,23.77419170777473,10.083333333333334,3.677068578818368,-8.5,3.593976442141304,-63.861111111111114,34.385197701738676,77.25,20.13478885467196,-102.27777777777777,29.544327441162327
3701,46.148148148148145,5.771601637286968,15.785714285714286,6.252754495061372,-10.571428571428571,0.49487165930539345,-69.42857142857143,9.57835570226872,66.70370370370371,15.340130896188874,-91.21428571428571,1.9884872724392937
3702,41.794117647058826,6.982243916092178,13.676470588235293,9.501456817820078,-20.02777777777778,4.699208627885664,-68.19444444444444,11.03987581563721,57.94117647058823,8.105703062987734,-88.77777777777777,13.460046043984132
3703,41.77272727272727,4.010574864505293,23.76923076923077,11.735245047776418,-11.555555555555555,1.227262335243029,-76.07407407407408,15.890658625433643,65.77272727272727,10.157540048393152,-99.6923076923077,16.023466519138136
3704,37.857142857142854,10.442749657449577,10.448275862068966,9.201147630431953,-62.62068965517241,21.107955344720637,-103.5,20.90316501614786,66.32142857142857,9.819999896088781,-122.5,16.14656429280045
3705,62.08695652173913,27.188413522448762,39.291666666666664,19.42180725942419,-10.615384615384615,1.5951108733329016,-42.57692307692308,38.068938556784545,73.91304347826087,28.495481020037666,-67.65384615384616,55.69072724064318
3706,45.53125,21.327775867105785,15.25,1.7219981933143187,-53.8,8.420383432056829,-96.9375,13.990928980950478,77.59375,24.732139230917735,-119.9375,13.371933059584167
3707,37.25806451612903,8.143739895140847,20.53125,10.491021086505356,-13.705882352941176,4.239377116877001,-63.6764705882353,4.830787222628566,67.35483870967742,16.90494943194348,-84.61764705882354,7.522572721218503
3708,33.53846153846154,15.056894074529371,14.617647058823529,15.537458922159228,-45.8,17.227552682507504,-80.1,21.48697279748825,54.84615384615385,16.524323115875877,-115.43333333333334,19.763068812532353
3709,49.28,17.705411602106288,23.387096774193548,16.880371153530877,-28.6875,20.620738196049142,-60.833333333333336,29.11137616503593,75.52,15.510306251006135,-97.82758620689656,22.026737616716456
3710,38.67272727272727,4.62426228201781,11.0,1.747725795010606,-13.37037037037037,0.6468240443175179,-91.20370370370371,2.003512005617373,63.67272727272727,15.975042518599892,-114.20370370370371,5.285828816995389
3711,50.75609756097561,20.694974631897285,12.023809523809524,8.385043644257301,-16.214285714285715,0.7726181304565691,-62.926829268292686,15.759457468534821,81.8048780487805,19.044517183200664,-100.63414634146342,16.465419932074607
3712,40.74,11.064917532453642,15.235294117647058,9.512815371173973,-10.865384615384615,1.3732169719570924,-93.23529411764706,1.2616241523251304,70.84,17.148014462321868,-112.90196078431373,3.8919469494438976
3713,45.58620689655172,13.631902848375155,19.138461538461538,11.569026184770493,-18.47761194029851,8.996447406557873,-63.059701492537314,8.375302350550223,64.53448275862068,8.288370575778261,-79.8955223880597,9.049011372335817
3714,48.333333333333336,9.236100668331606,15.36,4.807327740023557,-25.0,9.856107606091623,-81.57142857142857,4.686062704816208,76.375,15.410528057143273,-107.88888888888889,10.594664392053527
3715,41.357142857142854,13.782012826543895,16.655172413793103,8.72284302779288,-16.689655172413794,17.049832536898016,-76.32142857142857,11.991227660933076,64.07142857142857,15.876596818292397,-97.21428571428571,10.328037923387905
3716,45.206896551724135,9.444499622914359,21.419354838709676,8.257056390078017,-18.21875,8.630376494539505,-70.5,0.9682458365518543,74.3103448275862,13.928644383566283,-88.03125,2.468354398683463
3717,41.31428571428572,11.896629603310652,16.35135135135135,13.20568308499856,-16.46511627906977,7.701853709846385,-66.775,4.412978019433136,70.6,17.652519043225208,-88.425,6.464856920303806
3718,27.8,3.655133376499413,9.8,0.6,-62.3,10.159232254457025,-100.71428571428571,3.3685217493004562,47.6,2.8705400188814645,-130.85714285714286,10.105565247901367
3719,31.043478260869566,16.3267671947675,10.709677419354838,9.006068020299665,-52.45161290322581,30.293019221061066,-79.19047619047619,38.10089243751578,50.0,22.310067916409007,-106.75,20.29008378494283
3720,223.6,48.91053056346864,146.0,56.615663321499056,-67.5,116.5228875943835,-149.5,130.52554028490619,279.0,49.90791520390328,-260.3333333333333,149.65812893242904
3721,42.29032258064516,2.5927137157948543,17.59375,10.75540380169429,-24.21212121212121,12.691580544304966,-83.57575757575758,6.8225575184637055,55.54838709677419,8.867624003252468,-104.21212121212122,5.714190606580947
3722,34.63414634146341,11.321803048599065,12.121951219512194,2.1206892799301618,-17.804878048780488,6.302223812681354,-67.375,8.202705346408585,62.19512195121951,19.568789875213284,-94.425,14.854102968540376
3723,42.97872340425532,2.374414702366447,19.872340425531913,5.261732670197251,-25.56,10.976629719545066,-81.22448979591837,2.2247706244753704,62.234042553191486,11.664116214356707,-100.53061224489795,7.887220458687058
3724,35.76923076923077,2.3089740030467127,16.77777777777778,2.042752923427804,-10.066666666666666,2.5024432505497947,-79.96666666666667,9.332678548460184,69.46153846153847,18.479158258449665,-101.79310344827586,2.1395989044811823
3725,46.170212765957444,6.501453680118828,17.95744680851064,7.154696261029967,-10.382978723404255,1.839902766734337,-63.638297872340424,2.1969566175409962,70.25531914893617,11.239118775757769,-83.8936170212766,7.062740238966355
3726,59.258620689655174,16.991438356061792,21.93103448275862,14.535167898115148,-27.07936507936508,9.191613823276132,-78.61290322580645,4.773430627795558,79.82758620689656,13.430713554662535,-98.06451612903226,7.2130503764780975
3727,59.4,9.850888284819801,29.25,28.51205885235228,-23.90909090909091,13.020644764474786,-88.63636363636364,20.258657979750186,82.4,3.1999999999999997,-103.54545454545455,22.121004565236333
3728,44.148148148148145,7.265870005788369,14.357142857142858,3.4144052579191775,-25.35483870967742,12.01490576150543,-103.12903225806451,11.241461090559906,59.2962962962963,8.767848736592349,-122.83870967741936,12.834170051690634
3729,73.19047619047619,14.978139777749908,30.0,21.861131967697624,-26.75,5.606915373001451,-94.25,18.358127173906748,101.38095238095238,12.322941015985052,-121.5,18.91207727000571
3730,27.892857142857142,12.77927810870363,13.137931034482758,10.139455667668903,-56.86206896551724,15.865217078904434,-79.46153846153847,28.48917577071465,44.035714285714285,15.724144634599236,-105.92307692307692,17.534412488069716
3731,45.833333333333336,6.890008869531462,23.263157894736842,7.846166380456516,-27.8,23.726778120933318,-89.88,16.681294913764937,72.72222222222223,16.956826077343717,-116.96,9.618648553721048
3732,45.785714285714285,3.188787755078531,17.821428571428573,6.2965612578191745,-10.655172413793103,0.543035025793918,-82.93103448275862,2.1161291024229323,70.53571428571429,9.310064227402911,-102.10344827586206,3.23072349734392
3733,59.55,16.402667465994668,31.863636363636363,16.58393377652396,-23.3,8.641566216066778,-79.3,8.367197858303578,78.5,12.30243878261542,-97.96666666666667,9.50257275104426
3734,45.0,18.871495259606043,17.288888888888888,7.75635143958298,-19.622222222222224,10.78947818507331,-75.35555555555555,16.828752585389296,65.4,21.780113253455166,-100.15555555555555,19.153132097278565
3735,63.76,16.1524734947933,19.96,17.224354850037198,-20.25,14.101566106878579,-89.04166666666667,16.534003262636936,83.96,18.016614554349548,-113.95833333333333,17.97794752529393
3736,52.241379310344826,9.572428699183465,23.93103448275862,8.237555020936059,-10.466666666666667,0.5617433182117573,-70.86666666666666,7.817643862159209,73.62068965517241,10.790844756498839,-101.63333333333334,8.047704986861508
3737,50.54929577464789,21.77981280872129,19.714285714285715,16.049321013964313,-11.674418604651162,3.282943448376055,-65.5,5.635745550233504,78.21126760563381,13.241968592169098,-88.27906976744185,9.513333559469949
3738,47.611111111111114,6.965302010592609,22.324324324324323,14.005894616300731,-12.078947368421053,4.954432247187033,-67.35135135135135,14.981459201141627,82.27777777777777,15.641133645883697,-102.5945945945946,17.84991401214728
3739,40.3448275862069,1.29390779581336,13.827586206896552,2.841429527510712,-10.6,0.4898979485566356,-44.333333333333336,10.894443027933502,59.206896551724135,12.318697060369674,-98.03333333333333,22.201326286708387
3740,49.84615384615385,6.093453660674946,26.77777777777778,10.086049527031303,-10.071428571428571,0.37115374447904514,-74.96428571428571,2.5701881929031534,68.6923076923077,10.776645798881775,-98.85714285714286,4.103259033241449
3741,37.130434782608695,17.230671207058265,17.137931034482758,8.985521449497613,-42.32142857142857,28.26160137438956,-75.88888888888889,32.44178071256985,60.56521739130435,17.929393129613153,-105.77777777777777,19.389446028289477
3742,48.107142857142854,16.676200504470618,14.89655172413793,9.959728661261074,-17.8,21.417127102702953,-60.111111111111114,32.265488193967585,71.46428571428571,14.274057744376542,-89.88888888888889,31.578630061217186
3743,41.82051282051282,16.350130235303144,14.875,8.4563215998447,-14.925,7.177699840478146,-71.8,23.404273114113156,62.743589743589745,15.623319107483333,-96.7,19.217439996003627
3744,43.19047619047619,24.950654247780566,13.130434782608695,7.176679308560514,-64.65217391304348,24.31783867622281,-113.4090909090909,28.58585010886122,81.95238095238095,29.46099308201753,-156.0,20.91706981208911
3745,42.08695652173913,10.491872811136538,20.583333333333332,10.804770037143575,-10.384615384615385,3.151030638194468,-79.6923076923077,3.110394864485497,62.43478260869565,13.51271892621274,-103.57692307692308,5.89114770666762
3746,43.10344827586207,5.460483921880708,19.46875,15.200707991323958,-10.121212121212121,0.4772125984249582,-68.63636363636364,2.2938413173061285,58.724137931034484,8.161712767018935,-95.0625,3.0815732589052627
3747,28.147058823529413,10.273129865422412,13.588235294117647,10.215667456984663,-27.228571428571428,10.794405202393941,-73.6470588235294,12.440168225033295,63.3235294117647,11.653630053575819,-93.3529411764706,15.113068658967226
3748,41.44736842105263,19.56190896994658,17.307692307692307,10.051543690995533,-9.575,0.6666145812986691,-67.17948717948718,10.63586529184372,66.23684210526316,21.268254339726138,-98.07692307692308,10.92722925770724
3749,46.92,15.160263849946677,30.14814814814815,18.14081484491012,-27.771428571428572,10.309733859072113,-78.85714285714286,11.417137137135706,63.48,13.302992144626712,-96.71428571428571,14.076467553172217
3750,33.41025641025641,1.7934059948764831,13.487179487179487,2.960178397879346,-9.425,0.5425633603552675,-67.075,2.0296243494794792,63.51282051282051,20.033141508794227,-89.725,3.7946508403277366
3751,42.470588235294116,10.555832773226951,15.166666666666666,5.909032633745279,-9.11111111111111,0.4581228472908512,-68.83333333333333,12.781279713358561,63.294117647058826,12.615418698058958,-93.05555555555556,6.3374742797831995
3752,57.78260869565217,18.723285947529828,24.085106382978722,12.96448469035908,-25.928571428571427,7.282212043390247,-77.19642857142857,2.6687319277216313,79.8913043478261,15.757990741579976,-95.48214285714286,3.327327710622678
3753,25.682926829268293,5.786607854180261,9.277777777777779,0.4874980215217846,-77.13207547169812,33.0722694851739,-98.95454545454545,36.774469000217174,52.26829268292683,20.58299604900514,-127.75,25.743600263860813
3754,34.0,2.8939592256975564,13.25,3.897114317029974,-9.9375,0.42847841252506524,-59.13333333333333,1.7461067804945063,61.375,8.816709987291178,-82.6,7.125540915139941
3755,49.1,20.41298606279836,30.38095238095238,19.582490211985153,-17.25,11.377060252982753,-78.0,15.324272685296792,73.4,11.350770898930168,-98.25,18.16647553416274
3756,54.523809523809526,9.584804678532766,25.434782608695652,16.926506321656834,-13.192307692307692,0.6213651700539812,-91.0,2.2013981571160284,80.0952380952381,13.78371973399109,-111.1923076923077,2.449791682968335
3757,57.588235294117645,23.721568303300817,28.742857142857144,19.289290673684132,-10.18918918918919,2.20365590385292,-67.62162162162163,11.285847035836044,86.17647058823529,15.271023287557876,-97.24324324324324,14.898585830596257
3758,36.93478260869565,7.571118388216711,13.106382978723405,10.705405360771431,-9.979591836734693,3.571370261914671,-60.857142857142854,9.930369826847295,74.71739130434783,6.243824926793361,-86.46938775510205,6.00714554379531
3759,34.94117647058823,3.403641445056337,12.294117647058824,1.963331678621016,-14.352941176470589,6.4346596095409305,-74.47058823529412,1.0910139406465535,55.64705882352941,12.170075046752942,-94.41176470588235,4.790417193294666
3760,43.333333333333336,14.67045405644359,23.857142857142858,17.59000179833152,-11.235294117647058,4.796192261326943,-59.1875,17.986865867904836,66.66666666666667,15.606266547626168,-91.75,20.768064425940132
3761,47.40909090909091,5.589430698844926,21.181818181818183,5.014853969018292,-30.565217391304348,10.474922795010793,-81.78260869565217,16.167483528041387,83.54545454545455,19.366623755897137,-107.17391304347827,13.61792991327512
3762,42.035714285714285,13.09166076678788,18.466666666666665,12.101606872183915,-16.84375,1.2275324588376473,-83.375,11.45030021440486,63.357142857142854,14.02093915163594,-109.84375,8.599089250467168
3763,52.903225806451616,13.98929276892931,33.12820512820513,19.586991349152342,-34.40909090909091,24.050437703272852,-68.07692307692308,16.79191596616049,76.90322580645162,17.280148667799985,-91.17948717948718,20.48748435317598
3764,46.92,17.225376628683623,21.703703703703702,13.545027281639438,-18.65625,23.512774951874565,-70.27586206896552,14.89016465883376,75.16,18.591783131265274,-96.17241379310344,16.694143027271036
3765,54.18181818181818,13.175860722743085,23.307692307692307,10.929034128515132,-20.5,22.847319317591726,-67.93103448275862,21.105532914842506,68.9090909090909,13.041573702130398,-93.96551724137932,14.695724826654084
3766,42.72,1.8659046063504963,19.142857142857142,10.605639624121437,-19.35483870967742,10.891098428257152,-85.80645161290323,7.685005739451379,66.12,12.822854596383754,-111.38709677419355,7.876782622016792
3767,57.833333333333336,1.6749792701868151,18.214285714285715,3.6090871704742225,-9.942857142857143,0.9839528775841465,-68.76470588235294,0.9411764705882354,80.25,2.203217344400381,-89.8529411764706,0.9741467742164233
3768,54.638888888888886,18.857878957227193,19.763157894736842,15.528300497591175,-20.102564102564102,8.514828308174259,-74.76923076923077,23.8041814237423,76.83333333333333,20.531141657924866,-99.46153846153847,23.629453756120206
3769,37.333333333333336,12.29918051212524,19.26086956521739,12.441925585990884,-21.6,23.57201730866495,-75.96551724137932,8.695947366131554,61.666666666666664,14.280634017315474,-96.72413793103448,9.005349183236012
3770,34.26923076923077,7.2247315218027435,14.428571428571429,2.1618208500602227,-10.862068965517242,0.5707912192154087,-79.93103448275862,1.9463676954027707,56.61538461538461,20.860483295302856,-102.24137931034483,5.4624433866792055
3771,46.794117647058826,14.195648487693655,22.333333333333332,15.82016996677905,-14.297297297297296,7.745495168038053,-76.43243243243244,12.108832024691374,72.55882352941177,18.989457100424385,-101.35135135135135,13.443005246809264
3772,97.72222222222223,17.96850811699784,29.22222222222222,25.687341360538646,-29.61111111111111,31.59489918200385,-104.58823529411765,22.489366960801227,136.94444444444446,15.728502868014354,-174.76470588235293,31.23257991973936
3773,36.55555555555556,1.4989708403591158,14.642857142857142,2.302394494469457,-8.633333333333333,0.48189440982669873,-77.13333333333334,1.586050300449376,53.629629629629626,10.954952028051052,-94.76666666666667,2.139833846093871
3774,52.0,24.51650104581426,25.11111111111111,20.671743701350426,-10.65,2.4550967394381833,-72.35,12.418836499447119,77.23529411764706,20.2528993182667,-104.95,17.724206611298573
3775,44.689655172413794,3.217446495290862,18.516129032258064,7.102343855475825,-10.90625,6.686550750386929,-69.75,8.284020762890446,63.172413793103445,10.563662392329665,-90.40625,12.331006079696012
3776,47.074074074074076,12.00594274431201,21.142857142857142,9.299440404493955,-29.3125,19.37368947180686,-73.6774193548387,13.226042484125154,66.5925925925926,13.247667186001326,-97.58064516129032,14.178070739926062
3777,63.473684210526315,13.224253719079682,20.0,21.619435700313733,-33.73913043478261,29.897240517281926,-96.57142857142857,18.07279309736423,88.63157894736842,17.372726739030647,-120.71428571428571,18.60144095069457
3778,60.03174603174603,20.921598359201766,35.63013698630137,23.173264501413424,-10.096385542168674,0.6327308918313678,-68.98795180722891,4.44916122026866,84.38095238095238,16.495721976846454,-94.09638554216868,9.099999282180994
3779,60.20422535211268,5.161529869825782,20.640845070422536,10.178921571378694,-10.97887323943662,6.008759228227154,-55.809859154929576,2.294921210073312,69.62676056338029,3.7239407321375193,-72.95070422535211,4.738704085029482
3780,39.44444444444444,3.899984172174276,17.82758620689655,9.501611353424948,-13.636363636363637,13.000741661403646,-71.24242424242425,14.299884091563104,55.666666666666664,9.112466023916744,-96.39393939393939,10.588556985096218
3781,42.5,2.23606797749979,16.4375,5.857353818064946,-28.53125,10.761576252459488,-91.96428571428571,17.895494530462013,58.1875,8.812056726440202,-111.85714285714286,16.758184110871845
3782,41.945945945945944,9.500913031362332,18.63157894736842,10.603924429021498,-12.947368421052632,12.736080881993761,-73.21052631578948,10.756045777869453,78.89189189189189,18.26647169851466,-94.63157894736842,8.628048058303737
3783,62.51428571428571,2.665884238955286,17.365853658536587,3.3404841007501687,-10.181818181818182,0.7767276132106846,-72.75,11.342047674672571,90.85714285714286,0.3499271061118826,-96.20930232558139,7.629679317638101
3784,40.935483870967744,2.046798977963265,13.59375,3.343457931169465,-18.21875,8.406598505786986,-84.5625,1.7666617531378213,61.064516129032256,11.818344089758657,-104.96875,2.5060473733551007
3785,57.333333333333336,19.310331143946986,24.05263157894737,8.230071203954475,-27.36842105263158,22.97186042076557,-59.1578947368421,28.02304156806969,77.4,16.65653025092561,-100.42105263157895,15.89874470209812
3786,64.42105263157895,4.416664488927841,34.63636363636363,16.3444331767048,-31.48,25.040958448110565,-91.75,1.613743060919757,84.84210526315789,9.178138544760284,-115.54166666666667,2.5977420751277234
3787,52.041666666666664,19.896564122704422,22.541666666666668,17.100144167683368,-24.130434782608695,16.842762212339128,-93.78260869565217,25.085863890002884,87.375,20.153189367111764,-120.82608695652173,21.179670675095068
3788,43.540983606557376,1.443740252872393,15.049180327868852,2.370766145157055,-21.233333333333334,4.32190801485743,-79.41666666666667,1.7444355979959694,57.78688524590164,7.152013941056114,-100.11864406779661,2.9057788463371987
3789,61.5,3.8255215833419873,28.5,13.244011709215835,-12.148148148148149,8.289679901355722,-78.62962962962963,16.658104796716263,82.53846153846153,9.098735200483675,-104.88888888888889,16.463952392881296
3790,43.28,19.65404792911628,31.09090909090909,25.603460509912416,-11.090909090909092,7.366441665411962,-98.0,3.3110365390558534,68.0,24.03497451631684,-121.77777777777777,4.661372658534007
3791,43.2093023255814,16.6252233970441,17.644444444444446,10.207090249332799,-14.0,10.452272480183437,-59.4468085106383,12.794294790104603,69.67441860465117,19.350765780451336,-79.70212765957447,16.84966682367368
3792,73.25714285714285,27.512431327511212,20.916666666666668,16.21106446570092,-19.864864864864863,16.418779890413497,-86.70270270270271,19.42673675127931,93.37142857142857,16.83717946227627,-117.21621621621621,14.807111394365291
3793,47.833333333333336,14.0168549333373,17.666666666666668,6.309164410249233,-17.482758620689655,13.343268197226472,-81.78571428571429,5.115502648512536,73.0,18.7794213613377,-106.03571428571429,8.75655730971752
3794,38.31428571428572,11.075768734549511,16.31578947368421,6.645557531392464,-9.926829268292684,0.5127755132104546,-65.8974358974359,7.3372770460859025,70.6,19.689300938036663,-91.61538461538461,13.661879182630365
3795,39.4054054054054,12.471501479772627,15.35,2.6224988083886713,-27.4,9.140021881811881,-82.325,8.445079928573797,73.56756756756756,20.789213082023064,-106.85,12.410781603106228
3796,62.25,20.043456078704274,29.223529411764705,15.737834869091174,-11.776470588235295,7.965183754888203,-76.87058823529412,9.458004061663846,83.28947368421052,18.753817709212175,-102.30588235294118,9.788376695811229
3797,34.77272727272727,16.0409470877213,14.130434782608695,6.618842325060143,-27.76086956521739,21.529741595218923,-69.77272727272727,25.706263506606213,55.29545454545455,15.193568533869469,-93.20454545454545,19.578025187641725
3798,34.588235294117645,6.422010162937456,15.470588235294118,6.598731135237722,-15.323529411764707,6.119979758882781,-69.03030303030303,3.5546371633006495,58.029411764705884,15.917961172501752,-96.15151515151516,4.016037638067712
3799,55.59090909090909,23.807292791971218,29.708333333333332,28.162444210133625,-10.884615384615385,0.6976291210468099,-88.34615384615384,17.929224762708397,82.54545454545455,23.486412460142436,-124.92307692307692,24.55593783263504
3800,49.81818181818182,12.619020145062278,21.62962962962963,15.66819885686869,-31.071428571428573,16.53768115423634,-83.44,15.798936673080247,73.5909090909091,12.932197629838097,-111.84,17.88111853324618
3801,42.84615384615385,1.7326200929770414,19.85,5.725163753116586,-9.804878048780488,0.6332075602803497,-70.53658536585365,9.130750940120837,64.35897435897436,16.88040463041458,-97.25,5.209366564180332
3802,61.23684210526316,18.31369089610904,27.35,16.611065588937997,-28.952380952380953,10.906425325407259,-80.58536585365853,11.617849198027246,82.94736842105263,11.222504102826166,-101.04878048780488,12.798535014320585
3803,57.88,23.438976086851575,20.28,10.630221070137724,-28.56,19.64093684119981,-71.2,35.42202704532873,80.28,18.107501208062917,-111.0,30.590194507390763
3804,38.5,1.6072751268321592,17.233333333333334,3.5466729323252926,-13.806451612903226,4.067331334320154,-67.48387096774194,1.9488783828378342,58.13333333333333,13.987454696580395,-92.61290322580645,5.166126766236801
3805,40.0,9.621404708847278,18.942857142857143,3.31182174419248,-13.114285714285714,7.524327890521627,-83.57142857142857,8.513135109215353,57.542857142857144,11.828157342648472,-105.31428571428572,12.519177126247849
3806,72.42857142857143,15.594783708393159,41.857142857142854,27.77423560181821,-27.62857142857143,10.367767949028275,-74.63636363636364,10.309801696409284,92.19047619047619,12.50378627463754,-97.0909090909091,10.740361814241941
3807,59.372093023255815,18.46936275932477,35.81818181818182,16.856712619327013,-24.472727272727273,10.717622778234402,-64.68518518518519,5.15257603345368,67.72093023255815,14.208293649731235,-82.38888888888889,5.742681870148163
3808,31.514285714285716,1.8573626243594294,14.114285714285714,1.4495601021675224,-22.17142857142857,4.299406698508956,-76.4,1.8547236990991407,48.77142857142857,11.993059217220397,-94.77142857142857,1.898656882952703
3809,60.3,25.946290679016144,39.25,21.741377601246892,-27.192307692307693,17.415773643385272,-83.58333333333333,10.057818959507186,81.5,21.444113411377025,-110.45833333333333,11.800350159588016
3810,39.61290322580645,1.4295819229780862,18.741935483870968,4.007796771741252,-9.666666666666666,0.4714045207910317,-64.52777777777777,1.518151491326634,54.645161290322584,8.719826822402789,-90.02777777777777,4.173235562693339
3811,50.54716981132076,20.8223084629414,25.547169811320753,14.620438056746591,-21.703703703703702,10.049193130738168,-77.77777777777777,15.505873041058736,74.90566037735849,18.897203697446077,-104.05555555555556,14.814178227063756
3812,40.9,2.3345235059857505,15.34,4.589596932193501,-11.584905660377359,4.145622661947296,-75.13207547169812,1.9909013399079876,65.24,10.898733871418276,-95.69811320754717,3.505170873881697
3813,43.26086956521739,16.83995608613594,17.782608695652176,12.318090343736165,-17.583333333333332,14.76458788979752,-84.04166666666667,5.689750775639377,80.34782608695652,21.750779487585735,-113.83333333333333,12.88302069478359
3814,41.94285714285714,19.33604015768461,17.594594594594593,13.439472840891188,-10.131578947368421,0.4685393109148646,-74.92105263157895,9.319988646218995,66.08571428571429,26.248669548402344,-103.76315789473684,13.906519127309577
3815,52.84375,12.614746764699639,34.91428571428571,9.666943463079079,-31.18918918918919,16.20116418545925,-87.05714285714286,11.0141282182551,74.9375,14.893239867470074,-111.17142857142858,10.012808124128428
3816,41.206896551724135,7.420285849800312,15.533333333333333,4.83551674821029,-23.516129032258064,10.338999039783348,-67.76666666666667,11.988003262521337,62.827586206896555,11.82653056513556,-95.9,11.285241099182004
3817,54.27272727272727,12.329498324166309,31.833333333333332,9.83050806870575,-24.774193548387096,17.00229524812678,-82.7741935483871,15.967122829314302,68.18181818181819,11.613614125579137,-108.43333333333334,11.280317174421805
3818,41.4,11.217842929904126,10.461538461538462,0.4985185152621431,-34.8,22.023320972702248,-94.0,26.16295090390226,68.16,15.754821484231423,-114.96428571428571,20.823205021008143
3819,36.607142857142854,12.510964578875504,18.642857142857142,8.56994034699311,-10.172413793103448,1.5328352255788185,-83.41379310344827,5.294872219351736,63.785714285714285,21.494778673065735,-108.0,7.790356549761621
3820,40.57692307692308,9.923449605404661,19.37037037037037,13.657580036573771,-22.620689655172413,7.111980145735874,-74.21428571428571,3.994256080004519,66.76923076923077,15.945357878386503,-99.03571428571429,5.88267518625147
3821,35.766666666666666,0.7156970184527962,11.833333333333334,0.7781745019952503,-13.548387096774194,5.517355079742697,-85.51612903225806,0.7126039365927265,48.733333333333334,4.632733774157784,-106.96774193548387,0.8607525202662151
3822,50.214285714285715,19.667516988420168,16.535714285714285,10.864365548687609,-22.0,10.545818399455099,-82.96428571428571,28.54505479170121,73.25,15.07510957079346,-110.82142857142857,27.07140501318236
3823,50.18987341772152,15.945378243420539,21.835443037974684,10.163760865462137,-14.283950617283951,11.385755198038472,-76.48717948717949,12.789963603067225,74.30379746835443,16.475800766448042,-103.78205128205128,16.0173363097273
3824,64.71428571428571,32.97927611487591,34.625,20.42631574709448,-20.526315789473685,24.4526791580297,-86.47368421052632,11.108879431160755,84.71428571428571,30.578770813912644,-113.10526315789474,8.384790345695846
3825,36.13333333333333,9.386988630841925,14.806451612903226,11.002695724930351,-14.636363636363637,10.764189174993223,-76.09677419354838,6.74108653398611,51.266666666666666,9.797732163901784,-101.7741935483871,6.737998541824998
3826,,,,,,,,,,,,
3827,39.6875,7.931099781871364,14.71875,2.168443782416321,-19.58823529411765,4.659699858163194,-67.02941176470588,15.230552294102504,59.34375,10.558199938318085,-90.11764705882354,19.949590451173435
3828,33.294117647058826,1.445671262052295,14.5,2.2393538984164474,-21.696969696969695,11.411012353795595,-79.57575757575758,10.74224259366872,53.94117647058823,10.380811416972206,-101.33333333333333,13.393048098686771
3829,52.54838709677419,15.941098658210521,17.4375,8.609360821222444,-54.029411764705884,23.663679409242153,-82.3103448275862,30.22228390953735,68.96774193548387,14.54355831457803,-103.58620689655173,21.89554708528861
3830,51.0,10.815059742848364,23.551724137931036,12.240650779681081,-22.75,10.951598056904755,-75.90625,15.232283510278425,70.13793103448276,12.013567439188636,-96.3125,15.529080582893503
3831,56.42553191489362,17.772492109462203,25.0625,13.640329678933718,-10.857142857142858,4.005098791107481,-67.41666666666667,7.454957336490189,77.80851063829788,13.310751210273661,-90.20833333333333,8.485179072293578
3832,61.357142857142854,13.696230674673874,35.096774193548384,17.022480086751465,-42.333333333333336,36.240379128329764,-85.75,18.774058638924558,83.46428571428571,12.251769967924584,-106.75,12.047072027859901
3833,34.81818181818182,10.03767009502898,12.323529411764707,3.855634442606988,-10.694444444444445,2.7266121066713747,-67.97222222222223,8.623244140471314,57.121212121212125,19.589356379913223,-90.11111111111111,10.686902102256289
3834,58.26315789473684,10.649151709547763,20.15,7.888440910598241,-22.0,9.92831448793946,-79.38888888888889,13.254512392594156,81.1842105263158,12.443250681981217,-99.47222222222223,15.307017474041679
3835,41.88235294117647,1.9061002054140765,16.794117647058822,3.314668040913492,-9.38888888888889,0.48749802152178445,-67.47222222222223,8.626464806728675,57.8235294117647,6.161887546157256,-88.31428571428572,1.967905755168293
3836,53.57142857142857,19.133793163309946,24.0625,17.654562972500905,-15.8125,9.049991367399198,-60.625,21.38596210134115,84.0,14.793821103999564,-92.0625,24.58268890398282
3837,40.583333333333336,9.376018463197598,20.307692307692307,10.037503638352558,-24.633333333333333,19.09709111066104,-78.67857142857143,5.203388809424183,62.166666666666664,14.064336299859852,-99.07142857142857,7.210748779369842
3838,48.74,11.288596015448512,17.784313725490197,8.383723084902162,-22.253968253968253,7.3764280381609355,-72.92063492063492,5.235112185701066,72.28,14.292711429256522,-96.31746031746032,10.533130493564439
3839,42.833333333333336,1.5898986690282424,14.805555555555555,3.813859553176811,-18.054054054054053,2.7405458713099176,-68.51351351351352,0.975971355960421,70.91666666666667,19.641756823438964,-93.75675675675676,7.620759008114064
3840,55.19672131147541,2.7390298158597637,25.758064516129032,6.883091681258638,-41.515151515151516,15.54099410283383,-89.44262295081967,8.821591600501046,68.29508196721312,4.802131570066797,-104.67213114754098,8.98399544449655
3841,41.125,4.918608373649333,17.0625,5.169647997365649,-16.387755102040817,5.652582312285938,-66.3265306122449,1.5829158718094134,73.875,18.17005893404495,-87.22448979591837,3.654827984575287
3842,69.84615384615384,28.443861454413497,24.6,13.671381300609923,-37.35294117647059,21.722693951854858,-83.11764705882354,53.09246357611704,109.61538461538461,30.840878121636056,-134.23529411764707,53.88498580775289
3843,37.8,20.79166499665992,8.352941176470589,0.5882352941176471,-54.76470588235294,15.043190414758145,-87.8,23.062812780173484,54.666666666666664,22.305953365762146,-112.0,28.24417344043428
3844,32.54545454545455,3.0707901371008246,16.875,9.900810152036382,-9.607142857142858,0.48838551182776224,-81.14285714285714,2.1165046271470076,63.54545454545455,16.109644973028573,-106.46428571428571,4.204437645912631
3845,37.925925925925924,10.284565659731472,16.655172413793103,10.930109827094256,-15.757575757575758,21.841065440531843,-63.58064516129032,17.64666502998629,61.51851851851852,15.336643049488856,-96.29032258064517,13.768110766895003
3846,68.33333333333333,11.440668201153676,46.857142857142854,21.90517597952314,-29.8,10.790118936632101,-87.66666666666667,1.8499249234015476,83.33333333333333,3.858612300930075,-102.0,1.3165611772087666
3847,45.23529411764706,10.312923997784674,29.097560975609756,11.6510334055402,-25.306122448979593,26.876288070989307,-54.611111111111114,24.99697512564468,59.3235294117647,14.278162240114002,-71.44444444444444,22.462863729132582
3848,43.0,3.8273553073432636,18.56756756756757,5.000219133255038,-17.789473684210527,6.37906895836871,-70.23684210526316,6.937443069567512,73.05405405405405,18.936516911877828,-93.34210526315789,8.718631941783531
3849,42.09090909090909,10.25541582379809,16.833333333333332,8.070866675202168,-12.0,3.3968311024337874,-46.833333333333336,23.92987440186197,65.27272727272727,9.733642774053944,-85.36363636363636,26.8032315801751
3850,43.58536585365854,10.82448806823315,20.40909090909091,15.337592234023894,-17.956521739130434,12.358690872241054,-62.0,9.4798030921885,66.95121951219512,13.596899251097557,-86.62222222222222,12.894941107769338
3851,45.6,2.920772002554991,18.82456140350877,4.966988593184617,-9.728813559322035,0.5152096323244293,-80.36842105263158,16.31771352548842,70.18181818181819,10.824367979182911,-103.75438596491227,7.4956846105513035
3852,43.5,1.479019945774904,15.34375,5.423383255634807,-13.454545454545455,8.041901286918408,-69.81818181818181,8.600403603829319,62.875,7.639330795298761,-90.72727272727273,2.205677622433678
3853,37.13513513513514,6.967733208355468,15.102564102564102,6.2748781653097145,-24.136363636363637,15.898243054860021,-74.75,7.577253640157014,68.83783783783784,15.218256307960663,-100.6590909090909,8.374591392523909
3854,41.53846153846154,14.848545044576872,18.25925925925926,12.515449985525573,-18.032258064516128,21.548869996520725,-79.3,11.375851616472502,62.88461538461539,14.205434829607466,-102.73333333333333,8.951474118204715
3855,37.25806451612903,16.68874015217462,15.161290322580646,7.1441235684213975,-14.580645161290322,8.221820666229462,-80.83870967741936,19.23386927706762,58.74193548387097,20.56456040475942,-105.2258064516129,16.161901990871588
3856,48.61764705882353,5.588931845133752,24.852941176470587,5.41312323101801,-14.11111111111111,11.202127223031688,-70.77777777777777,9.76419511136681,62.94117647058823,6.300985807421624,-92.25714285714285,4.5124770336913445
3857,30.34375,2.0707694071286644,10.75,0.7905694150420949,-9.4375,1.4128318194321643,-77.59375,14.99970702838892,57.6875,15.468592170911998,-109.09375,14.674295926466115
3858,54.9,7.883949940649463,26.193548387096776,9.323640971065762,-21.757575757575758,6.769048556885444,-71.06060606060606,3.7734269766145014,69.33333333333333,10.53987138863131,-99.03030303030303,9.130318619302988
3859,41.75675675675676,2.084763327100204,14.945945945945946,3.2042703427630124,-20.763157894736842,4.486436931852526,-81.84210526315789,1.6145117526503123,61.86486486486486,11.174687037548024,-101.02631578947368,4.107034031007772
3860,49.44444444444444,14.341944011349764,17.65,17.295302830537544,-30.0,8.577016811881876,-84.3913043478261,1.466706764646348,81.72222222222223,24.19092014132473,-106.43478260869566,11.408715535507595
3861,61.6,14.40740550318944,34.36842105263158,18.396826174544316,-21.727272727272727,11.621617076425913,-87.48837209302326,1.70324031847447,81.33333333333333,8.896940797575063,-105.6046511627907,2.5439351944696704
3862,,,,,,,,,,,,
3863,46.853658536585364,9.110596820186267,19.209302325581394,15.860669711563158,-27.692307692307693,8.701322758723485,-83.01923076923077,10.382104397277862,84.02439024390245,16.91656397804588,-102.38461538461539,9.523561563410562
3864,46.62068965517241,2.644627515698484,18.933333333333334,5.075649931015951,-12.081967213114755,3.930941079362144,-84.08196721311475,8.627624489208712,67.05172413793103,10.014510874817159,-105.6,2.7092434368288134
3865,52.116279069767444,15.949351962231674,25.404255319148938,15.463972645389841,-9.745098039215685,0.882135049349176,-64.14285714285714,14.95435231165912,70.6046511627907,12.21729527956495,-87.34693877551021,16.293921516443074
3866,62.526315789473685,12.554589938817434,22.91304347826087,16.024201922684924,-35.88,25.221133995124013,-71.45,26.108379880796893,83.21052631578948,12.935381699934164,-97.1,22.41628872048181
3867,50.473684210526315,15.128809815269433,15.95,10.161077698748297,-12.523809523809524,3.7999880653828573,-80.71428571428571,14.425978079056373,75.47368421052632,20.964552591790774,-99.47619047619048,16.769073142513182
3868,46.970588235294116,10.60378759777303,21.55,18.276966378477585,-33.81578947368421,16.0211295730914,-78.94117647058823,19.673722660488007,66.76470588235294,15.229728713217472,-106.73529411764706,24.674717739048813
3869,45.095238095238095,10.09433958265608,22.318181818181817,12.878404628878686,-14.535714285714286,6.344188245141841,-82.53571428571429,1.2387246568589017,69.0,15.042796092672209,-106.82142857142857,3.433590076920442
3870,28.653846153846153,11.104199855814459,12.275862068965518,11.319487473849255,-49.833333333333336,23.066690751432514,-96.25,22.60155652035623,48.92307692307692,9.285733792813895,-117.78571428571429,21.493117075767607
3871,60.42857142857143,27.937977955551794,34.7,29.786070569982876,-49.333333333333336,33.19772415225008,-105.71428571428571,21.92007746150472,109.14285714285714,16.642703861955088,-132.28571428571428,26.288043375074455
3872,35.25,3.8106211217245587,12.0,2.4714587004658015,-9.947368421052632,0.7590634264134716,-70.70270270270271,16.12428898891671,63.25,17.099991877840825,-95.10810810810811,16.184383169676476
3873,58.794871794871796,12.403844497449036,24.1,7.867019766086773,-12.487804878048781,7.686294267830468,-71.17073170731707,11.18121778572985,77.71794871794872,12.22638743204205,-109.2439024390244,14.043105222249272
3874,41.0,18.715574457459947,13.464285714285714,10.185711781205864,-29.178571428571427,24.173559303250215,-52.833333333333336,27.412993674938573,64.04545454545455,22.762563509426197,-88.72222222222223,31.834302874512158
3875,52.57142857142857,1.7063307492541826,11.523809523809524,0.49943278484292924,-17.36,9.711354179515853,-89.8,1.0583005244258363,72.66666666666667,8.125992002933922,-111.24,1.68
3876,48.486486486486484,21.016880759151963,12.405405405405405,4.929006585177944,-20.513513513513512,10.92139388594604,-70.51351351351352,34.70931148656566,77.43243243243244,17.693395531514685,-101.0,26.60618140374317
3877,44.464285714285715,15.610166428272551,21.0625,17.38163092894335,-22.84375,23.566540601825718,-85.6774193548387,7.301732435941282,73.42857142857143,17.065898685952163,-103.61290322580645,7.76957432036447
3878,43.986486486486484,8.609380872430616,20.12,3.6146369112263548,-10.157894736842104,0.778876241418355,-71.04,9.596443785764253,79.04054054054055,18.12377801225632,-95.13333333333334,8.254830235820856
3879,55.26923076923077,14.617054560466983,25.03125,14.19393438893882,-11.470588235294118,6.0353629167045275,-60.96666666666667,32.44121178720398,67.34615384615384,13.353024168250046,-81.5,29.257192847799555
3880,44.19230769230769,12.070368137809572,21.0,11.166452219591225,-24.636363636363637,15.505264368610291,-66.76666666666667,17.044419093129054,63.65384615384615,14.317666085300967,-94.34482758620689,16.092996682148815
3881,43.18181818181818,10.29402458461997,15.821428571428571,1.4893328187137889,-12.838709677419354,0.5141089500164266,-35.67741935483871,3.296010264372852,60.36363636363637,11.331955839152211,-97.54838709677419,2.167780337601476
3882,43.32142857142857,5.744895693623362,16.06896551724138,4.719227248861529,-18.47222222222222,2.6717255255640717,-80.33333333333333,7.71722460186015,64.96428571428571,9.213662769640154,-106.91666666666667,4.768967975941499
3883,40.77777777777778,18.527923537657532,15.11111111111111,11.92983602797293,-9.555555555555555,0.6849348892187752,-70.44444444444444,18.714884813437855,56.111111111111114,21.06837780204913,-107.66666666666667,9.46337971105226
3884,28.458333333333332,5.751660388289822,9.375,0.5636562191028618,-43.208333333333336,26.318528274878055,-85.4090909090909,28.0026931998742,57.0,14.767644813352376,-111.95454545454545,22.066999781094914
3885,51.375,17.909058462130275,16.5,14.186260959111108,-20.727272727272727,15.045935174965237,-87.0909090909091,2.7120788891229632,71.75,13.273563952458284,-115.45454545454545,13.506655843180269
3886,50.888888888888886,14.124665406285068,23.107142857142858,12.43365044004801,-41.689655172413794,18.10144488093825,-78.78571428571429,17.62983903754643,64.18518518518519,14.976616432977153,-94.46428571428571,19.9883575807396
3887,30.333333333333332,17.160678567262103,9.466666666666667,0.498887651569859,-42.375,29.325490191981448,-89.53846153846153,29.988755289057636,50.2,21.541278204105407,-117.3076923076923,21.362744765252554
3888,54.45945945945946,20.338479831835468,16.878048780487806,15.149974035156403,-12.162790697674419,11.303282570261139,-62.125,31.739712900402864,74.35135135135135,20.684523808898202,-82.41025641025641,32.75293523641691
3889,70.56521739130434,12.485908881812124,29.344827586206897,5.025972968552289,-14.133333333333333,0.7630348761506397,-41.8,5.540156435817795,82.26086956521739,11.368214235139583,-99.03333333333333,9.253768001318287
3890,44.70967741935484,10.60186699439818,20.741935483870968,9.999895941185954,-12.935483870967742,7.052501198366837,-75.45161290322581,3.0143603577351405,70.87096774193549,12.732336114572348,-97.90322580645162,6.8077509843663115
3891,49.85294117647059,2.1575088158933298,21.558823529411764,9.046257518250583,-22.0,4.957715942691862,-72.10810810810811,1.5207356645011025,81.91176470588235,8.444864945316573,-91.86486486486487,6.9366327299625095
3892,34.515625,12.048070628087096,17.53731343283582,15.659938771738405,-11.661764705882353,10.219085797314357,-69.44776119402985,7.265300030968207,71.75,19.419706485938452,-92.76119402985074,9.162039713329182
3893,48.983050847457626,12.162029722193422,22.40909090909091,13.792814634337333,-9.985074626865671,8.039998027239367,-56.21875,13.745986630195011,63.6271186440678,9.520536776429536,-72.796875,12.563811731889928
3894,37.41379310344828,7.01484751169733,13.3,6.644044952687582,-61.806451612903224,22.172955562502057,-98.08695652173913,31.82002793357922,61.0,7.191949522280762,-121.95652173913044,9.271172060746267
3895,40.421052631578945,5.050438120376907,16.210526315789473,4.878297237102102,-26.3,17.01499338818561,-80.22222222222223,14.706595480167527,60.026315789473685,13.364302100638069,-101.97222222222223,18.76682372804482
3896,33.71875,17.965651906833216,13.88888888888889,7.175489831432252,-32.23076923076923,23.122263151656192,-64.47058823529412,39.27522441177333,59.875,22.381284033763567,-100.26470588235294,24.103098194227098
3897,33.7037037037037,1.959115726731584,17.51851851851852,1.6858972854431173,-10.407407407407407,0.4913518207933926,-82.55555555555556,1.1331154474650633,60.48148148148148,17.23985556863615,-102.18518518518519,1.5878482303871124
3898,32.58461538461538,6.4160671099797035,14.833333333333334,1.472817680227909,-11.569230769230769,2.876799668270445,-73.67692307692307,1.3599512695759732,50.4,13.177836871633547,-93.29230769230769,2.1889447891486045
3899,47.68421052631579,21.38753358379091,22.636363636363637,14.806464971716835,-19.851063829787233,2.946174753265125,-65.23404255319149,8.649714706788169,64.8157894736842,20.845112090390444,-89.61702127659575,8.433855763652856
3900,46.60606060606061,14.927987531944908,20.16216216216216,13.575640970410468,-23.055555555555557,14.441345821487777,-73.5,11.837751177532684,79.6969696969697,19.70307597656964,-98.79411764705883,14.557753971407866
3901,44.57692307692308,17.146816427823197,22.73076923076923,14.85198171782963,-26.74074074074074,13.796383295773415,-85.92592592592592,17.046615664821644,68.15384615384616,17.836204122929093,-109.33333333333333,19.123381074059672
3902,45.17857142857143,6.9439262845236165,22.24137931034483,6.5424616922114796,-15.806451612903226,12.126801442070397,-74.41935483870968,2.7211737688984696,68.96428571428571,13.391047496787715,-95.54838709677419,8.257308433129618
3903,48.39393939393939,3.984358767004509,22.470588235294116,6.8695204649731645,-16.314285714285713,14.966193195850112,-73.88571428571429,5.710999054813582,66.6969696969697,8.568741106521825,-96.8,6.273754856543249
3904,61.07142857142857,11.35025247703843,30.810344827586206,14.342433901744903,-18.583333333333332,8.726953776789598,-76.36764705882354,6.646326742611302,78.66666666666667,8.233689986491525,-95.32835820895522,6.07757821883147
3905,40.83870967741935,5.0551588098824505,17.78787878787879,11.509568024323055,-12.82857142857143,12.525370172541157,-67.02941176470588,14.795637858976518,57.70967741935484,8.258694532419316,-90.91176470588235,14.439259486998354
3906,78.0,49.38454549080444,28.75,31.382386248764874,-45.583333333333336,25.151071326861782,-123.16666666666667,79.71912498822908,115.58333333333333,43.570743879605985,-217.33333333333334,48.024877812326494
3907,39.333333333333336,13.944333775567927,17.9,14.453027364535085,-30.8,30.396710348325527,-73.77777777777777,12.603154611954878,67.11111111111111,15.814511229630169,-105.125,17.90556826799976
3908,26.714285714285715,11.151095855363733,9.03448275862069,7.18946911195616,-65.55172413793103,27.678681210980276,-110.45454545454545,20.773075389961516,48.607142857142854,18.194071416092594,-132.8181818181818,15.8476736567415
3909,50.78260869565217,26.61146618142529,24.153846153846153,21.491845157734215,-13.592592592592593,8.62493911630367,-43.25925925925926,17.74843257052753,69.91304347826087,26.02993768633785,-93.46153846153847,11.294078670602195
3910,44.03846153846154,7.572626661615704,23.428571428571427,15.587148028855998,-26.766666666666666,14.818194521900734,-70.0,3.2905297760233916,65.0,12.363096450572318,-94.85714285714286,6.116221322459327
3911,42.82857142857143,2.261298164275358,17.0,4.977728174356026,-8.756756756756756,0.4290407531456092,-65.97297297297297,8.352007321390879,58.42857142857143,7.08433166234055,-90.69444444444444,5.0542580752626804
3912,37.88636363636363,2.366584699624306,11.88888888888889,3.0783994558660748,-14.282608695652174,1.1356485118790414,-71.54347826086956,1.3626464299317234,67.5909090909091,18.67462812312979,-93.06521739130434,3.0173568473161025
3913,44.172413793103445,11.525291425793316,17.0,3.9327683210007,-15.5625,10.723623163371604,-78.34375,13.274998528719316,64.06896551724138,15.303664277197004,-97.625,12.035754027064527
3914,65.62921348314607,15.341346074624328,26.597826086956523,11.35308786056702,-9.763440860215054,0.593836613827272,-68.29032258064517,3.791843666419461,80.8314606741573,12.527036787501654,-91.76086956521739,7.965099913696041
3915,54.72727272727273,1.4200453956193917,15.91304347826087,5.508199764921708,-10.0,0.5,-88.70833333333333,14.128809712388687,77.72727272727273,11.037876188098943,-117.56521739130434,11.359064899344647
3916,42.6,6.517668294720129,15.692307692307692,3.1837233979345965,-22.185185185185187,5.571335613770006,-79.18518518518519,1.9633123378812698,63.8,13.632314550361578,-99.88888888888889,1.9116278371205835
3917,75.93333333333334,35.07224290264628,25.1875,19.304205338474826,-32.5,23.77498685593748,-88.5,41.67283287706753,113.66666666666667,34.44738338716342,-150.1875,47.969024836346215
3918,39.66,7.667098538560725,14.76,5.39837012439866,-10.7,4.104875150354759,-52.58,5.56808764298839,65.56,12.1592105006863,-72.6,9.77957054271812
3919,40.2,22.619165914477634,13.741935483870968,11.292211823500542,-15.37704918032787,15.15403309886565,-53.85,30.955788365559897,58.68333333333333,21.719032871858932,-97.55,20.74160472737504
3920,44.3,6.341135544995075,19.454545454545453,4.271760045262083,-11.529411764705882,0.554940066591565,-81.70588235294117,2.1899424081160337,68.45,13.305919735215602,-104.63636363636364,3.968193099362631
3921,49.56521739130435,15.786141657510928,26.16,18.25525677715874,-12.461538461538462,8.828410298709892,-87.3076923076923,2.349619130661733,80.0,20.70076663146645,-112.11538461538461,8.445877114704333
3922,53.03225806451613,4.42488469664058,21.93548387096774,7.011214444850145,-14.333333333333334,6.6097570975709,-78.23333333333333,2.8830924754891614,73.64516129032258,8.73461185908247,-103.06666666666666,7.201543044530264
3923,40.27777777777778,12.182891262182915,9.027027027027026,0.492455869142935,-14.710526315789474,13.601292304577923,-63.02777777777778,1.1422713997195606,73.19444444444444,22.98407594212959,-82.11111111111111,1.1732617823301599
3924,54.0,17.89362507100834,30.76923076923077,25.846153846153847,-31.82608695652174,15.25052293875466,-99.47826086956522,17.994853286468114,80.72727272727273,17.152211143390172,-118.34782608695652,19.949084528743956
3925,37.6764705882353,9.957913165019875,17.27777777777778,12.772825127135935,-9.35135135135135,0.5309968298483378,-68.32432432432432,3.312988803743932,60.5,17.806558606641676,-93.1891891891892,4.654772835853179
3926,36.54545454545455,6.35843943638026,24.466666666666665,12.6536775506394,-11.972972972972974,3.283755978082698,-65.8108108108108,7.866582890277892,62.36363636363637,12.506527221435048,-89.43243243243244,3.795734024661786
3927,44.282051282051285,1.3950226162805586,15.846153846153847,4.382590625613574,-9.45,0.4974937185533099,-75.55,2.587952858921507,69.61538461538461,15.626432873156002,-99.92307692307692,3.647159874193753
3928,55.43589743589744,19.37655849387098,20.20253164556962,11.130275448768295,-10.225,3.438658895557976,-66.35443037974683,13.256990489075246,73.73076923076923,18.750502951834267,-95.53164556962025,15.987206469856519
3929,46.285714285714285,12.203211353858409,13.172413793103448,7.022471151251145,-28.857142857142858,12.07628811737603,-81.17857142857143,6.530442839001762,67.5,15.253805145883154,-111.78571428571429,11.165498974382595
3930,47.0,14.379645112045955,24.75,17.133665690680438,-22.161290322580644,24.381506442375205,-73.0,19.440448412594773,71.2258064516129,14.061408357444039,-98.27586206896552,17.735404979139282
3931,48.15,11.172622789658657,19.36,15.197052345767583,-33.483870967741936,21.717944071505205,-85.48275862068965,2.554518507234777,69.6,14.77294825009551,-104.72413793103448,5.050753113690847
3932,60.32,25.84835778149165,18.72,12.50446320319269,-23.48,23.49488454962058,-55.16,29.665710846025583,82.72,20.631083345282672,-114.72,22.120614819665388
3933,42.94117647058823,17.936064845593325,9.369565217391305,5.053447792702797,-21.41304347826087,19.564359884590186,-73.15555555555555,22.597891303350067,74.47058823529412,13.267020797091178,-97.66666666666667,17.75762746915627
3934,49.294117647058826,12.474749583163172,22.542857142857144,6.783774158736027,-10.527777777777779,3.3373818007460003,-66.44444444444444,5.6835261181596115,78.17647058823529,19.513902417078256,-99.97222222222223,12.225851733817318
3935,33.35,4.735768153108849,13.804878048780488,2.9732097478382005,-9.333333333333334,0.5194624816493197,-73.76190476190476,2.598621647550905,52.8,18.6134360073577,-98.47619047619048,3.868296630412626
3936,49.24390243902439,7.776702190909178,14.24390243902439,3.7662201262356327,-13.285714285714286,4.277770415519182,-67.47619047619048,1.6364609788037698,80.0,16.810275603144003,-88.11904761904762,1.8413553619986005
3937,50.59375,1.9342210156804729,12.75,3.3354160160315836,-19.93548387096774,3.6361578789578974,-65.90322580645162,0.9623505735597613,73.125,6.840824146256064,-84.2258064516129,1.3370568887782392
3938,146.69230769230768,37.039240346472916,38.38461538461539,15.944801233961261,-18.214285714285715,14.938820815142632,-45.92857142857143,18.04939368081094,175.0,31.478930682649892,-120.14285714285714,51.64142459977143
3939,42.34285714285714,1.1938618523300675,11.857142857142858,0.7228063223242008,-17.194444444444443,4.501971447441692,-72.28571428571429,2.591981355438109,64.97142857142858,16.803886819569392,-94.68571428571428,3.240559286573217
3940,39.65573770491803,6.647778492249946,12.180327868852459,2.9000180707255603,-10.609375,7.065800528558317,-86.109375,11.852105809069332,60.81967213114754,11.307198050859217,-103.9375,13.97752101590264
3941,52.15384615384615,14.007394496897557,20.166666666666668,9.996943977480763,-17.6875,14.9047758705054,-75.84375,14.822089459232798,70.65384615384616,13.66619160188413,-98.96875,14.678820573789299
3942,40.0,1.558387444947959,26.357142857142858,0.9715336077668175,-25.413793103448278,9.095346447039638,-87.0,1.7888543819998317,53.92857142857143,11.572530811700398,-101.52,3.6124230095602035
3943,38.06976744186046,10.198940548802593,16.325581395348838,9.199901238682639,-10.568181818181818,4.125297384722305,-72.75,16.362547312244953,65.16279069767442,21.796020793818414,-105.27272727272727,17.927079106459484
3944,41.714285714285715,18.100625764354792,21.75,19.964030154254928,-10.38888888888889,0.5905636562630361,-80.05555555555556,9.913359236808919,71.07142857142857,9.602561307977647,-105.61111111111111,9.995214904525781
3945,51.09090909090909,22.815284133287598,13.909090909090908,5.1425947722658,-22.391304347826086,18.913393300113114,-95.6086956521739,18.28693791477066,87.22727272727273,30.149524070089274,-120.63636363636364,17.793117807801817
3946,46.76315789473684,17.102530146037513,18.641025641025642,10.802390949697745,-9.435897435897436,0.5903007401651967,-69.0,7.161148740394329,75.26315789473684,21.441087230050815,-95.12820512820512,6.809418391442641
3947,56.075,25.79281634486626,20.725,7.85489497065365,-14.926829268292684,8.724482635866359,-47.80487804878049,29.02414429082098,74.2,23.378622713923935,-91.825,22.196719915338843
3948,40.96551724137931,7.558884968951483,13.516129032258064,9.68494331171291,-23.46875,4.415769857850384,-69.59375,1.538249309279871,66.48275862068965,13.57894081912585,-91.0625,4.030644334346557
3949,50.0,21.961329650091773,27.714285714285715,23.43408762006821,-28.782608695652176,26.338856271988085,-91.34782608695652,19.066493933764434,79.35,19.058528274764555,-116.91304347826087,23.52780601659729
3950,53.92857142857143,8.995747294569535,14.0,7.56386946027767,-26.735294117647058,13.258313315513341,-86.88235294117646,15.497181348806158,71.28571428571429,5.7498890849994595,-105.08823529411765,12.584695764063923
3951,34.64,4.697914430893777,11.25925925925926,0.7978021936495562,-15.0,5.6467436886859215,-67.08571428571429,2.1563385444700804,60.88,15.526287386236287,-88.82857142857142,6.38966001458926
3952,39.925925925925924,9.857976375338666,15.466666666666667,1.8208667044996882,-29.84375,13.856653129002689,-88.4375,26.181980325216042,68.62962962962963,15.468362330775651,-107.3125,24.193797629764536
3953,29.0,14.625631299506045,19.2,22.15220079360062,-71.08333333333333,41.34601619933359,-102.33333333333333,26.419689627245813,49.77272727272727,20.404838593248638,-135.72222222222223,30.244936317332627
3954,45.14705882352941,19.085153381222145,20.694444444444443,16.510635367753526,-15.216216216216216,7.472960754596335,-66.0,10.707410921817125,77.70588235294117,20.35209110771538,-102.27777777777777,16.99446169771381
3955,39.25925925925926,5.712835402861879,21.17241379310345,10.862999412803463,-17.852941176470587,5.396798358837539,-67.81818181818181,1.4450447294019835,66.62962962962963,13.033143357945224,-86.42424242424242,3.908268647370389
3956,49.61702127659574,6.343209441664677,19.895833333333332,14.163096976728722,-31.26530612244898,14.76174801634704,-88.8125,12.319794793339701,77.23404255319149,14.811169973982109,-111.375,10.676346519292075
3957,40.0,11.661903789690601,15.903225806451612,9.08509889061408,-12.64516129032258,8.399494558897766,-80.46666666666667,2.186829262247563,60.77777777777778,16.461702655587835,-100.13333333333334,5.226428566005237
3958,45.21212121212121,2.6940740328354993,11.393939393939394,3.4195462567989203,-7.970588235294118,0.4527883623041368,-75.76470588235294,20.01772570899486,60.63636363636363,7.091686049120035,-99.55882352941177,18.221175748966928
3959,57.68421052631579,21.494314135747736,19.55263157894737,8.622789170262266,-14.23076923076923,6.757565706678618,-82.87179487179488,25.338912496830346,75.78947368421052,20.197912730536295,-105.28205128205128,23.368781188880615
3960,29.214285714285715,1.8391990270833904,11.642857142857142,1.1088696211614302,-22.862068965517242,6.1516700167713605,-79.27586206896552,1.7399276981438432,62.214285714285715,23.223075259099428,-98.57142857142857,1.6130842558051737
3961,52.829268292682926,9.96066027546071,15.292682926829269,9.342386759435685,-17.48780487804878,9.06379006284848,-74.375,7.244610065421051,68.95121951219512,11.148556112377907,-98.6,13.028430450365077
3962,64.77777777777777,18.69508418915267,32.54545454545455,21.2661217405595,-16.636363636363637,8.434482548904146,-86.5,21.90091322296858,84.44444444444444,14.244773787144307,-117.33333333333333,13.50719972623654
3963,67.71428571428571,21.053543660872677,24.636363636363637,17.777783516987135,-24.91304347826087,18.069703309511247,-50.08695652173913,19.571303401260646,91.61904761904762,15.52103393241139,-105.73913043478261,31.23851773929429
3964,50.19047619047619,22.528540729312457,23.9375,18.129633028553005,-13.82,14.477140601651971,-58.395833333333336,4.927556795433436,71.11904761904762,16.35644969765805,-77.6875,6.886448800603497
3965,36.148148148148145,9.308314497956488,11.379310344827585,2.5786095304606786,-12.67741935483871,6.472707449542836,-73.56666666666666,1.54236470683457,61.851851851851855,19.42069095864989,-91.3,2.0680103158994805
3966,43.89655172413793,17.966145994689484,16.09090909090909,14.705932911920868,-27.54054054054054,15.039757392009971,-77.66666666666667,10.287532908007309,75.0,21.180667828356416,-100.05555555555556,7.302756117629854
3967,45.142857142857146,1.505093393264677,16.5,3.3327380420823443,-13.407407407407407,0.5616944773371519,-81.5925925925926,4.066659920388386,63.32142857142857,8.293946034085737,-104.92592592592592,9.55656038357334
3968,67.64,3.531345352694919,41.10344827586207,16.748329463965398,-26.571428571428573,14.620017030057923,-98.5,11.87283814908153,83.12,6.5806990510127426,-122.46428571428571,10.547451089708638
3969,37.888888888888886,10.702486153999136,19.066666666666666,14.771443922499778,-13.193548387096774,3.247026976041708,-83.19354838709677,8.15344516472088,60.81481481481482,16.45428467679363,-105.74193548387096,5.830773433649035
3970,35.93939393939394,13.420787571026894,10.676470588235293,7.074064428831037,-40.857142857142854,24.035857566968396,-65.35714285714286,23.48892487613545,54.78787878787879,9.256472185376076,-87.64285714285714,18.647508998167417
3971,50.125,21.911398289474818,22.2,19.288856886814212,-16.612903225806452,18.50837198423362,-71.80645161290323,18.13821372369309,73.8125,19.516719595003664,-97.16666666666667,15.87678248960482
3972,42.205882352941174,19.29916092623582,16.37142857142857,8.740989529749116,-9.542857142857143,0.6904597699196898,-74.61764705882354,24.700577161490106,63.088235294117645,18.832649445075624,-103.88235294117646,24.854594445532662
3973,63.142857142857146,2.4743582965269675,24.06896551724138,9.461103801182078,-27.15625,4.108751140857767,-79.87096774193549,7.250103160484622,84.42857142857143,7.848696759101253,-101.29032258064517,12.849484860735247
3974,37.743589743589745,3.6914172715523934,15.425,3.8851480023288687,-10.487804878048781,0.49985125687607795,-78.85365853658537,2.951320296606052,66.1025641025641,15.613595114506364,-101.26829268292683,7.081492161360476
3975,39.416666666666664,15.939773802939893,18.72,8.964463174111431,-22.03448275862069,9.528479122485065,-91.93103448275862,12.939996894107068,64.45833333333333,21.009876976211817,-110.27586206896552,14.562342914290571
3976,48.1,6.464518543557594,16.55,8.485134059047034,-19.714285714285715,8.338909698874692,-72.30952380952381,1.5351143161728447,68.825,12.83138242747055,-88.78048780487805,3.997024473291999
3977,47.2972972972973,4.758292135498771,19.536585365853657,16.32758784773916,-16.15909090909091,20.87401949991052,-69.76744186046511,10.646185492886426,72.89189189189189,12.472204304152848,-90.27906976744185,5.474361304554799
3978,40.04255319148936,10.956310620705468,24.51851851851852,12.437608351645276,-26.53125,15.451505539509734,-80.41379310344827,9.176496369114206,60.255319148936174,16.12909104970374,-101.36206896551724,10.624789289370383
3979,43.0,12.0,22.5,1.5,-48.60655737704918,2.6381730422408296,-86.16666666666667,2.7938424357067015,75.0,0.0,-93.66666666666667,0.7453559924999299
3980,53.95,18.128637566016923,29.26086956521739,23.264485700226217,-24.166666666666668,10.522462745109731,-69.75,6.12542515531235,76.85,17.485065055641055,-94.34782608695652,12.678666421616425
3981,43.92307692307692,18.49516168940298,21.666666666666668,11.511668798159478,-20.266666666666666,20.068106260653714,-87.10714285714286,7.593885160886665,67.1923076923077,23.219718461768373,-109.39285714285714,6.148979507169612
3982,34.375,1.340475661845451,13.375,0.6959705453537527,-24.233333333333334,4.7165194323309585,-84.23333333333333,2.577897506798041,49.84375,4.416654382844553,-104.20689655172414,4.787766813271504
3983,35.285714285714285,1.5319721849662296,13.620689655172415,2.325477972425843,-17.285714285714285,4.478975830454539,-72.96296296296296,2.7417415590106295,53.392857142857146,8.804784761360017,-97.11111111111111,5.425135829214979
3984,47.94736842105263,13.11276470992865,24.375,15.670600126776682,-24.56,10.844648449811547,-82.91176470588235,7.018327465659102,68.47368421052632,11.477063722474956,-97.44117647058823,5.510370845161972
3985,53.19607843137255,22.10316241045313,28.01851851851852,18.09285795324563,-24.82456140350877,11.264168944072862,-75.82142857142857,9.210062708909252,76.43137254901961,16.68538740988863,-96.80357142857143,9.686919831211908
3986,56.567567567567565,2.1876871724160067,27.43243243243243,8.432692303687942,-9.736842105263158,0.44034738238635557,-80.97222222222223,9.782314288526319,73.78378378378379,5.536781849644056,-103.94444444444444,4.521212008376887
3987,65.33333333333333,25.77681990557494,34.42857142857143,31.307341948238683,-13.909090909090908,3.5917720482069835,-93.63636363636364,19.618047012764578,89.44444444444444,25.044897955077534,-116.63636363636364,24.900794902509826
3988,39.92307692307692,2.4006902360503437,17.142857142857142,3.9253233325811676,-11.6,5.896891836665595,-82.66666666666667,17.31922502756851,67.0,15.089476720294435,-102.73333333333333,12.352957360711464
3989,55.785714285714285,19.243472256580826,27.181818181818183,22.828019127823495,-24.951219512195124,12.233403330609818,-64.85365853658537,11.108250011699733,83.17857142857143,16.267964951814637,-85.39024390243902,13.218387135997226
3990,49.476190476190474,15.536804377008584,23.82608695652174,16.87203029949926,-9.958333333333334,0.3510895738823483,-98.375,3.401133389523753,72.85714285714286,18.52742038499826,-121.95833333333333,9.770189211178165
3991,42.666666666666664,10.884494578170465,16.7,11.86914768071687,-18.125,17.624113452880405,-69.74193548387096,2.7820593664439146,76.375,14.395637359978195,-96.25806451612904,9.98052213365382
3992,57.05,2.6167728216259047,29.19047619047619,5.020140840549886,-9.869565217391305,1.2956229935435952,-91.21739130434783,1.7183541604669132,80.0,8.06225774829855,-114.56521739130434,2.6180989943173207
3993,28.606060606060606,16.26101378542126,14.783783783783784,11.249348654141704,-36.027027027027025,20.39407238534592,-63.47222222222222,31.015664600605998,54.484848484848484,15.60132319975148,-83.66666666666667,29.605742686174924
3994,44.645161290322584,13.738451777112656,19.483870967741936,9.921859112153085,-17.548387096774192,4.864875489421641,-71.38709677419355,13.599519487134733,63.774193548387096,12.963247495900028,-97.54838709677419,15.700500731027493
3995,46.5,10.828203913853857,13.3125,10.569524291565822,-17.38888888888889,21.108552476527638,-75.77777777777777,11.984042888383588,67.92857142857143,14.098957842510842,-95.0,11.045361017187261
3996,52.15384615384615,1.7692307692307694,24.653846153846153,8.637762832213104,-11.392857142857142,0.48838551182776224,-87.07142857142857,11.423436346353215,69.53846153846153,9.580552293501702,-108.75,7.56696296881573
3997,23.321428571428573,4.2598924485800564,8.387096774193548,0.6563545144959937,-53.54838709677419,19.420372923693236,-96.65217391304348,21.312598224998027,50.392857142857146,8.808840063555822,-116.9090909090909,13.58110013922788
3998,37.857142857142854,6.254794079711325,19.24137931034483,11.76392842083827,-10.483870967741936,0.560585393451057,-75.2258064516129,12.191244021889183,56.392857142857146,11.39968447468828,-101.87096774193549,11.724641642460579
3999,35.733333333333334,12.40949457292905,16.125,8.48436061232666,-43.25714285714286,21.786421534187436,-57.23809523809524,31.29872165639139,56.06666666666667,9.36281059416574,-93.05,14.368281038454114
4000,39.73684210526316,18.208852980619238,21.423076923076923,19.57269109464487,-9.75,0.75,-76.2,11.18451310220223,62.94736842105263,15.278032679258036,-100.13333333333334,4.745055906473131
4001,57.74193548387097,18.818261107036747,28.625,15.891723474815436,-11.3125,8.327054926563173,-68.0,18.602755172285637,72.29032258064517,15.744314997314154,-95.71875,19.656796494787752
4002,26.415384615384614,13.7268880530622,13.716417910447761,12.505289591434874,-51.940298507462686,28.442075515200816,-77.73214285714286,40.776608784689195,44.69230769230769,18.39056871745622,-101.05357142857143,29.844489586412255
4003,38.8235294117647,6.363825099434599,16.058823529411764,8.12382544078758,-11.285714285714286,4.520249225565387,-74.25714285714285,8.226587062316764,59.23529411764706,9.295978964772608,-93.02857142857142,10.60050056577037
4004,45.125,19.522022820394408,36.9,28.856368447883387,-22.571428571428573,10.530325498389915,-80.71428571428571,6.932620319171959,64.75,21.798795838302627,-119.67857142857143,10.035841382011675
4005,48.4,7.889233169326408,19.766666666666666,10.732142791115336,-11.033333333333333,7.143684079116476,-81.23333333333333,5.891707920647648,68.56666666666666,7.838721551092089,-102.7,7.2853734747552
4006,38.80952380952381,15.089002768080713,17.904761904761905,7.81880981019954,-25.61904761904762,10.38990439699446,-65.14285714285714,13.881422029137376,64.52380952380952,18.71240751510446,-84.85714285714286,17.330912965498587
4007,45.37837837837838,15.624567196343266,15.69767441860465,10.799515242611221,-12.047619047619047,3.618420998383404,-70.97560975609755,16.150946215395173,75.05405405405405,16.533252236344538,-97.15,15.473444994570537
4008,37.76923076923077,13.451644715875089,16.232558139534884,12.65800088794348,-9.380952380952381,1.1328930717495542,-58.476190476190474,12.41780230390857,68.6923076923077,21.0105636997737,-83.35714285714286,11.211859003435833
4009,27.738095238095237,3.4369111534405414,11.533333333333333,6.708535193650284,-78.82222222222222,11.84208857121053,-110.04545454545455,15.274688726860504,53.476190476190474,1.9668453741012746,-141.95348837209303,9.676039667405957
4010,38.44444444444444,2.543449587168799,14.333333333333334,3.4156502553198664,-8.947368421052632,0.39385867229199384,-61.473684210526315,2.582704030817957,67.88888888888889,18.31480545256848,-85.15789473684211,8.981051151084339
4011,36.25,6.890080862059188,16.392857142857142,2.7818196217877365,-16.966666666666665,5.974854716969182,-84.13333333333334,3.343982987729187,63.17857142857143,17.318556462915254,-110.0,6.96658692139367
4012,31.81578947368421,9.583031228928874,11.179487179487179,2.818180854160838,-9.682926829268293,0.5604451362476125,-60.0,2.695977129525922,60.13157894736842,19.665854796457396,-85.07317073170732,4.975011920085923
4013,25.575757575757574,8.191016154189917,11.147058823529411,6.273812767655616,-54.529411764705884,9.146633241470834,-87.69565217391305,16.54357824342752,41.878787878787875,12.311013979255684,-108.26086956521739,8.763647202354427
4014,55.391304347826086,14.699124879111688,26.82758620689655,15.20451150269787,-22.416666666666668,22.805183377664136,-84.73529411764706,15.895446672349122,80.43478260869566,17.88325932494342,-110.3529411764706,12.242362211842599
4015,64.95238095238095,24.121668169582442,27.130434782608695,19.2383320885698,-59.714285714285715,29.571773634977788,-97.9,28.597027817589716,84.66666666666667,17.414644448562285,-122.9,22.09954750667986
4016,41.857142857142854,13.424518131941642,23.52,18.90422175070955,-24.714285714285715,27.845052321292382,-82.0,21.71139367669923,70.14285714285714,13.649649269122927,-110.34615384615384,12.502129996039468
4017,38.140625,10.208555216551213,10.014492753623188,7.325739322877869,-37.82608695652174,15.318792590384568,-70.29032258064517,16.931919747847694,63.171875,9.419983226331935,-83.61290322580645,11.45306669554361
4018,44.15625,18.651590707966438,24.135135135135137,22.034570089652142,-11.64102564102564,0.7333512639012868,-57.69230769230769,9.064311099040967,74.8125,22.88345130765899,-81.66666666666667,11.346146602923952
4019,47.72222222222222,3.069664396342512,15.675675675675675,4.460360269378649,-10.333333333333334,3.221190521541433,-69.15384615384616,3.562903321575743,72.41666666666667,14.539935427030695,-88.84615384615384,3.61292878948227
4020,37.93650793650794,14.185699277651729,18.060606060606062,15.087501136430163,-12.161764705882353,6.627949496855869,-73.50746268656717,11.634191932414106,64.6984126984127,14.79450232578897,-91.14925373134328,13.20589390277846
4021,44.7,21.78554566679476,22.0,18.12916618784953,-23.75,17.82379028153103,-74.0,21.92549367123287,71.6,20.22473732833136,-104.0909090909091,28.826927264923505
4022,40.583333333333336,14.238787011383923,17.56,15.760913679098682,-10.548387096774194,0.7111421833886648,-75.7741935483871,9.2865135560691,74.04166666666667,17.711764373495438,-101.7741935483871,8.182237557441729
4023,43.0,0.0,11.0,0.0,-27.925925925925927,7.179837643505989,-88.66666666666667,0.769800358919501,53.0,0.0,-106.44444444444444,0.7856742013183862
4024,32.65384615384615,2.6881836546163926,15.518518518518519,2.685632146708637,-16.74074074074074,3.7177511381717347,-82.22222222222223,1.0657403385139377,63.03846153846154,16.57031815587686,-101.92592592592592,3.4418548608856128
4025,65.125,27.3241536922921,19.11111111111111,2.6010444246043614,-151.88888888888889,39.079532706305606,-229.55555555555554,16.938523555697337,189.125,31.656111179359982,-263.3333333333333,10.760008261045982
4026,39.470588235294116,1.2422771812907574,18.73913043478261,9.241764330446243,-38.708333333333336,36.18065685633078,-77.61904761904762,18.527909939116668,65.58823529411765,18.333700321376707,-103.3,12.562245022288014
4027,36.170731707317074,1.7377085981031097,16.048780487804876,2.5657330955631483,-8.595238095238095,0.49084590781162624,-62.51219512195122,2.855221585690126,67.46341463414635,20.03788796739647,-88.3170731707317,3.9782274787516645
4028,64.86666666666666,14.568764151048944,30.36842105263158,21.134184148251112,-31.0,20.34516959688284,-82.11111111111111,11.697841945112762,88.4,12.7216351150314,-109.85185185185185,15.969191875709845
4029,41.421052631578945,16.652219038073177,20.19047619047619,24.80326216567,-10.791666666666666,0.8154327412825385,-79.41666666666667,1.2555432644432802,73.3157894736842,22.26881849152106,-100.08333333333333,1.6562172428626492
4030,41.888888888888886,15.666272650679614,17.821428571428573,12.52156303407552,-31.741935483870968,18.203097471151022,-78.26666666666667,16.705155558156957,61.851851851851855,15.624538401960821,-102.26666666666667,12.230926193692591
4031,47.04545454545455,18.77008566049924,23.958333333333332,20.606388909483602,-31.73076923076923,20.12185511463687,-74.2,7.014271166700073,77.9090909090909,21.438938853720202,-100.875,10.963243513364707
4032,37.75925925925926,12.665109824186706,9.654545454545454,7.176269433013687,-40.527272727272724,23.475987380109796,-68.58695652173913,25.97789703219837,67.16666666666667,11.639253507945526,-87.17391304347827,20.669557900896805
4033,66.40625,11.72832941801602,28.21212121212121,13.604272002300613,-28.804878048780488,33.76765627565795,-84.02702702702703,18.974358923738034,86.875,12.729763352081608,-106.8108108108108,12.11172725834031
4034,56.8,19.229144546755062,23.0,18.060504372298638,-19.083333333333332,15.06352290210435,-85.41666666666667,30.200602459038606,78.0,19.964969321288727,-110.5,19.889276842895352
4035,38.392857142857146,3.744894483677418,20.482758620689655,10.206896551724139,-20.392857142857142,8.812893499681856,-84.53571428571429,4.539368606638899,59.464285714285715,18.080143296795328,-105.35714285714286,2.754402783522692
4036,32.333333333333336,7.180219742846004,19.192307692307693,9.000082182399272,-10.620689655172415,0.4852154234300099,-78.37931034482759,1.6900070006679788,67.83333333333333,22.53639032518049,-100.78571428571429,4.9667260189121345
4037,35.82608695652174,21.398196132654945,19.25925925925926,20.023306036628625,-50.48148148148148,24.282855360765943,-84.38461538461539,33.9185414724941,60.52173913043478,17.628705753419414,-129.28,21.366366092529635
4038,38.84126984126984,1.3825023230423286,11.968253968253968,1.2080188946311394,-23.953125,8.172801094751724,-84.921875,1.831194005116607,53.84126984126984,2.5210626960989844,-103.484375,1.9921109053903099
4039,38.148148148148145,6.742368545821399,15.74074074074074,3.4810874481508685,-25.714285714285715,10.999536168328524,-89.57142857142857,8.901960343608799,66.11111111111111,15.51423082285072,-114.35714285714286,8.80833325288488
4040,41.84,16.20044443834798,17.74074074074074,14.5617270867023,-11.727272727272727,7.407092126746141,-68.875,13.480889251084292,64.16,16.12620228076034,-97.03125,10.239276021159894
4041,52.2962962962963,10.515649060874358,20.821428571428573,8.1022641078571,-21.666666666666668,5.901549188838709,-75.21212121212122,3.461980303478236,65.77777777777777,10.57016532802247,-96.93939393939394,8.060150363058668
4042,42.13636363636363,6.1592167045187765,14.136363636363637,2.1594497309490372,-13.782608695652174,1.317326731090706,-87.26086956521739,7.690860704387457,78.13636363636364,20.150108175990823,-106.30434782608695,9.773232221375386
4043,41.61538461538461,5.981232977321155,18.928571428571427,11.07096773234446,-26.93548387096774,12.720152879662962,-99.17241379310344,11.721094939782544,62.19230769230769,11.75067667697754,-116.79310344827586,12.590032484263718
4044,55.54054054054054,23.72772878345775,32.58974358974359,23.218822988254484,-18.727272727272727,17.336723550633046,-68.8409090909091,15.911606943900733,82.24324324324324,19.579919947667022,-89.13636363636364,16.893504546652498
4045,44.285714285714285,19.71557966768041,16.607142857142858,9.965437721424575,-19.79310344827586,13.552908608410194,-88.0,29.404433163303327,73.39285714285714,15.388630510204338,-118.0,20.721469792097942
4046,47.333333333333336,26.86488827861047,19.28,18.200043955990875,-29.28,28.62658903886385,-83.64,44.129699749715044,76.75,18.31722777423847,-113.76,35.33981324229091
4047,48.23076923076923,11.326079590726152,23.26829268292683,13.472690336007373,-14.023809523809524,5.505357110678632,-87.26829268292683,9.247344748085608,74.51282051282051,16.861231203139734,-109.14634146341463,6.923135394334043
4048,35.375,2.156627382434589,11.416666666666666,0.4930066485916346,-27.25,4.892596447695231,-80.26086956521739,3.626201645564007,54.583333333333336,10.923661880930265,-103.91304347826087,11.985183038918116
4049,46.833333333333336,9.081421817216851,18.38888888888889,8.440240181475149,-11.45945945945946,3.788992553790623,-67.67567567567568,8.596209265289646,64.41666666666667,9.86400583490861,-89.37837837837837,11.359842384116293
4050,48.87096774193548,24.88002429140484,24.146341463414632,15.052041390779664,-21.476190476190474,22.05646228080721,-40.45,30.147097704422556,73.48387096774194,21.586840327805955,-104.475,13.12628565131812
4051,62.41860465116279,18.13929636098397,31.98181818181818,16.288859448984155,-23.224137931034484,8.424191567573823,-62.78947368421053,2.888190364681804,71.53488372093024,12.095259185065899,-80.85714285714286,6.5477056271332055
4052,53.57142857142857,26.706645202256002,21.823529411764707,14.068050135042743,-34.0,14.959203781544584,-82.25,22.032646232352572,79.07142857142857,17.600585565398042,-100.8125,17.850835939809652
4053,46.7037037037037,1.8421970541401316,18.25,3.225179950682708,-10.3,1.4640127503998501,-79.17241379310344,4.756621269109071,67.77777777777777,10.992702405361456,-101.44827586206897,6.970807141196934
4054,29.181818181818183,8.621518341475397,9.666666666666666,0.6356417261637282,-64.45454545454545,13.578260050739553,-98.88888888888889,15.737036601204634,50.666666666666664,11.294049564064943,-112.83333333333333,9.050782654923642
4055,48.69230769230769,12.772474101541807,21.23076923076923,11.503536888572382,-21.615384615384617,17.01374313962985,-59.92307692307692,26.333545551288285,72.46153846153847,11.160475483497622,-101.33333333333333,18.939963627795652
4056,44.42857142857143,5.722315786391352,11.821428571428571,2.00095640397592,-13.444444444444445,5.079613089183316,-87.85185185185185,3.5559413370958386,66.32142857142857,16.839692844646567,-110.70370370370371,11.494974150776647
4057,52.523809523809526,25.604350537358087,31.863636363636363,25.591716441325758,-11.133333333333333,0.9910712498212336,-88.1,2.357258294431619,72.28571428571429,22.507443968909605,-110.06666666666666,5.372357231441541
4058,43.895833333333336,2.2752251109627712,14.673469387755102,4.386378521602665,-26.763636363636362,4.2681213085070855,-84.05454545454545,1.393728574308131,72.3125,14.925029662170413,-106.72727272727273,5.706310845990987
4059,65.73076923076923,17.660380892110958,31.46153846153846,18.782624477120358,-30.423076923076923,29.729774090221763,-89.45833333333333,16.78287611095177,84.84615384615384,15.070838646697567,-116.45833333333333,16.530222741659863
4060,40.0,2.04494943258218,18.410714285714285,3.347583273872392,-10.94915254237288,0.7685277321189582,-75.76271186440678,1.1098783419488067,72.45454545454545,16.225477364394532,-95.05172413793103,2.071334850242991
4061,58.303030303030305,21.894353566387633,27.341463414634145,12.198779939188961,-37.65853658536585,13.567554115893032,-73.15789473684211,25.614065128557243,82.93939393939394,19.328012947045938,-107.47368421052632,22.561887801410478
4062,24.78125,7.1795472306754835,9.34375,0.47495887979908324,-64.375,4.342738191510052,-102.6842105263158,12.826997152711881,54.25,9.233092656309694,-116.0,13.154947038241826
4063,56.166666666666664,9.691061173404421,18.68421052631579,15.94745527160648,-23.21875,3.8546593153610864,-82.625,2.301494079940246,76.77777777777777,11.207911667684451,-103.9375,4.061538347719987
4064,54.76190476190476,7.849202336815064,23.3,20.223995648733712,-24.08823529411765,12.680155053465663,-84.67647058823529,1.2058823529411764,86.0952380952381,15.042494606644526,-101.94117647058823,0.9982683969692436
4065,66.91071428571429,18.45484526555317,42.78947368421053,17.28881277275605,-25.35,12.894217050031898,-91.05,29.886131120192413,79.85714285714286,17.99149458913907,-111.86440677966101,27.999066344675022
4066,89.4,36.35161619515699,32.411764705882355,17.374961103737796,-58.35294117647059,47.192897242837404,-110.76470588235294,52.080852766765396,115.6,34.93765876529221,-154.0,42.39866812558538
4067,40.81818181818182,1.7092359706330151,17.75,3.9779220249225142,-9.355555555555556,0.6020540970730697,-63.46666666666667,1.32664991614216,68.72727272727273,15.549574148456513,-81.06666666666666,2.59401019444583
4068,65.0,21.050958580142073,37.44444444444444,16.620677290057916,-29.95,8.691806486571132,-85.25,6.023910689909006,81.57142857142857,18.7529589501965,-102.25,7.45570251552461
4069,43.666666666666664,16.42104727630956,23.625,15.657965225405247,-36.23529411764706,23.335228131996445,-62.407407407407405,30.509572583115446,63.666666666666664,13.342853743923975,-97.29629629629629,19.142380390727784
4070,56.97560975609756,14.773885670294366,26.466666666666665,20.009553273929487,-13.333333333333334,7.158522504291263,-35.02272727272727,7.581342638236787,77.36585365853658,13.920954721887005,-81.06818181818181,21.428949967140593
4071,40.204081632653065,7.690385176088478,18.278688524590162,11.064833004956434,-28.983606557377048,12.652339644040294,-84.49152542372882,4.159420108522839,63.08163265306123,9.711841572132396,-102.40677966101696,5.3555567343182515
4072,41.8936170212766,2.536826989070448,12.46808510638298,2.599926871555766,-9.708333333333334,0.705878097754059,-67.19148936170212,2.5064877339666207,67.97872340425532,12.176869180998635,-92.69565217391305,11.409129763745064
4073,34.4,2.9120439557122073,15.0,4.238105527418879,-9.018867924528301,0.49490102070203773,-60.716981132075475,2.235032889805411,61.92,10.242734010019007,-82.13461538461539,7.54481188569553
4074,33.8,9.386988630841925,12.74468085106383,4.289859815724692,-9.16326530612245,0.8168365753546735,-61.04081632653061,1.7607881314386116,67.46666666666667,15.502831282632787,-80.85714285714286,5.062870041905528
4075,40.857142857142854,18.47336748193055,13.821428571428571,6.16472436777284,-43.714285714285715,25.674969944143132,-73.0,29.369371801249,63.95238095238095,19.960618824447184,-105.44,17.048354759330884
4076,36.55555555555556,12.120791238484127,13.962962962962964,3.2940066954606166,-8.857142857142858,0.5802884574739972,-78.46428571428571,11.678680646059856,67.4074074074074,18.54176318928037,-111.17857142857143,10.371849165025532
4077,47.391304347826086,11.231706403457105,18.966666666666665,15.326411481129197,-20.571428571428573,12.095538054023331,-74.66666666666667,15.586837233688396,68.3913043478261,13.107379701774983,-100.33333333333333,13.372669248444112
4078,64.34693877551021,23.765479183744354,27.313725490196077,18.534007107316437,-35.46153846153846,28.282545268485034,-71.94,35.90008913637959,86.10204081632654,21.18359482506734,-118.0,19.53765594947357
4079,40.666666666666664,14.21713698769848,16.142857142857142,5.734488097598303,-24.92,11.008796482813187,-84.0,10.785793124908958,64.23809523809524,20.42385337902896,-103.875,12.981758034513918
4080,71.04878048780488,12.955743089479464,32.0,9.569688990161648,-12.31578947368421,0.653140718210045,-65.50877192982456,0.9007366774030482,77.4390243902439,5.346750918983324,-80.83928571428571,2.462408705445353
4081,45.142857142857146,10.89904196001917,12.857142857142858,3.8580245905769703,-11.136363636363637,0.6248966856757964,-67.18181818181819,10.952942168602934,69.42857142857143,18.990151403823408,-95.31818181818181,15.56624075490513
4082,36.958333333333336,2.457627017176438,20.0,3.1874754901018454,-8.928571428571429,1.998724082804746,-72.96428571428571,2.146128455367659,48.791666666666664,9.304923278685441,-94.42857142857143,2.366863075111556
4083,39.87931034482759,9.87870853315333,14.137931034482758,8.708791190242405,-10.568965517241379,8.558343517143468,-54.1551724137931,9.330708891533876,63.53448275862069,9.822942036360732,-71.53448275862068,8.414305382935002
4084,44.07692307692308,20.1015175028444,11.0,1.558387444947959,-18.928571428571427,16.37709326081614,-72.5,27.881765674771337,85.23076923076923,16.30551509413938,-104.07142857142857,34.404036901242286
4085,47.89655172413793,5.773571341936294,19.4,7.292004754066836,-17.166666666666668,11.337499234350089,-84.41666666666667,7.669836301309754,67.3103448275862,8.538365539609467,-103.5,8.351646544245034
4086,42.168539325842694,19.18229283846403,11.544444444444444,3.6973297004162675,-16.77173913043478,8.193453458958619,-75.5,10.666927080154496,77.61797752808988,16.455937501572944,-99.66666666666667,11.972189997378647
4087,36.25925925925926,10.387287788419616,19.766666666666666,12.427612624939496,-22.0,11.15000361637436,-72.7741935483871,12.001907583378502,56.96296296296296,15.950110835517568,-94.74193548387096,14.126086008917033
4088,61.096774193548384,2.373983160383755,34.96774193548387,9.060669600577103,-13.0,8.12403840463596,-75.15625,11.327812495689535,78.6774193548387,6.487641336762083,-99.09677419354838,3.353908059501943
4089,53.851851851851855,12.47576525880745,29.844827586206897,12.810019952254954,-22.196969696969695,11.304624552447951,-60.888888888888886,11.268879905340535,65.98148148148148,8.575353876167963,-78.52380952380952,10.301575072754256
4090,39.6,7.011011746836951,13.742857142857142,6.339638823163609,-13.114285714285714,13.469057509866145,-82.57142857142857,6.077056215380763,58.2,11.932668244301919,-100.88571428571429,7.447996580371428
4091,38.9,11.497391008398383,19.816326530612244,17.15317959385641,-12.12,3.983164571041473,-71.81632653061224,5.691646113842154,60.85,14.908973807744113,-94.71428571428571,8.076168014344326
4092,53.7,21.931940178652688,19.8125,23.505900190165022,-18.058823529411764,12.321528687794881,-82.88235294117646,14.405400755767126,83.1,15.122499793354272,-114.23529411764706,9.058823529411764
4093,39.30434782608695,8.518189145223275,14.192307692307692,10.633832910426225,-16.375,16.87777754919172,-74.29032258064517,7.750935628796577,58.56521739130435,12.662255060359927,-95.93548387096774,8.613326073950264
4094,46.45161290322581,7.589630913196188,17.258064516129032,4.744897034373392,-14.1875,13.830305265972981,-82.75,18.176220729293536,69.74193548387096,11.53387085496727,-110.90322580645162,7.834394139284582
4095,38.86206896551724,11.434141669551837,13.517241379310345,3.6823969859896537,-11.482758620689655,0.4997026464203255,-74.17241379310344,17.310688277950174,66.0,17.573491007961298,-109.71428571428571,10.88858229935357
4096,54.833333333333336,23.68133348347503,15.5,9.695359714832659,-50.45454545454545,34.02235531466076,-103.4,20.32338554473639,83.5,23.257615240317882,-126.1,20.6080081521723
4097,63.25,1.8984642916490861,40.12,9.888660172136566,-10.428571428571429,0.6226998490772392,-68.10714285714286,9.784606298066533,79.70833333333333,8.329061405037718,-92.03571428571429,7.408885316473259
4098,31.285714285714285,3.282607226593159,15.277777777777779,2.7949469395789484,-11.055555555555555,0.6643478190611888,-86.30555555555556,11.782330095067605,57.17142857142857,10.673025315614833,-103.22222222222223,13.239484529893298
4099,36.87096774193548,9.220390921262227,12.764705882352942,9.409190824524622,-10.742857142857142,0.6904597699196897,-73.91176470588235,2.292797508552579,58.87096774193548,13.93705188311028,-93.76470588235294,5.082026133283571
4100,38.61904761904762,4.466554978804673,18.19047619047619,1.735320681741771,-22.681818181818183,8.4012248221552,-99.27272727272727,11.37853568699265,56.285714285714285,14.12239982689728,-117.86363636363636,8.94069071231206
4101,41.333333333333336,3.6727222722238184,17.1,3.8759944960401236,-10.483870967741936,1.3166665569005516,-82.76666666666667,3.0949780110509493,67.73333333333333,9.033025825024279,-109.06666666666666,5.234076380370806
4102,42.559322033898304,5.409568379162661,18.45762711864407,7.6298300265366885,-21.41269841269841,8.40754559174668,-69.98412698412699,13.11184132637373,63.271186440677965,12.463955500881399,-94.55555555555556,17.791363856263555
4103,22.22222222222222,2.0643954066655277,10.395833333333334,0.6034478482483433,-45.38297872340426,11.484593179077308,-73.61363636363636,10.479885298407067,54.888888888888886,7.829352810552017,-102.77272727272727,13.001509766113593
4104,43.75,4.198213905936666,14.6875,5.774066482990995,-14.818181818181818,17.78227674936999,-76.65625,6.66431436364612,63.53125,10.965811572223005,-97.25,6.264982043070834
4105,43.5,17.5968747225182,21.043478260869566,11.05904414797765,-9.261904761904763,0.43967107887189016,-70.5952380952381,7.684429290112521,71.65,20.110382890437467,-88.5952380952381,8.194247470633123
4106,39.21052631578947,14.68826580487195,13.473684210526315,9.959752803171222,-25.82051282051282,10.659946107699907,-86.27027027027027,7.578948970307264,64.73684210526316,14.219490350120656,-106.69444444444444,13.864061142321347
4107,42.540983606557376,7.54999461620002,13.78688524590164,7.671780852308535,-13.555555555555555,14.665343855690654,-89.01612903225806,8.762993919600973,64.8688524590164,11.580757654984303,-106.96774193548387,10.74028854952003
4108,39.714285714285715,9.650526051010095,14.0,6.603029607687671,-25.322580645161292,7.646998554247126,-70.06451612903226,1.72150504053243,62.0,13.690455486526787,-92.54838709677419,11.899684760469208
4109,23.358974358974358,8.84187930913396,8.6,0.5385164807134505,-54.575,1.282331860323216,-87.97058823529412,5.898580557655859,52.666666666666664,13.996947164097245,-114.88235294117646,10.27780219663132
4110,33.583333333333336,1.9130400472081661,15.25,1.3307266185559425,-29.652173913043477,14.606754529422261,-92.77272727272727,3.0589929742529525,66.16666666666667,21.5902498570278,-119.63636363636364,12.76552692551116
4111,41.03448275862069,6.228315533724489,16.06896551724138,4.848967429952688,-13.03225806451613,7.747981510160553,-74.03225806451613,5.910536632848276,63.86206896551724,13.634955427594369,-103.19354838709677,15.321120473719908
4112,50.03703703703704,18.79022890578935,26.928571428571427,17.216952964672785,-11.96875,5.576089439517626,-84.75,10.12114123999858,67.14814814814815,17.371120571338455,-110.03125,10.970085388797118
4113,30.9375,12.46395845695366,9.918367346938776,2.9195801675672723,-40.51020408163265,20.609213759750403,-78.08163265306122,21.12145319549642,57.3125,15.635371557785252,-97.46938775510205,18.06123601982798
4114,54.21739130434783,18.659317573939884,28.5,17.24577242882054,-13.625,7.24029522878729,-78.625,12.970519457600764,77.17391304347827,14.895730855905292,-98.6875,14.763632471380477
4115,53.31818181818182,12.148274713406702,16.91304347826087,6.254828002905894,-27.64516129032258,16.159583967610168,-88.12903225806451,6.073432018457966,74.36363636363636,13.559784975988421,-106.83333333333333,7.93340336103547
4116,66.1875,21.475913106315176,32.21212121212121,21.26422173049109,-12.72972972972973,8.735292345387556,-68.32432432432432,14.159428248599806,86.71875,17.190539503968456,-105.91666666666667,18.961034606089758
4117,38.38235294117647,3.395626130275387,16.314285714285713,5.225057367129659,-10.342857142857143,3.5772523944890375,-61.68571428571428,4.327793423716911,59.5,9.595495266621974,-92.88571428571429,8.554936514990057
4118,51.26923076923077,18.80375922380271,26.176470588235293,13.52877236340754,-13.057142857142857,7.638035862493361,-77.54285714285714,24.588432654566724,63.96153846153846,16.821416681468822,-101.3529411764706,22.940950225128734
4119,62.333333333333336,13.556466271775168,32.75,21.789619087996925,-39.19230769230769,36.49764927179371,-89.66666666666667,17.551511489201022,82.44444444444444,18.028441179370574,-121.56521739130434,15.692219304224354
4120,42.52173913043478,21.473683722817547,11.39655172413793,15.44951696061369,-49.54237288135593,29.704375089440607,-96.54545454545455,30.561305411087268,62.17391304347826,21.63160363894546,-119.23636363636363,20.10695369211506
4121,48.266666666666666,16.16154558065396,15.466666666666667,5.0446891766380295,-16.29032258064516,6.441766680069829,-79.96774193548387,19.05591749760001,68.5,14.816094852108186,-102.63333333333334,22.0552085055259
4122,38.4,5.866125516167257,16.833333333333332,13.867427863722803,-10.195121951219512,0.5934402468583629,-77.14634146341463,15.206803637155723,67.6,18.958902921846505,-100.26829268292683,9.867474014484753
4123,54.0,13.458932243787288,26.838709677419356,16.854398821239226,-21.34375,12.113033721471265,-68.48387096774194,13.03313634855881,73.85714285714286,13.037622169580414,-102.83870967741936,17.052285390666704
4124,54.13636363636363,16.032057244911904,28.03846153846154,21.072185037354828,-14.9,15.46037946925409,-70.89655172413794,22.65535611115364,66.5909090909091,14.272220604788012,-105.20689655172414,18.941615032086922
4125,38.91428571428571,1.5375570339512812,10.428571428571429,0.49487165930539356,-16.457142857142856,6.175263358839071,-71.6,1.8236541025409083,57.68571428571428,6.848446866976184,-95.6,3.603173204670731
4126,39.078947368421055,19.182477721179445,14.666666666666666,2.46340741014881,-11.820512820512821,2.520396741986293,-73.76923076923077,6.9446955904619365,63.86842105263158,21.77053906523988,-103.35897435897436,12.861166313677016
4127,47.23809523809524,12.192522149739245,18.545454545454547,10.701432668433922,-17.64,14.576364430131404,-96.83333333333333,5.112620550059322,74.9047619047619,19.755420622981674,-120.29166666666667,7.791443847081376
4128,44.38095238095238,9.678036944182974,19.76923076923077,11.358858597546378,-9.823529411764707,1.013746349389064,-66.38235294117646,20.051426098442846,68.23809523809524,15.309209061416851,-100.8529411764706,15.970804895074632
4129,38.214285714285715,11.50266162632788,17.85,20.345208281067066,-14.75,15.576137885514862,-83.07692307692308,30.17630639186349,74.85714285714286,19.216277114010634,-121.0,24.60769110539348
4130,40.875,3.3205483984827966,17.458333333333332,4.864661401943157,-19.897959183673468,6.695246251310027,-86.46938775510205,2.374198389457613,78.64583333333333,20.594790586591444,-108.91836734693878,7.523668055404449
4131,44.142857142857146,9.775020225460572,14.555555555555555,7.350149070462767,-23.833333333333332,10.691377626646416,-74.5,3.013856886670854,60.857142857142854,12.933108911721456,-99.81818181818181,11.093144335113893
4132,43.25,2.1149974670704186,20.946428571428573,5.058301673123751,-9.303571428571429,0.4971218181098234,-83.21428571428571,8.887620374339093,71.875,17.837623260160772,-104.32142857142857,2.9038591493362196
4133,52.266666666666666,18.09775922286759,19.675675675675677,5.051379549615451,-22.07894736842105,15.990756505832012,-43.027027027027025,20.652185914651348,64.2,16.063208479835733,-95.5945945945946,9.889824034341615
4134,58.372093023255815,6.854037193640824,17.045454545454547,9.429052168345896,-19.096153846153847,5.768814087516719,-79.26923076923077,3.8486530341815426,77.16279069767442,8.93108038611059,-99.98076923076923,7.115774417597158
4135,42.208333333333336,16.134794613574176,14.28,5.126558299678255,-23.96153846153846,12.540643981841201,-82.34615384615384,3.921756942340117,77.5,24.12985702402731,-102.03846153846153,3.736316256902999
4136,47.54545454545455,17.028658391416812,21.434782608695652,12.764850130956669,-12.64,3.772320240912746,-89.08,1.64730082255792,68.95454545454545,13.818555616953713,-108.4,1.7663521732655691
4137,40.42857142857143,11.950578501922502,17.580645161290324,11.75221103026558,-13.870967741935484,16.127999966965625,-77.64516129032258,23.98863761557552,61.964285714285715,15.263125833330525,-105.16666666666667,12.401836781523757
4138,42.3448275862069,5.390130585514063,15.266666666666667,3.5301872786329938,-13.8125,5.186746933290654,-76.65625,8.640780400953377,70.06896551724138,12.511873077016194,-96.1875,11.44944731198847
4139,36.41891891891892,8.183712824141645,11.837837837837839,1.5159247202573145,-20.81578947368421,3.156907740494559,-68.25,1.0146946649893724,66.35135135135135,24.333511778433188,-88.5,1.3028309257354278
4140,52.127272727272725,15.866550917465613,23.875,12.979465237718497,-12.228070175438596,7.9450250214562965,-56.72727272727273,16.686907819065325,67.76363636363637,12.720725588744227,-79.05454545454545,17.162769623724046
4141,51.878787878787875,9.941518619916984,22.228571428571428,9.856356076260678,-29.8,11.026936715758069,-73.25,12.330638379951901,72.27272727272727,9.506848336291906,-85.89285714285714,12.911344086594895
4142,51.666666666666664,1.632993161855452,24.666666666666668,8.692269873603532,-11.11111111111111,0.9938079899999066,-69.88888888888889,16.78256002484884,68.44444444444444,10.6156185888855,-99.55555555555556,7.514594852849297
4143,32.916666666666664,14.050257016233624,11.066666666666666,4.552898954390367,-61.06666666666667,17.341536520415048,-79.33333333333333,36.831447915545695,62.5,19.05474569059722,-97.33333333333333,34.14023367751831
4144,42.4375,1.6571341979453564,15.4375,3.4725485957722753,-10.90625,4.585025729208071,-72.25,2.806243040080456,64.0,7.441438033068608,-98.625,5.972593657700145
4145,40.96153846153846,16.381229335926317,14.5,6.590713163232034,-71.25806451612904,10.898261897336402,-70.75,23.53056522908024,71.96153846153847,10.79344804546069,-90.75,17.977416388346796
4146,49.095238095238095,16.653055666710202,20.470588235294116,12.300729997748453,-13.705882352941176,14.057715929788515,-33.53125,10.942989693749144,64.80952380952381,17.131477704642737,-89.09375,5.552923638724019
4147,49.48888888888889,19.719840231742044,21.625,17.205407338004722,-16.041666666666668,8.951159918630038,-64.39583333333333,22.67776038263528,69.15555555555555,18.803020508602163,-93.48936170212765,16.26884810739568
4148,67.45454545454545,24.208802442551335,20.928571428571427,19.59031935025302,-10.625,1.3635890143294642,-61.625,20.796258677944934,90.36363636363636,18.455217184371307,-95.4,17.122305140761082
4149,43.04347826086956,16.671971430516617,14.541666666666666,13.677777495712606,-9.56,0.5713142742834281,-84.2,11.899579824514813,74.47826086956522,20.761313448475754,-115.52,13.983189907885825
4150,43.76190476190476,5.579765841688391,10.976190476190476,3.9248178316117897,-22.80952380952381,7.375112897402527,-78.78048780487805,2.1471727880071962,70.45238095238095,15.506070057135048,-104.63414634146342,8.239571672389156
4151,37.03333333333333,6.150790373783049,13.741935483870968,3.7927583114062116,-10.25,0.4930066485916347,-62.861111111111114,6.069746369301959,58.2,13.809175693477629,-87.41666666666667,4.430795012686148
4152,58.5,18.018046508986483,43.724137931034484,14.559974781439267,-21.885245901639344,5.828416427665965,-52.88333333333333,1.0815369721938415,68.0,9.565563234854496,-68.06666666666666,5.059205031974447
4153,41.425,8.622318423718761,17.29268292682927,7.828166475163851,-26.477272727272727,5.228804123505055,-85.86363636363636,11.21198812369824,60.325,14.023885873751254,-104.43181818181819,12.220321613221909
4154,41.083333333333336,9.9829716128126,17.76,8.486601204251324,-28.8,15.091719583930788,-92.88,17.860167972334416,65.66666666666667,17.78263822446552,-111.96,14.115183314431308
4155,38.390243902439025,7.6025607007642035,14.30952380952381,2.473556291177458,-8.952380952380953,0.30491067797299276,-74.375,2.680368444822465,53.36585365853659,13.321092933922273,-94.4,3.6796738985948196
4156,36.233333333333334,16.449282321392896,10.181818181818182,0.9359663764533637,-50.18181818181818,13.802622819385267,-87.11538461538461,22.00057153641682,56.833333333333336,19.162608265983927,-110.4,14.945233353815523
4157,34.05555555555556,1.0258991840344105,15.916666666666666,2.3018712194888558,-21.83783783783784,3.009116899398223,-65.37837837837837,1.3223924132675748,55.388888888888886,17.224462219919438,-87.43243243243244,2.175297935984744
4158,47.73015873015873,4.680952111826977,22.803030303030305,10.861692062180145,-16.175675675675677,11.129894135272863,-73.08450704225352,9.542708268359712,64.87301587301587,6.413012722141696,-94.55714285714286,11.12992839700458
4159,51.906976744186046,14.49749610055149,25.489795918367346,13.915374625886248,-26.381818181818183,10.897023628814528,-72.98076923076923,5.849031427429097,72.16279069767442,9.233231772039113,-90.3076923076923,7.684996525544636
4160,27.8125,1.775484088917724,16.923076923076923,17.008873423831723,-9.268292682926829,0.44307078352646223,-59.15,1.509138827278657,64.65625,5.548701283859134,-78.1,2.1071307505705477
4161,22.0,5.923319532636602,8.685714285714285,1.5075321095169052,-48.4,28.27133833812208,-99.41176470588235,28.628572365895973,48.17142857142857,12.900688163894236,-125.03030303030303,17.205504490036247
4162,47.869565217391305,10.874665470088098,19.043478260869566,6.79179979264999,-10.845070422535212,0.5476682280344671,-35.15492957746479,11.223275471937072,60.21739130434783,12.368578193472375,-82.09859154929578,12.679311006270467
4163,33.666666666666664,14.960689229518211,12.433333333333334,5.050962504535371,-10.166666666666666,2.1304668241699725,-75.72413793103448,2.28784722971012,64.3,19.487004216485747,-97.03448275862068,6.272450759118385
4164,52.7037037037037,22.636932809533178,22.53125,19.656399045539853,-20.56756756756757,16.796943963581736,-66.5,19.4894390707921,82.51851851851852,19.965470879366766,-93.61764705882354,17.32902140049928
4165,42.391304347826086,5.947152262873987,19.043478260869566,7.339460120351023,-23.962962962962962,9.848788161895223,-99.4,18.06211504780102,67.69565217391305,13.585269460478125,-120.52,21.118939367307252
4166,44.36842105263158,9.879327306716839,21.454545454545453,13.323687971317282,-12.708333333333334,0.45452967144315476,-98.41666666666667,1.288302069478359,67.47368421052632,17.901391951326406,-120.69565217391305,1.158514138649933
4167,24.771428571428572,7.383710698115778,10.17142857142857,2.8433954981999383,-51.27777777777778,12.339212812797506,-93.79310344827586,19.063196732944704,46.457142857142856,12.145176249130722,-114.24137931034483,14.764017704783415
4168,52.12820512820513,18.876358143943847,18.370967741935484,8.517976950047473,-27.983870967741936,11.196906161804426,-93.68627450980392,21.186834791295844,66.3076923076923,16.367813703845332,-112.01960784313725,21.733222238449155
4169,40.526315789473685,4.4053606227034905,21.095238095238095,4.52406014343376,-19.428571428571427,6.0676458804558004,-70.57894736842105,12.499750690034556,65.73684210526316,16.50786767849981,-98.63157894736842,21.950208070745717
4170,49.69230769230769,14.670140345323194,10.146341463414634,6.733827873848741,-20.48780487804878,17.329126687943784,-61.4390243902439,18.15925320868031,75.92307692307692,16.45488722566847,-82.41463414634147,12.876478100815659
4171,43.16129032258065,11.67599349698,17.0,10.470195795685962,-10.088235294117647,3.230076005833332,-70.20588235294117,14.413595321910707,63.83870967741935,11.617830495916259,-98.0,14.442584093371853
4172,37.03846153846154,8.53265568376877,11.692307692307692,5.482624517293988,-49.11538461538461,30.197206853865605,-91.12,37.76169487721651,58.26923076923077,13.684796989325536,-122.8,25.28082277142103
4173,51.8,15.561490931141527,23.15625,4.8740984743334845,-18.484848484848484,14.695126407369155,-39.13333333333333,23.73426964445199,69.85,12.378509603340783,-94.2,13.595097155469933
4174,36.55882352941177,2.089063630244678,14.971428571428572,3.31650172221716,-16.88888888888889,4.07415824828869,-69.97222222222223,7.889818020402101,58.94117647058823,17.630089880773504,-93.02777777777777,14.152907261429265
4175,38.92857142857143,13.010788302208976,14.266666666666667,8.209479615393144,-11.8125,12.501093702152623,-70.25,17.08434956326989,61.67857142857143,17.35563632497806,-93.09375,21.26228964475604
4176,40.05882352941177,17.365067215540247,16.26923076923077,6.572423111922282,-28.693877551020407,20.444253802377496,-50.604166666666664,27.946928560616858,61.3921568627451,16.226435017808402,-81.39583333333333,26.443918317303552
4177,21.216216216216218,9.85882821592345,7.395348837209302,0.4889254893402009,-54.904761904761905,11.57544511909652,-86.85714285714286,7.051414679310232,51.5945945945946,23.976857602932917,-114.85714285714286,8.57285702382936
4178,46.13636363636363,3.0643915983060315,20.041666666666668,11.8162288353302,-42.791666666666664,36.89170996157387,-93.0952380952381,13.60988702904292,82.68181818181819,20.64722381434534,-121.95238095238095,20.070058700358295
4179,42.0,17.741194999210173,27.7,23.22950709765491,-12.1,5.80430874437258,-76.44444444444444,17.391639824998364,67.375,22.01668401462854,-102.11111111111111,9.6775162612963
4180,34.142857142857146,4.345613160590413,10.863636363636363,1.0133407640730887,-25.90909090909091,24.092452780730646,-82.72727272727273,32.22249611992136,60.76190476190476,17.11002146308181,-103.9090909090909,29.78851073653778
4181,44.205882352941174,7.407386662152163,14.11111111111111,10.9488146942889,-19.805555555555557,7.164028368811489,-73.02777777777777,5.367008845774085,62.911764705882355,18.077232425897797,-96.45714285714286,4.115079288546019
4182,80.14285714285714,30.196634492835084,38.77777777777778,42.48863319309394,-20.555555555555557,25.987651388522167,-30.428571428571427,4.435478484645721,91.85714285714286,29.844494928730498,-117.28571428571429,8.580947095817832
4183,66.55555555555556,22.03840643115312,42.16,26.71730525333721,-22.63157894736842,6.841902831013494,-71.07894736842105,10.235083058175748,90.33333333333333,15.898986690282428,-93.26315789473684,10.584706471146585
4184,62.72727272727273,17.12038077895842,46.35294117647059,25.93190443874243,-25.95,9.805483159946785,-79.0,4.929503017546495,83.63636363636364,17.879763712455016,-103.65,7.90743321185832
4185,45.0,8.128433340529316,21.6,12.975875050775317,-25.12121212121212,17.974321036205524,-73.75,13.46291201783626,60.964285714285715,10.17869674108325,-97.96875,14.896485271281277
4186,58.833333333333336,18.148308767240852,33.85,24.45460079412461,-21.615384615384617,23.996917948059853,-81.76,13.212963331516516,83.16666666666667,17.553885293258837,-111.56,12.828343618721787
4187,46.07462686567164,9.44949407606601,20.104477611940297,8.466147387848995,-17.955882352941178,7.64744060132964,-67.69117647058823,10.865836034726643,70.88059701492537,14.889165035839609,-93.66176470588235,11.533340792111781
4188,54.5,14.46750923723264,19.6,15.008949711041458,-16.394736842105264,7.84568092272903,-83.78378378378379,19.467415790876615,75.88235294117646,16.588026698730186,-108.43243243243244,17.6521042931194
4189,53.86363636363637,12.117963579839397,23.636363636363637,7.923184934363972,-17.17391304347826,27.17839962961803,-90.95454545454545,3.2679889941852167,85.86363636363636,20.605152609228274,-116.72727272727273,5.682363610184331
4190,39.205882352941174,12.524750582851132,17.15,11.145739096174825,-17.61904761904762,19.245224987182045,-71.5609756097561,15.260420319128771,66.11764705882354,14.726456196611819,-92.85365853658537,14.561159454655064
4191,35.10344827586207,4.520793549399278,14.033333333333333,3.0820267501903498,-11.096774193548388,1.0581431914101114,-74.51612903225806,9.967272146774501,58.86206896551724,13.515569917770403,-100.83870967741936,13.812329167984126
4192,71.08108108108108,19.346594613925934,33.84444444444444,19.428450565035405,-42.06,19.483747072881027,-86.46341463414635,18.98021763602845,95.86486486486487,10.692665235880312,-112.36585365853658,16.864967438755745
4193,54.5,11.678735254421051,31.066666666666666,12.519140900592536,-22.384615384615383,7.807344946169682,-73.76923076923077,2.2241280453539933,70.03571428571429,10.708748569201134,-96.26315789473684,5.570997314694417
4194,49.470588235294116,2.4160650326956294,15.17142857142857,3.8208878122066587,-21.571428571428573,3.1828622723733995,-78.44117647058823,4.2784767525135985,69.08823529411765,8.005026535058432,-101.17647058823529,13.291905073556201
4195,47.21818181818182,13.41598898071173,16.527272727272727,7.947222603365155,-12.854545454545455,9.173911987643264,-51.21818181818182,25.872197017501172,65.0909090909091,14.713349198197506,-72.8,23.76047137579556
4196,34.3728813559322,2.0327680475342302,14.295081967213115,1.8138290473342595,-9.253968253968255,0.4352796571683202,-68.33870967741936,1.848657301648579,58.40677966101695,12.7520269496395,-90.30645161290323,4.651009982849093
4197,36.029411764705884,9.278327987423948,13.657142857142857,7.848358726120866,-11.61111111111111,4.309406879643762,-80.0,11.389566375513258,59.44117647058823,13.694548456938854,-107.16666666666667,7.854581111965453
4198,53.43333333333333,1.8381754238616315,23.033333333333335,9.079219251798154,-10.225806451612904,0.4181123031230877,-73.12903225806451,2.0119311134855065,76.43333333333334,8.385238352141352,-97.23333333333333,2.9629189811550516
4199,38.1875,2.962658223622833,20.894736842105264,13.533174587081634,-9.821428571428571,0.46702488680792925,-84.92857142857143,11.454657728342188,77.25,17.12636855845395,-106.21428571428571,8.427663389343552
4200,34.388888888888886,7.764870242093116,16.055555555555557,1.7150387822703481,-24.76923076923077,11.382536192673175,-63.68421052631579,2.040449681576856,61.916666666666664,17.98050641976224,-85.97368421052632,9.80463596604141
4201,39.69230769230769,1.4876215081395165,19.5,10.685437353172373,-23.964285714285715,6.114865626704568,-72.25,9.08147643754661,65.46153846153847,15.397878897959064,-95.75,12.365346162331475
4202,39.59090909090909,12.386426188332464,20.93103448275862,15.571705185307144,-59.44827586206897,24.211120566721274,-100.27272727272727,34.85839121383156,58.45454545454545,15.865134078817075,-119.0909090909091,34.115990773335035
4203,,,,,,,,,,,,
4204,58.970588235294116,23.061918309727997,23.55263157894737,19.088019621605387,-16.075,9.64465525563252,-71.925,6.958403193262087,89.20588235294117,14.399304337290877,-94.0,8.683317338436964
4205,36.638888888888886,2.878587402198996,16.97222222222222,2.650850084942471,-10.567567567567568,0.5945945945945945,-78.1891891891892,1.5740778138984906,58.861111111111114,10.440712985918202,-98.86486486486487,3.465366578340456
4206,41.32786885245902,1.276795572368574,19.126984126984127,6.330806672670725,-9.134328358208956,0.6888346721919001,-70.34328358208955,8.763138943521424,62.24590163934426,12.664207647325886,-92.18181818181819,4.029847319872999
4207,238.33333333333334,136.55117070981933,30.833333333333332,7.8828223935903114,-45.666666666666664,24.71616654922217,-332.8333333333333,120.56038136782563,334.0,73.03423854604085,-449.0,132.33543239309216
4208,55.714285714285715,17.99773228345557,35.333333333333336,25.673159351959608,-9.35483870967742,0.4784644185223009,-77.19354838709677,0.9973951505638906,84.57142857142857,10.834562986204881,-95.38709677419355,1.73535195565326
4209,40.95652173913044,13.185889232745096,16.6,15.15255753990065,-23.612903225806452,21.698338600521765,-74.34482758620689,6.9643221917831415,70.21739130434783,19.62907453518251,-94.48275862068965,8.935094270985124
4210,37.65625,2.272242490910686,15.71875,2.7639913960611384,-11.71875,0.6724198372296879,-75.71875,8.846730946372224,66.59375,11.776192548421582,-96.9375,2.8277365064659046
4211,42.074074074074076,22.26760797399222,12.074074074074074,4.791396038161846,-19.51851851851852,17.20544782451912,-68.4074074074074,24.615952760669263,59.74074074074074,20.060265853621427,-98.66666666666667,23.02012002414249
4212,36.0,12.681847984133974,17.266666666666666,11.275144739154744,-10.0,3.908528590746248,-60.19565217391305,15.142252381444607,71.65853658536585,15.393393825540022,-88.33333333333333,14.656056768449009
4213,51.15384615384615,12.33410627142449,24.0,13.015660083430552,-15.777777777777779,17.851928692012283,-90.53846153846153,13.027281342306138,74.0,13.059037542577997,-115.03846153846153,8.164090081809812
4214,48.16129032258065,16.333414739262118,21.03125,7.535268637381152,-10.725,4.811379739742021,-58.6,7.2794230540613585,76.64516129032258,19.015356081584937,-76.92307692307692,2.7116521161850846
4215,38.470588235294116,6.78335026594159,14.058823529411764,5.769805667390052,-8.088235294117647,0.44508076324769286,-74.5,17.126261224488307,56.11764705882353,10.590685990897166,-98.70588235294117,5.020718320793091
4216,50.67741935483871,9.743110375638954,23.161290322580644,8.740328384594683,-12.03125,0.8094896154367887,-79.53125,2.703982884098936,71.6774193548387,8.909534931471411,-104.25,4.943429983321297
4217,44.108695652173914,17.882744003124504,20.69090909090909,14.067205870098569,-11.25,6.582579824267773,-69.14545454545454,17.170183651072875,75.28260869565217,17.799197641269334,-101.2,15.068811861228175
4218,43.83870967741935,3.0910565496496747,18.365079365079364,4.103044116926751,-18.682539682539684,1.331253101349953,-84.07936507936508,1.8712663338268771,60.483870967741936,6.6786659269644435,-104.96825396825396,4.817192273079578
4219,47.11666666666667,4.021159313210833,20.9,6.650062656346431,-9.396825396825397,0.5206736338684675,-72.88888888888889,1.8696499214890907,69.45,11.652503307587315,-94.98412698412699,2.999958007600622
4220,26.724137931034484,12.695088791704094,10.413793103448276,4.382703002984143,-48.370370370370374,31.86098060399289,-86.91666666666667,39.279889539333254,56.51724137931034,14.537989923325078,-104.33333333333333,33.694295593698875
4221,53.0,17.549928774784245,15.64,3.8974863694437727,-16.88,18.293867825039076,-77.44,21.550090487049005,82.29166666666667,18.326845442925766,-114.4,18.579558659989747
4222,59.714285714285715,19.502485451231856,21.266666666666666,9.276972686292778,-20.714285714285715,6.310556968422097,-68.23809523809524,2.65302633851126,85.57142857142857,15.610043862454555,-86.71428571428571,2.8642768079662035
4223,43.3125,1.1575161985907585,17.15625,4.008657622883251,-9.84375,0.3630921887069453,-74.1875,1.9435389756832766,60.90625,6.58292951029403,-97.78125,1.7272517006794348
4224,45.74193548387097,13.36815605287065,23.82857142857143,22.274246133513174,-18.894736842105264,6.020969819084536,-60.21621621621622,2.015281284573757,72.6774193548387,20.896653686075062,-84.94594594594595,13.33142182548321
4225,66.375,27.36757890278203,22.692307692307693,8.188966454787389,-21.62962962962963,21.607865762860264,-46.2962962962963,28.18958937702963,78.1875,25.192307233558424,-107.29629629629629,16.487514501304528
4226,42.63636363636363,12.74414466100004,16.52173913043478,3.8658995827777236,-29.34375,17.568810031914513,-97.03571428571429,12.54273307781141,67.95454545454545,14.747811155703666,-114.70370370370371,10.519170558819827
4227,39.12820512820513,8.959107920276058,17.875,12.57216667881873,-12.365853658536585,5.737153613800164,-70.02439024390245,9.67392221230153,69.48717948717949,17.369102828596198,-89.36585365853658,11.280797622640627
4228,51.111111111111114,12.5530971044432,28.142857142857142,13.06498670305563,-11.258064516129032,4.369747478756151,-79.45161290322581,11.730409089138503,72.44444444444444,15.435249061166681,-100.35483870967742,14.106846626662493
4229,66.76923076923077,18.23839502956436,33.607142857142854,18.684101885434742,-15.714285714285714,12.302314366634846,-41.964285714285715,13.09166076678788,80.07692307692308,13.64078465181383,-100.92857142857143,14.92344409556552
4230,35.09375,8.758422285862906,13.4375,5.459724695440238,-14.71875,4.5293099295036106,-67.125,20.46605421179178,55.09375,13.493886057674416,-95.15625,17.208481511670342
4231,42.696969696969695,5.529451989312506,17.87878787878788,4.146978277468121,-10.083333333333334,1.114924013354971,-70.16666666666667,2.488864087178013,61.81818181818182,9.160040179396281,-93.11428571428571,3.9407862056152383
4232,59.857142857142854,36.10472296539835,16.857142857142858,14.456126446484019,-9.444444444444445,1.0657403385139377,-76.66666666666667,20.97617696340303,87.14285714285714,31.903553637390893,-117.11111111111111,43.167488909657834
4233,32.38709677419355,1.6593317612402174,16.53125,3.691073480371259,-9.78125,4.922742979020944,-80.5625,1.6758859597239903,51.354838709677416,13.518323018483095,-99.34375,2.3399969951903783
4234,28.13888888888889,1.7974175576485307,13.108108108108109,1.3513513513513513,-10.473684210526315,0.49930699897395453,-77.8157894736842,11.394493737530688,52.388888888888886,18.342842651650532,-105.92105263157895,3.451785037426047
4235,47.77272727272727,10.744689251320303,26.807692307692307,15.429789446614748,-21.555555555555557,18.617660539139102,-82.26923076923077,18.481919839311757,70.36363636363636,13.49594368200196,-106.1923076923077,21.319942327042124
4236,64.3,21.394937095802202,29.129032258064516,20.47144657492301,-37.4054054054054,21.605128844864915,-95.79411764705883,25.332819229288443,79.16666666666667,23.107117710542973,-115.41176470588235,19.81995080283979
4237,43.54237288135593,5.588493123050545,19.10169491525424,6.55794230660455,-11.271186440677965,2.0978641961716344,-72.72881355932203,19.352948803888204,68.16949152542372,8.42142655167059,-89.76271186440678,10.766141185941319
4238,86.21052631578948,26.628198245999577,14.675,16.32542112779943,-28.6,18.39130229211624,-77.025,27.50771482693537,120.0,19.636164273310126,-152.475,22.578737232183734
4239,43.029411764705884,17.389119813529188,14.205882352941176,7.024241268487571,-23.914285714285715,22.372650942704166,-53.6764705882353,31.05376797089705,58.88235294117647,15.72514791080227,-89.29411764705883,19.778968943217123
4240,54.18181818181818,18.696061075117345,29.42105263157895,18.136371683424862,-34.06818181818182,14.932267877551023,-73.64864864864865,18.19743999847709,71.81818181818181,16.752122516726857,-91.72972972972973,15.669989649091338
4241,,,,,,,,,,,,
4242,40.72727272727273,8.781084102576909,21.8,9.234717104492157,-29.21875,25.938309475320477,-86.34782608695652,27.22468300714114,64.0,10.405418169046705,-108.56521739130434,18.35359480712281
4243,39.0,25.152865973217974,36.625,25.263300952171708,-10.777777777777779,5.1806858786110075,-85.0,4.303314829119352,72.66666666666667,34.65384378231207,-104.62962962962963,4.440121354265396
4244,44.67857142857143,11.090709018390674,24.516129032258064,17.133010898116055,-13.21875,15.79306488423004,-61.193548387096776,22.497912956737764,66.25,12.563055247146577,-91.58064516129032,18.255841651988455
4245,30.347826086956523,5.377963859501295,16.666666666666668,8.155888579334475,-62.111111111111114,10.181076612404716,-96.78260869565217,15.975406429446837,69.26086956521739,17.448601267734272,-128.86363636363637,11.678634161055331
4246,39.55555555555556,2.7799991118215117,16.51851851851852,4.210835848849176,-10.964285714285714,0.7310531960878114,-80.10714285714286,1.896223421779755,60.77777777777778,12.123846515070522,-98.39285714285714,3.2330799746447623
4247,52.9,5.166236541235796,26.612903225806452,9.178085468201008,-19.53125,5.297312850634745,-75.6875,11.18435710043273,69.03333333333333,8.109596510033995,-101.53125,10.13960173959017
4248,52.743589743589745,27.17910014238217,22.536585365853657,16.245220777089216,-43.829268292682926,33.17426451775341,-93.9,18.626325456192372,65.87179487179488,30.059069613166745,-108.675,16.017783086307546
4249,41.0,18.03607496103296,15.6,2.1999999999999997,-10.761904761904763,0.4259177099999599,-82.23809523809524,20.70404782577267,73.5,26.800186566514792,-106.0952380952381,18.482693995309855
4250,48.76,16.5124922407249,20.666666666666668,17.156793277170287,-22.818181818181817,14.10878631348811,-73.33333333333333,21.34232764941419,66.48,20.16952156100883,-98.57575757575758,22.302371531772817
4251,66.23529411764706,18.338418084847756,33.0,15.723806639554407,-15.714285714285714,11.205410500726687,-91.03571428571429,8.84583091008391,82.11764705882354,19.628557685591904,-114.25,12.284208794801794
4252,54.25925925925926,10.528946317766763,25.88888888888889,10.62956510497902,-18.666666666666668,8.640987597877148,-78.74074074074075,2.8750857326037553,78.51851851851852,16.698570287813997,-100.66666666666667,4.745368112013916
4253,40.392857142857146,12.274652412053658,18.464285714285715,13.929624502315567,-17.392857142857142,11.81506086591627,-76.07142857142857,21.563740351784606,58.714285714285715,14.379690893898994,-108.35714285714286,27.21634787837513
4254,45.08571428571429,21.60075584467415,16.42105263157895,8.245035440692934,-30.894736842105264,11.751348128001517,-71.48648648648648,27.87774625581974,69.17142857142858,19.99640784067509,-105.05405405405405,25.609274023233812
4255,44.74193548387097,5.00946035298172,15.419354838709678,3.731074337613654,-19.12121212121212,10.350691898283245,-84.75757575757575,4.773857490035692,70.74193548387096,19.557966353044108,-109.78787878787878,13.130481714160897
4256,52.0,12.190159966136621,9.866666666666667,0.7180219742846005,-53.36666666666667,22.954278226267295,-95.46153846153847,28.831380832524466,71.8,13.287588193498472,-115.46153846153847,18.495801538625273
4257,62.15384615384615,26.558632245384214,38.11764705882353,20.665066723796514,-13.961538461538462,6.601169880178986,-71.24,2.86048946860498,91.46153846153847,15.1078959723073,-97.72,14.334629398767168
4258,49.08,13.801217337611925,16.23076923076923,12.980185172045571,-15.653846153846153,8.245942161462056,-98.11538461538461,4.593699054783319,76.64,11.623699927303699,-121.11538461538461,8.486763100793734
4259,37.935483870967744,9.83061539067709,14.272727272727273,3.116648620327535,-10.969696969696969,0.6735185082088748,-70.27272727272727,15.132290834348803,61.193548387096776,14.261202398835868,-98.21212121212122,9.631883845310327
4260,46.59016393442623,3.4941499080152365,12.873015873015873,4.402351692938614,-13.109375,5.576505367107163,-86.6984126984127,1.8825423592689556,64.68852459016394,8.53832437127259,-106.42857142857143,2.6470365923213897
4261,47.375,9.955369154380966,19.6875,6.110633661904467,-11.212121212121213,7.018406862985255,-74.84848484848484,9.109173571672752,66.375,10.43955818030629,-98.0,6.809084840390548
4262,46.52173913043478,7.982968638280697,21.185185185185187,16.660081003397927,-27.214285714285715,13.401378241640305,-111.34615384615384,8.32023625631789,61.95652173913044,14.46578650492427,-135.76923076923077,11.466699921973703
4263,43.36842105263158,12.55392799219595,15.090909090909092,7.9022959316729935,-13.565217391304348,7.568964589211725,-77.56521739130434,10.345450951385525,67.63157894736842,16.740151940188877,-100.69565217391305,10.59300336197639
4264,46.75,6.73278227353723,19.333333333333332,15.634008514204611,-21.333333333333332,4.504318915095699,-90.96666666666667,12.618725063263016,61.642857142857146,7.450859421734448,-112.56666666666666,7.684110589753088
4265,65.23076923076923,29.347136791684164,21.05263157894737,10.545508818102947,-44.95,24.14637653976265,-92.78947368421052,47.71690525475655,91.3076923076923,31.788688397906128,-157.77777777777777,46.33999419214891
4266,37.07692307692308,19.625186088138957,15.576923076923077,14.025178120144325,-21.307692307692307,25.134666882414432,-72.5,43.25616896867028,69.88461538461539,20.447544375937103,-108.6923076923077,35.78328921413246
4267,56.2962962962963,14.42429744053239,21.193548387096776,11.197405675448305,-24.852941176470587,10.418118699258226,-80.06060606060606,13.733258444793005,79.25925925925925,16.217486201953818,-103.51515151515152,13.446011489547491
4268,41.857142857142854,16.622662998751675,16.227272727272727,7.692569130967283,-30.357142857142858,10.212787102851173,-90.78260869565217,4.07491287438608,64.85714285714286,21.051604880084817,-113.52173913043478,8.811403506708453
4269,58.52173913043478,16.959977351342012,29.04,19.182241787653496,-17.0,11.0,-93.41666666666667,21.043440519289828,82.21739130434783,17.0904410652096,-115.29166666666667,22.286915381501817
4270,30.73076923076923,21.880018443790025,7.846153846153846,0.7174906963914472,-38.541666666666664,28.068337984679857,-87.10526315789474,27.39937520770963,62.34615384615385,30.080587028452943,-113.36842105263158,21.236043159823176
4271,34.225806451612904,13.964724400268066,13.387096774193548,2.947688206854365,-16.258064516129032,4.023862226971013,-70.45161290322581,2.420859747005641,58.806451612903224,18.03834509761253,-94.63333333333334,4.3549461024857195
4272,112.71428571428571,45.00544184782955,25.214285714285715,12.036721026144308,-26.214285714285715,16.42810558345741,-59.642857142857146,20.073462022058386,143.92857142857142,45.98829709162707,-170.14285714285714,70.48794946945303
4273,36.375,16.12015431067581,19.514285714285716,17.52609715916961,-51.973684210526315,14.019698251323806,-94.55555555555556,27.42712003802526,55.1875,25.818401262471696,-109.88888888888889,25.26061688542263
4274,31.566666666666666,13.128044620413032,12.774193548387096,6.149795052548131,-14.833333333333334,16.97956287881274,-76.01694915254237,19.4164804412702,57.95,18.679244274506043,-105.35593220338983,21.624501727865418
4275,42.63333333333333,3.572891763761611,20.133333333333333,6.432901539913558,-10.483870967741936,0.6154446460754488,-74.51612903225806,10.877235677475719,63.53333333333333,10.151299862031902,-97.2258064516129,8.468955366206455
4276,49.09090909090909,31.342548905614336,9.76,6.192124029765553,-63.64,30.185930497501648,-109.78260869565217,31.57455844538121,78.31818181818181,28.459518879911396,-134.34782608695653,20.4484690521919
4277,72.3,14.293704908105527,52.064516129032256,13.808448755161942,-16.476190476190474,12.662727636722432,-76.73770491803279,9.238021290057173,84.2,11.5813067771589,-98.06557377049181,8.5312710264371
4278,27.56140350877193,7.947232871312184,10.868852459016393,6.2027899852552215,-12.793650793650794,7.10054487101916,-54.94915254237288,5.726606735715696,57.05263157894737,10.969528852700595,-74.39655172413794,5.284785106949474
4279,44.733333333333334,11.952498576541318,19.6,7.232334800509905,-11.0,0.8798826901281197,-83.03225806451613,24.39921187379697,61.86666666666667,15.90541487111299,-106.29032258064517,25.69949610198499
4280,60.285714285714285,24.09533220384408,26.16,14.611447566890831,-18.115384615384617,19.341718408815623,-41.38461538461539,24.40377795953374,78.95238095238095,25.71728377584336,-109.96153846153847,11.298334694277088
4281,39.05714285714286,11.184026510143465,18.63888888888889,7.972706140945905,-21.914285714285715,16.29789018522937,-84.97142857142858,23.379460722468973,69.51428571428572,21.457428189086315,-108.08571428571429,15.833727886240503
4282,47.11764705882353,16.2729741774918,24.576923076923077,18.1662685659292,-20.7,23.396794652259526,-75.39285714285714,20.463101436687527,73.3529411764706,17.36440299432955,-100.10714285714286,16.776555251971395
4283,44.75,18.924741301622415,16.076923076923077,5.55062766321263,-32.279411764705884,20.851608478114283,-54.63157894736842,25.743424695459325,61.1875,17.58746742475069,-93.98214285714286,12.581862046256125
4284,45.578947368421055,8.555181806020958,18.482758620689655,6.077775736834428,-24.2972972972973,11.057258505993746,-68.1891891891892,10.914502719448839,69.36842105263158,9.41561148371089,-90.77777777777777,4.631481111259186
4285,71.83333333333333,31.36567479834533,36.59090909090909,23.7805479922124,-14.65,2.8508770580296865,-78.36842105263158,13.219644578054401,107.83333333333333,22.08632055267594,-103.36842105263158,12.835848346333915
4286,37.96551724137931,8.083541211966745,17.8,9.634659654947168,-15.848484848484848,6.615506174643036,-81.36363636363636,3.699452718068328,56.58620689655172,11.535603780378533,-100.9090909090909,4.974867967571184
4287,49.291666666666664,23.040687140119953,13.625,12.579124572083703,-18.52,15.610560528052797,-85.64,10.023492405344557,83.625,24.934601961932337,-109.44,10.400307687756166
4288,56.05263157894737,22.03937549074748,25.0,15.224979474534605,-14.238095238095237,13.679685188193204,-78.25,21.07338368653691,75.10526315789474,23.552616877384413,-108.0,26.63831826523589
4289,70.44339622641509,4.698615188761602,43.827586206896555,7.670224406721418,-15.564102564102564,0.6046064678231587,-63.93162393162393,3.6060881467069597,74.69811320754717,3.824375177282952,-82.16379310344827,2.129205637520479
4290,66.65217391304348,17.50927380524805,35.370370370370374,17.38059400627533,-10.290322580645162,0.7270598496506223,-41.12903225806452,18.901684402640523,81.34782608695652,16.89252135954837,-70.19354838709677,31.264139361088997
4291,55.291666666666664,14.429365794178976,16.48,11.056654105107928,-25.8,15.450566332662374,-100.82608695652173,20.20686963238652,77.625,18.90284921204561,-125.52173913043478,24.444915120251384
4292,36.41935483870968,2.2400200682912534,15.419354838709678,2.5874909200200613,-10.34375,0.47495887979908324,-72.6875,1.4456291882775472,54.45161290322581,7.53845500418727,-93.41935483870968,4.1252502840855065
4293,46.72222222222222,13.382432744939894,14.333333333333334,10.269387394597473,-22.896551724137932,21.050587390586134,-81.57142857142857,8.37696062947386,71.38888888888889,13.396263529178942,-101.39285714285714,9.313351727931424
4294,50.470588235294116,21.18578226646858,24.952380952380953,17.505036528235966,-30.942857142857143,16.726271648676107,-89.0,13.74253043864713,65.82352941176471,18.379129129076073,-107.22857142857143,12.746059815343976
4295,42.12,1.7045820602130013,18.16,4.557894250638117,-12.541666666666666,7.9161184020677435,-84.3913043478261,14.94843057178734,72.04,20.529939113402165,-120.73913043478261,9.547216263094239
4296,43.583333333333336,15.332201045149679,23.02777777777778,19.010941456480488,-21.055555555555557,21.02636498996814,-44.07142857142857,27.150280939652188,69.79166666666667,20.508086142354244,-87.4074074074074,24.719551804727605
4297,50.0,16.73320053068151,18.65714285714286,8.625354177880324,-13.787878787878787,8.248994707373578,-67.15151515151516,13.071183230207172,79.19354838709677,20.31909852400701,-95.57575757575758,12.977907341768683
4298,41.08695652173913,10.214708250864708,23.884615384615383,18.147529865981387,-10.0,0.5345224838248488,-79.17857142857143,11.16132855452436,68.56521739130434,17.975408532471878,-105.10714285714286,8.549600181605344
4299,45.666666666666664,21.460558137093162,20.76923076923077,18.622376309383398,-22.733333333333334,12.233651222027797,-74.26666666666667,25.010575540936454,68.33333333333333,20.491190519071576,-101.93333333333334,23.895513293410453
4300,29.80392156862745,14.837709785547196,12.59375,8.04425017869907,-57.87301587301587,25.12160397233037,-77.44736842105263,34.3432345045234,52.490196078431374,15.927990591260366,-98.36842105263158,27.88078101736937
4301,58.45454545454545,15.447057009279595,24.666666666666668,16.316317667360554,-31.833333333333332,23.046450678768064,-73.75,20.761041239141484,70.27272727272727,12.969130545546916,-102.58333333333333,17.927903453059486
4302,45.333333333333336,19.273045747822547,16.982456140350877,8.822799866037226,-12.75438596491228,15.15102995949408,-66.57142857142857,5.765838877317305,68.43859649122807,19.55470737409035,-93.07142857142857,11.112825831406866
4303,53.39393939393939,1.631868123374092,20.058823529411764,3.7411949685077284,-21.36842105263158,2.321762631590819,-63.026315789473685,1.3666486497472408,74.57575757575758,16.945599773947404,-86.52631578947368,1.5515161024193347
4304,62.357142857142854,26.68227646867899,33.94736842105263,24.30177313047998,-34.34782608695652,32.51435628825088,-78.54545454545455,37.907455818236734,91.71428571428571,21.782786688538437,-122.52380952380952,27.878339514019785
4305,47.2962962962963,11.306552720910428,17.482758620689655,11.28508533466635,-15.78125,9.936468106802335,-71.125,16.497632405893885,70.37037037037037,13.400243635563326,-99.0625,19.7578109554171
4306,37.17948717948718,6.949900552218935,14.525,3.3688833461549246,-18.142857142857142,7.291780854305132,-70.8048780487805,4.774012538403645,59.333333333333336,20.734380384147723,-90.21951219512195,5.153791855881814
4307,46.56,4.891461949151807,20.333333333333332,8.707595662536372,-16.484848484848484,24.084599898062876,-84.63333333333334,16.68229267483606,62.12,9.671897435353625,-105.63333333333334,11.244208385752293
4308,58.483870967741936,4.751033624326364,25.774193548387096,8.20978832550729,-23.741935483870968,4.536360214515342,-85.65517241379311,11.727585699946252,81.93548387096774,6.116795934785169,-105.82758620689656,14.21526368942236
4309,38.97222222222222,15.424522522973875,18.783783783783782,13.339911939283752,-14.210526315789474,16.459132634844785,-82.07894736842105,24.384401376103412,67.63888888888889,22.74514939470951,-103.8157894736842,19.857194458058583
4310,47.303030303030305,13.251609046920114,16.0,4.0,-10.735294117647058,0.9794603414909829,-64.38235294117646,9.349472164661783,75.63636363636364,16.13544598329683,-90.58823529411765,11.29840604858731
4311,54.116279069767444,17.917393527124446,24.054347826086957,14.40588959451834,-10.91304347826087,6.706019641552822,-63.391304347826086,9.851016855192434,74.73255813953489,13.633427130270189,-87.75,12.920008917751666
4312,38.785714285714285,4.056363104143053,23.4375,11.75249308657529,-28.1,5.861456019340815,-67.46666666666667,6.432901539913558,80.35714285714286,12.539122450823053,-91.83333333333333,2.7938424357067015
4313,53.1,3.4674678561355594,18.806451612903224,9.191227777294516,-12.818181818181818,6.903905550174482,-78.27272727272727,3.6371211332235065,69.33333333333333,7.110243002567181,-100.0,5.06921785850339
4314,44.0,11.48454338848982,24.035714285714285,17.201499400710773,-22.40625,16.72172870661105,-63.166666666666664,20.446814476153058,68.52631578947368,9.826754141267022,-91.89655172413794,15.221003699711623
4315,49.58695652173913,14.371735677690914,23.384615384615383,17.869348322405482,-30.69090909090909,12.50290544745897,-83.45454545454545,5.678726431542334,74.02173913043478,15.43920634707624,-108.89090909090909,13.264680001311378
4316,53.73913043478261,3.2466356004512122,21.583333333333332,8.616441002847727,-12.76923076923077,8.979925013853839,-82.53846153846153,2.0611940010729635,74.34782608695652,10.675484697894124,-102.88461538461539,7.239458772146539
4317,22.91304347826087,14.951844566963347,9.291666666666666,0.45452967144315476,-82.58333333333333,2.158638974498103,-124.63157894736842,3.3593628204700945,53.0,14.753039480494976,-151.10526315789474,9.008152663250781
4318,42.94736842105263,13.016077848126002,28.545454545454547,20.169119674139278,-14.5,8.34565755348253,-77.7,7.033965216481147,78.26315789473684,16.472759348512824,-102.86666666666666,9.489409301367967
4319,35.61538461538461,3.386363185085406,16.571428571428573,3.144480100436448,-10.607142857142858,2.7946285942128046,-79.60714285714286,10.199227161597959,58.76923076923077,16.458123297788454,-100.57142857142857,13.470678664175365
4320,29.756756756756758,12.976913815852981,9.275,0.7411983540186797,-52.825,15.932494311939987,-92.08333333333333,20.53908874966625,52.37837837837838,15.647038147066324,-111.28571428571429,17.645025893308013
4321,26.676470588235293,2.856577427985477,9.970588235294118,0.5680355269361166,-75.78787878787878,12.710667378128846,-109.13636363636364,3.15213426319742,48.0,11.445523142259598,-122.18181818181819,1.7486712783337586
4322,67.3,16.59548131269473,47.0,18.626146497151076,-19.620689655172413,7.116827039529809,-89.51724137931035,5.443253905493208,84.1,9.61717214153932,-113.34482758620689,10.097032210161167
4323,38.06,5.739024307319146,11.711538461538462,10.170350078048402,-9.283018867924529,0.49056603773584906,-55.35849056603774,1.4933101084837266,64.76,14.325585502868634,-72.41509433962264,2.5434634110156775
4324,47.1875,16.28349912488099,26.956521739130434,19.69435642152906,-9.6,0.5451081150953975,-67.25714285714285,9.998122272686599,66.9375,13.197863226674233,-92.82857142857142,7.101250249219557
4325,27.366197183098592,3.0453818032089193,10.180555555555555,0.4809247136994662,-68.0,6.339908867203412,-99.04761904761905,16.654689574028577,48.67605633802817,6.786014300112627,-110.76190476190476,10.07545230890529
4326,53.68421052631579,16.26119899631586,35.095238095238095,18.664722930870628,-25.21875,8.316904378282823,-78.0625,2.2491317769308226,74.63157894736842,17.302906741858475,-98.3225806451613,4.1143893583232325
4327,41.111111111111114,10.375660026603335,18.821428571428573,8.25510046416574,-14.964285714285714,15.637596962945112,-78.48148148148148,23.386242189183335,66.14814814814815,16.39038494950216,-107.18518518518519,19.30656583199005
4328,48.16326530612245,15.018827556587452,19.296296296296298,13.528611148817614,-14.39655172413793,9.07808968050683,-57.75925925925926,20.450423508414815,64.83673469387755,14.501719727399976,-78.5,20.67898378476008
4329,30.571428571428573,4.813882984426927,15.266666666666667,7.571584305077035,-19.166666666666668,23.682741020038666,-70.0,18.238499311699336,57.642857142857146,21.830866558473524,-92.85714285714286,19.00698045778048
4330,47.69444444444444,17.433714853130038,20.594594594594593,12.857765472419947,-17.05263157894737,19.002696994763458,-61.78947368421053,14.261021397569639,73.08333333333333,20.751673292639428,-82.83783783783784,12.914507897863306
4331,37.06666666666667,5.761558431149991,15.387096774193548,4.52004438570013,-18.545454545454547,12.622949060152568,-72.51515151515152,6.339492437962408,53.8,13.5213411563597,-94.03030303030303,7.436538981904469
4332,58.65217391304348,12.623679253006934,20.708333333333332,9.812743273700558,-21.12,8.585196561523796,-90.125,15.48201241225873,82.0,17.527617958648797,-124.29166666666667,16.455695991223084
4333,48.31578947368421,16.64190219257575,20.238095238095237,22.618796991092672,-17.6,12.772626981165622,-73.25,4.968651728587948,76.3157894736842,21.844070932476097,-98.85,11.01487630434405
4334,45.35,15.802768744748496,19.875,15.541108122224317,-9.676470588235293,0.580090674215177,-64.29411764705883,9.522510209605528,68.5,17.628102563804195,-88.38235294117646,6.197792329352885
4335,46.2,16.287418457201866,21.923076923076923,7.005070015150439,-18.62962962962963,16.07194046259493,-44.51851851851852,21.323557430900603,66.8,18.510537539466544,-92.07407407407408,9.884240827461348
4336,39.77777777777778,17.636942149790638,22.0,18.740330840195966,-50.8,28.954446981422386,-97.5,18.916923639957954,67.44444444444444,18.25809477167204,-122.8,14.005713120009277
4337,57.28,4.538898544801371,30.08,8.867558852356154,-11.64516129032258,0.5417050201208601,-92.93548387096774,3.758306789920059,80.36,7.509354166637768,-117.76666666666667,6.135597408203667
4338,47.705882352941174,26.63868197119801,19.055555555555557,13.91431006882332,-11.608695652173912,7.976809487697733,-91.82608695652173,3.1712317441409508,82.52941176470588,21.431471215889697,-118.86363636363636,4.947868728925383
4339,43.0,5.932958789676531,11.830769230769231,3.2418856372807325,-17.661538461538463,7.0411470286658515,-76.92307692307692,5.5367518728741265,66.9076923076923,12.061028246665535,-98.46153846153847,7.670276142009136
4340,28.90909090909091,2.937362622073366,9.8,0.5416025603090641,-53.0,13.832329280830953,-87.88888888888889,5.152010275275391,46.0,1.2792042981336627,-109.0,3.840572873934304
4341,80.7,31.359368616093025,51.92857142857143,37.457526967628446,-37.6,18.091618685641887,-158.15384615384616,32.04527123124446,130.1,32.846460996582266,-199.76923076923077,29.498771411584237
4342,58.125,7.00780814520489,29.1,5.166236541235795,-26.166666666666668,12.150674421154115,-94.5,4.0722639076235385,88.125,14.356509847452479,-113.83333333333333,5.6837976349933115
4343,30.71794871794872,14.780355496832776,9.205128205128204,0.5629358564128242,-50.23076923076923,20.558187012828682,-83.16129032258064,23.904509999894742,50.1025641025641,18.186772978571433,-107.54838709677419,20.414793354847458
4344,53.714285714285715,10.25690409590794,19.066666666666666,15.110555545342761,-27.944444444444443,22.520292632355236,-86.625,10.01795263514457,70.28571428571429,9.931397336791258,-107.06666666666666,9.319990462560689
4345,30.64,12.148678940526827,9.321428571428571,0.6008072800450258,-66.71428571428571,9.609731462195509,-103.61904761904762,17.19766371308058,58.52,17.311545280534606,-126.0,15.19398377178095
4346,42.26315789473684,1.8734180769008089,17.55263157894737,4.766646003997342,-8.871794871794872,0.3343180720616743,-68.0,1.7686732677928754,68.3157894736842,16.317741818675213,-89.15789473684211,2.3678361850951566
4347,49.608695652173914,13.213099989864414,24.166666666666668,11.823939933691964,-15.1,14.413766567648677,-82.9,9.271281824357766,65.21739130434783,11.6654693777577,-108.16666666666667,10.62099597756988
4348,28.923076923076923,4.8957575322513325,12.102564102564102,1.2151790370331061,-17.973684210526315,4.474999806558437,-76.55263157894737,7.29346271245354,53.64102564102564,17.879206056323383,-98.78947368421052,9.467834451271099
4349,45.05263157894737,15.515607368780657,20.0,18.421002506197464,-20.755555555555556,20.178267248101417,-61.116279069767444,16.42347908405663,74.63157894736842,16.480324876447096,-81.09302325581395,16.393155056925114
4350,32.83870967741935,5.273774275531821,9.387096774193548,0.7037878783635945,-12.6875,1.260890062614501,-64.70967741935483,18.132475852489176,55.903225806451616,13.773173642077483,-92.12903225806451,18.28050598488662
4351,43.78260869565217,6.035809961418531,16.0,5.890301535058544,-22.724137931034484,7.319772710453458,-81.24137931034483,1.4300994036777739,71.08695652173913,14.86435199739489,-103.37931034482759,5.346051027940274
4352,42.21212121212121,10.125747486834035,15.242424242424242,7.943094210583189,-11.0,8.74642784226795,-88.06451612903226,1.8127769442873698,61.42424242424242,14.576923030329123,-108.29032258064517,5.577567676529287
4353,40.857142857142854,2.279008019077688,18.93103448275862,4.570754366794344,-10.066666666666666,0.7272474743090478,-71.82758620689656,9.384760080034532,70.0,12.521410235501202,-104.27586206896552,6.538462076498006
4354,61.88235294117647,27.7359023075978,37.3,24.95215421561834,-43.22222222222222,15.300286449347892,-92.47826086956522,17.279969719220123,87.58823529411765,20.184615060018047,-124.34782608695652,16.729585081920966
4355,41.05263157894737,10.15134776745654,19.71794871794872,4.396669590104496,-29.568181818181817,2.1148579070335076,-65.87179487179488,16.668993920356943,70.13157894736842,15.758324537963016,-87.38461538461539,17.322899302272884
4356,65.0,0.0,13.333333333333334,2.6246692913372702,-15.808510638297872,5.326123087528474,-73.06382978723404,1.3590399508656432,83.0,0.0,-91.67391304347827,1.4752206588976997
4357,41.8974358974359,8.972307457821858,13.666666666666666,3.2998316455372216,-12.85,0.9096702699330126,-71.175,3.562916642303044,74.23076923076923,17.22618986766958,-97.8,8.034923770640265
4358,37.774193548387096,10.924106747034447,11.09375,4.354303725913019,-50.73529411764706,15.936101862141621,-85.76666666666667,23.800116713065833,58.483870967741936,7.589768017798425,-102.58620689655173,24.99588551159806
4359,47.333333333333336,23.0149709730186,19.4,22.82849097071464,-17.708333333333332,22.382059718047003,-66.21739130434783,17.78361855323266,73.8,26.788554770025698,-100.72727272727273,18.464171246896264
4360,55.608695652173914,18.18202440164887,29.0,12.280065146407,-17.333333333333332,15.496953105548057,-40.42857142857143,21.981207186771048,74.34782608695652,14.740092311822835,-87.46428571428571,26.471658891912984
4361,42.79365079365079,16.447278667323495,18.37878787878788,13.675642083995546,-10.85135135135135,2.1032949211180245,-68.32432432432432,16.647463980315283,66.52380952380952,22.741373485944308,-90.9054054054054,17.49530355430474
4362,52.86363636363637,23.670648212012686,18.416666666666668,9.259754616379182,-20.32,21.33301666431637,-63.88,35.833302945723545,73.36363636363636,24.26285124244929,-98.91666666666667,28.74589342652075
4363,43.02272727272727,16.96853858329858,18.4,9.771614218973468,-23.270833333333332,21.968480814693482,-45.31818181818182,27.889206715854602,71.1590909090909,20.26410079405784,-83.4186046511628,15.799959608631818
4364,27.071428571428573,10.385871486332395,11.01388888888889,9.76173518209914,-56.416666666666664,16.897361727007365,-83.34782608695652,25.63389179031503,44.642857142857146,9.339678358312705,-97.91304347826087,24.97635933277404
4365,37.24590163934426,9.626901749877819,16.403225806451612,8.08116024370853,-12.640625,6.052807167701198,-74.2063492063492,4.741437496039421,61.459016393442624,13.957281160497336,-94.25806451612904,4.091436705903968
4366,36.84848484848485,12.343864166167771,11.114285714285714,4.227606067412678,-52.90909090909091,27.527797120820782,-75.73333333333333,30.17165704579198,56.666666666666664,13.478752452536833,-95.46666666666667,20.948720459466944
4367,48.45454545454545,16.458563045438115,23.434782608695652,18.39854929762368,-28.75,13.86918046124812,-87.30434782608695,11.815372384087992,70.5,23.379769809894118,-107.56521739130434,12.876760620714194
4368,49.47826086956522,17.524813626044622,25.076923076923077,16.94543976986383,-24.633333333333333,15.298111720804705,-82.03571428571429,10.157622552466073,73.3913043478261,12.984067596179365,-103.78571428571429,9.267289412833966
4369,23.92105263157895,2.6296045224706956,11.45,2.1207310060448497,-60.717948717948715,15.720228219699022,-102.34285714285714,19.922625841192804,52.60526315789474,11.368329677995357,-121.28571428571429,14.796855705706879
4370,37.0,3.134658985682771,11.695652173913043,0.8040540003872577,-28.166666666666668,6.9081272586875695,-85.58333333333333,1.8238390523532741,78.04347826086956,25.15426882411044,-107.16666666666667,3.519785346990479
4371,32.24242424242424,3.065252997915586,13.818181818181818,2.563786799798481,-22.303030303030305,5.838663444424892,-79.60606060606061,3.2374643457907455,63.06060606060606,14.956379796006368,-101.46875,5.012386999973167
4372,45.25925925925926,10.595570676930134,20.620689655172413,10.80042717259751,-9.59375,0.9307045382397144,-78.03125,2.0075540932936278,73.5925925925926,17.30822809952337,-99.0,3.7914377220257753
4373,43.53846153846154,5.527767453298979,20.692307692307693,5.2386817981481295,-19.566666666666666,9.513791159270957,-71.43333333333334,9.830847143331827,69.73076923076923,14.729764978823015,-89.3,11.838214955529965
4374,46.62162162162162,14.668133047531066,14.18918918918919,10.569813820850898,-12.243243243243244,11.796484600966203,-72.51351351351352,8.290736027123225,69.1891891891892,22.435297765554,-97.5945945945946,11.357720221040411
4375,55.51851851851852,14.387160866731582,14.379310344827585,8.957423402247677,-37.333333333333336,23.54050882108446,-89.125,28.45070664031622,72.37037037037037,14.032101155058308,-107.54166666666667,20.157668447075476
4376,46.86363636363637,11.721369197656417,23.25925925925926,16.851404145457,-30.53846153846154,14.902841157182513,-82.23076923076923,14.658438610070553,67.18181818181819,15.236428726265828,-108.2,10.590561835898981
4377,53.77142857142857,22.439869765710338,26.225,21.944802915496872,-28.69047619047619,6.706386775512313,-70.28571428571429,14.020878503631842,78.48571428571428,18.661452138522534,-95.4047619047619,17.893946201372028
4378,44.77777777777778,19.81083379876953,16.666666666666668,12.634168837807344,-10.694444444444445,3.991793278746648,-64.66666666666667,2.2852182001336816,76.5925925925926,26.612805688461275,-86.69444444444444,8.925056627409662
4379,44.476190476190474,1.917812434819264,12.142857142857142,0.4665694748158434,-20.363636363636363,5.032128182944745,-87.95454545454545,0.9759504797083587,64.33333333333333,15.304320377665327,-110.27272727272727,2.09288444240388
4380,43.041666666666664,3.088677800541124,13.0,0.6454972243679028,-25.21875,5.775672985678812,-87.03125,2.721263206215084,62.541666666666664,13.394585867265757,-107.71875,7.408754850681726
4381,48.81481481481482,12.981573941658365,19.490909090909092,7.198163218419562,-12.125,5.997209172368666,-87.33928571428571,14.181573539675508,73.81481481481481,14.65918252745063,-114.625,13.401175987843114
4382,51.42424242424242,13.14264468341756,25.38888888888889,13.78259324449539,-11.21951219512195,7.511007191471666,-72.21951219512195,18.15853249029422,76.60606060606061,14.88936857634962,-105.85365853658537,11.498803703651525
4383,40.592592592592595,7.742424059395138,15.892857142857142,2.968155821312594,-25.333333333333332,6.939420404872121,-76.82758620689656,2.260133739058474,74.4074074074074,21.87550508921093,-99.27586206896552,4.4481422059578195
4384,52.875,2.278751485645886,22.875,9.470623439527797,-16.741935483870968,3.70673094767051,-73.70967741935483,1.2493494665185216,75.58333333333333,7.804468093484797,-93.41935483870968,1.4978305504830842
4385,45.1,6.549045732013177,18.272727272727273,7.2874850268476665,-9.285714285714286,0.45175395145262565,-71.28571428571429,15.480072773124306,74.8,13.840520221436766,-96.21428571428571,10.597699018645317
4386,56.779411764705884,5.2323810467783325,25.955882352941178,8.75387951564302,-20.652173913043477,10.642853064900342,-81.98550724637681,14.422700257362196,71.6470588235294,7.138884213941924,-101.02898550724638,16.67243756422927
4387,43.30769230769231,10.223537062053015,11.333333333333334,1.0749676997731399,-9.0,1.8126539343499315,-68.07142857142857,21.552143697534678,69.76923076923077,6.565104090262114,-91.64285714285714,25.658769436190656
4388,,,,,,,,,,,,
4389,75.0,24.91318258807306,52.0,29.87752778706208,-20.833333333333332,4.4503433076062295,-94.5,10.927793311857004,97.0,9.092121131323903,-123.625,9.379998667377304
4390,32.09090909090909,2.1086206372260365,11.382352941176471,1.7152380366850979,-23.228571428571428,3.321666658133399,-83.08823529411765,13.045999267431112,60.03030303030303,11.115058986429581,-100.5,12.705371721765378
4391,41.96296296296296,15.282479635629917,16.928571428571427,11.384289209973828,-14.966666666666667,13.74162371127307,-75.15517241379311,19.9765394505292,68.66666666666667,19.561867668161614,-106.12068965517241,16.222672072736604
4392,42.303030303030305,1.6964284851246552,15.176470588235293,4.623918558687019,-13.228571428571428,4.0006121980496525,-70.26470588235294,3.3633738622139857,57.21212121212121,5.530946413384591,-92.3529411764706,3.8568682277142368
4393,50.0,18.15488914865635,22.161290322580644,13.353981583839305,-13.333333333333334,1.1720654306553768,-67.96969696969697,13.023253907238969,67.46666666666667,14.254200160732353,-99.48484848484848,11.316711194060332
4394,44.75,1.1273124382057236,22.64,4.663732410848633,-12.10344827586207,2.4822796472848525,-68.65517241379311,1.396445291814937,64.875,11.741353201398892,-92.13793103448276,2.192843185597882
4395,52.375,20.609084768616,28.761904761904763,15.436212099829728,-34.84375,16.486944408758706,-85.38461538461539,12.14361789671026,76.25,10.145811943851513,-104.61538461538461,14.568345355273966
4396,57.833333333333336,21.167716509397565,35.23076923076923,24.345232291061016,-16.754716981132077,3.30183288365696,-64.64150943396227,1.864204414480237,87.8,14.430061214931373,-92.64150943396227,11.551516015221162
4397,47.9,13.091600360536523,17.571428571428573,2.4018133738892367,-11.090909090909092,0.41659779045053097,-107.4090909090909,14.433732872271786,72.3,17.291905620838904,-128.0,7.305041845440474
4398,50.46153846153846,17.981252564462306,23.266666666666666,19.108346053201174,-10.0625,0.7473912964438374,-56.0,28.510649639339032,88.07692307692308,17.63066183347609,-88.57142857142857,24.63074236371602
4399,45.45454545454545,14.021824783099161,22.347826086956523,13.569815274293525,-31.82758620689655,22.112672237519096,-76.92592592592592,11.218126620938182,71.31818181818181,16.271521031981457,-99.55555555555556,14.505001266059752
4400,34.333333333333336,20.69621543503385,15.318181818181818,13.93291186571749,-48.86363636363637,28.690029079717593,-95.76190476190476,34.63813582620663,53.55555555555556,25.40389782477008,-126.95238095238095,22.06802511386789
4401,26.535714285714285,3.31104367293481,8.862068965517242,0.5707912192154087,-69.51724137931035,1.276327967125638,-109.28,6.135275054958823,49.17857142857143,11.035829865321706,-130.96,6.043045589766803
4402,61.57692307692308,8.736189439175398,28.96153846153846,13.566023081526904,-13.115384615384615,8.850584174882831,-80.65384615384616,2.3524505666727733,84.3076923076923,8.869867880245891,-106.07692307692308,9.339424611345493
4403,52.857142857142854,7.4148224413491315,19.533333333333335,6.458758050550861,-13.0,0.816496580927726,-72.53333333333333,23.211682882165658,72.85714285714286,8.559515530825854,-106.46666666666667,3.8964371189873215
4404,37.92857142857143,6.771413502092937,17.785714285714285,4.647250668460892,-11.724137931034482,6.334887265818564,-73.75862068965517,1.905620948916979,75.89285714285714,17.06361895486226,-94.51724137931035,3.2655008556556444
4405,49.6551724137931,17.22523381968115,19.3,11.293508459877884,-17.133333333333333,12.7088770375496,-44.1,14.190019967098943,62.6551724137931,15.877279064358442,-88.23333333333333,9.985600744182706
4406,43.484848484848484,16.05317152110866,16.027027027027028,8.875981823077032,-11.205128205128204,2.661978126819604,-73.38461538461539,19.196174010644487,68.39393939393939,20.573503692325843,-99.0,21.176910503223514
4407,30.122448979591837,12.88510079797312,15.14,11.496103687771782,-25.8,4.341763361919796,-80.94339622641509,10.842639611675056,58.204081632653065,16.923573212505993,-103.35849056603773,13.496462624776408
4408,52.458333333333336,6.415990224085098,11.384615384615385,0.68370726287043,-12.742857142857142,5.556683785665471,-69.45714285714286,1.2269091744905078,76.25,9.261254414674791,-89.77142857142857,1.6050939320215016
4409,41.54545454545455,10.102777623133123,15.424242424242424,6.96323811399119,-12.676470588235293,8.213047683359385,-70.32352941176471,15.988452796858434,61.484848484848484,14.146680116210181,-95.17647058823529,14.273526684524777
4410,58.0958904109589,16.15860124114034,24.66216216216216,13.310508982721466,-48.38666666666666,22.753105770910093,-74.89655172413794,31.540717884365247,79.75342465753425,16.418984019022805,-94.10344827586206,22.815368123090895
4411,34.54545454545455,1.724878723728207,13.911764705882353,3.0904753780419827,-23.08823529411765,10.960806236605107,-78.23529411764706,11.64438471975785,53.54545454545455,10.236864189279451,-97.91176470588235,13.84444600267946
4412,50.72727272727273,13.82087294368991,23.153846153846153,11.254716302655275,-9.357142857142858,0.6662413609349154,-76.67857142857143,15.691338765220063,78.36363636363636,11.355997432456139,-102.21428571428571,17.032232348565184
4413,40.23076923076923,2.241354197589764,14.923076923076923,4.7710914484494475,-10.607142857142858,6.449469998791072,-75.21428571428571,9.033102389296282,61.11538461538461,14.747429823210977,-99.85185185185185,4.843504269398527
4414,60.333333333333336,8.232726023485645,24.785714285714285,10.307269081496191,-32.8125,7.396948272767628,-75.0625,7.236787529698519,78.18518518518519,8.989858636210014,-97.78125,10.172679019683065
4415,53.86666666666667,16.45546177480967,24.5,15.38126566096995,-15.75,16.139625150541757,-89.1,20.690335908341364,72.53333333333333,12.622026602552996,-117.5,4.904079934095692
4416,45.5,6.822756041366275,15.1,2.188606862823929,-28.52,12.79412365111421,-83.91666666666667,2.3078970706877047,80.0,23.575410919006266,-104.58333333333333,6.330591511769567
4417,45.45161290322581,4.88802823019552,13.290322580645162,2.801998692029544,-13.26984126984127,4.976791690472919,-74.55555555555556,1.2315660153187826,67.80645161290323,12.67183657753124,-93.2741935483871,2.1714374222316555
4418,40.706896551724135,12.402736934727635,16.484848484848484,11.419338228772444,-16.61764705882353,14.76883584141711,-74.48333333333333,12.834188283210159,55.3448275862069,14.571525994138696,-99.91666666666667,9.602589349869243
4419,45.54545454545455,11.09761347287733,17.391304347826086,12.23942002900884,-25.307692307692307,7.315784992683397,-73.07692307692308,8.857517784445887,67.04545454545455,17.91768367925252,-96.92307692307692,12.356633462741556
4420,55.708333333333336,1.6451739185333025,28.2,6.6932802122726045,-13.708333333333334,2.7760758675191535,-78.20833333333333,3.4758592063290226,81.79166666666667,10.148806032676399,-105.0,5.852349955359813
4421,51.16129032258065,9.204125211866298,21.451612903225808,9.314708139341985,-28.1,19.152632543160568,-63.0,22.475383359196726,70.38709677419355,9.767217781138246,-88.0,22.309511104331392
4422,50.13636363636363,20.289485531686008,32.69230769230769,22.447835651656643,-17.103448275862068,7.236615838846825,-64.93103448275862,11.542816946819197,70.77272727272727,19.990751994091074,-97.35714285714286,18.002409135831726
4423,36.37837837837838,17.510385105974468,9.268292682926829,0.5421002627047041,-61.146341463414636,14.189589065037165,-84.33333333333333,22.55363976538303,58.729729729729726,23.894643353857262,-113.25,27.10973072533182
4424,46.98039215686274,1.686046496212209,20.53846153846154,4.171614419371154,-10.62295081967213,3.0630742856725672,-69.04918032786885,0.9987899155231355,66.05882352941177,9.23847828210134,-89.08196721311475,1.662459978240947
4425,49.073170731707314,17.731589894602312,19.613636363636363,14.089351086887813,-17.74468085106383,16.277471816222914,-75.52173913043478,25.143707943526117,73.78048780487805,22.198123624418646,-105.78260869565217,25.77655915537136
4426,41.15,10.362311518189367,12.24390243902439,4.476390574541917,-10.547619047619047,1.1588660498702816,-67.33333333333333,4.688723385328568,65.0,17.402586014727813,-91.02380952380952,8.995999362780513
4427,67.18181818181819,21.820833172236537,16.23076923076923,13.109913137973383,-10.941176470588236,0.6389870877176598,-64.0625,9.952818382247312,89.54545454545455,16.238918662855696,-87.0625,2.0757152381769517
4428,51.857142857142854,21.767791222213557,26.071428571428573,20.793076752042413,-9.266666666666667,0.6798692684790381,-71.66666666666667,4.407065034943576,66.42857142857143,17.642134166794662,-98.86666666666666,8.950729330929159
4429,39.148148148148145,16.2838336183893,23.225806451612904,18.037075933216105,-17.84375,19.139470628455218,-74.09677419354838,17.807854082216856,61.55555555555556,17.03880828151784,-95.38709677419355,14.510679980854231
4430,33.93333333333333,5.910066741491917,14.806451612903226,2.7169640889349114,-9.9375,0.7880950133074057,-74.78125,10.13883121654069,64.36666666666666,14.434872897104276,-95.75,3.5619517121937516
4431,54.0,1.6777409856157222,19.51851851851852,9.765283824630137,-10.428571428571429,0.5624291338579865,-79.92857142857143,11.227926190112413,67.51851851851852,5.035947594602528,-109.89285714285714,3.373629729389461
4432,54.63636363636363,14.156737729452216,34.25,18.656433206805634,-24.5,8.96808065241584,-74.82352941176471,8.78993605087925,69.72727272727273,10.896962955470325,-94.67647058823529,7.54094934043568
4433,25.58823529411765,14.860365063718643,10.590909090909092,6.227936261928555,-51.0,28.682671635918314,-92.35714285714286,28.577231553551616,71.11764705882354,19.914175716400308,-111.42857142857143,22.429936264205626
4434,40.55555555555556,24.03752210889888,11.25,6.130864539361475,-26.9,24.887547086846464,-82.55,40.05929979418013,62.666666666666664,25.761728720461804,-111.8,32.676597130056244
4435,44.62068965517241,11.862469921050339,20.333333333333332,8.474799243771043,-14.516129032258064,16.527339945096127,-71.26666666666667,15.754223419628007,69.24137931034483,16.386822233889315,-96.16666666666667,14.953446276880642
4436,60.294117647058826,23.01857231194578,30.31578947368421,16.399783796966886,-27.363636363636363,24.508895332373168,-86.80952380952381,14.40442738690682,88.82352941176471,19.557562984589715,-113.04761904761905,12.7558621088733
4437,55.121212121212125,21.973479298239415,21.555555555555557,10.534188901024566,-9.675675675675675,2.439030091389941,-68.16129032258064,18.27760267719457,69.6969696969697,24.235567212054082,-104.0,11.559104776141034
4438,37.833333333333336,8.00570233279191,16.3953488372093,3.5773157072042547,-8.659090909090908,0.5197543920922397,-58.84090909090909,5.838520912549769,71.23809523809524,16.789749599382873,-87.53488372093024,8.389774610186794
4439,56.76923076923077,9.937913773902187,38.74626865671642,10.033292764043994,-17.01492537313433,5.666061669729435,-55.134328358208954,5.846023070680371,67.78461538461538,5.228596833957559,-71.49253731343283,6.047999877419346
4440,68.22222222222223,22.399294521518495,37.63157894736842,24.50394281123752,-37.095238095238095,21.904347822173097,-81.22222222222223,22.04680766902686,89.33333333333333,19.686430746977866,-103.88888888888889,21.517147913257176
4441,39.93333333333333,1.8785337071473829,13.0,2.1505813167606567,-11.642857142857142,0.5486532677049006,-76.39285714285714,10.708272121903454,68.53333333333333,18.895737320593998,-99.89285714285714,7.696656443428098
4442,55.111111111111114,15.369120877369982,28.0,16.601778447475066,-37.04545454545455,31.506820722918327,-76.2,33.89631248380862,76.66666666666667,14.895935314336219,-116.0,25.96343582810257
4443,66.80952380952381,29.183522825991165,30.26086956521739,21.003555374609583,-29.782608695652176,15.609240634787682,-103.72727272727273,23.118630460738054,87.71428571428571,21.92876531634464,-127.04545454545455,24.737673280622875
4444,41.642857142857146,8.579658747158133,12.372093023255815,9.755197197568059,-9.2,0.4,-63.53333333333333,9.4059083086702,66.0952380952381,15.082013134240595,-86.25,6.216272633543791
4445,51.5,6.123724356957945,21.942857142857143,11.311038495060242,-12.88888888888889,3.3646675399392714,-85.71428571428571,24.766995813635795,70.375,8.283077628514658,-110.97142857142858,15.366913835130545
4446,36.523809523809526,8.333061220047057,13.651162790697674,3.8812831786709494,-9.279069767441861,0.49769615253564403,-66.5952380952381,7.306420932855742,68.07142857142857,17.796993937102943,-87.47619047619048,5.598631190015472
4447,54.22727272727273,18.138186283443353,24.32,10.038804709725158,-16.103448275862068,20.46080328012599,-78.26923076923077,21.382159515870473,72.45454545454545,20.270281140641867,-109.03846153846153,16.27995645720592
4448,57.925925925925924,20.05534181343645,31.875,23.379678676149506,-19.634146341463413,9.869282469682842,-65.09756097560975,2.969806416034722,85.5925925925926,14.456215526635514,-88.29268292682927,10.26774229450145
4449,46.06666666666667,17.09762816559329,14.970588235294118,9.724091653080437,-11.710526315789474,3.810704415727402,-65.48648648648648,14.410247145360067,75.16666666666667,22.910089965389098,-93.35135135135135,20.696280141304694
4450,66.55555555555556,21.7210144591776,28.235294117647058,16.744432185870632,-29.203703703703702,18.65811275203803,-94.39622641509433,15.383573231947722,82.15555555555555,19.04609094399461,-118.35849056603773,15.571011212327841
4451,45.23529411764706,3.172110297108885,19.771428571428572,4.787398424350055,-9.222222222222221,1.030402055055078,-79.30555555555556,16.346626298965322,64.17647058823529,8.504222439938792,-105.68571428571428,7.999183631815824
4452,48.08,2.261327044016411,20.4,5.207686626516615,-9.71875,0.624218261107443,-73.5625,10.74109369431251,67.72,8.711004534495434,-97.3125,12.657600236616734
4453,35.67857142857143,17.685857084583898,12.774193548387096,7.686224281431977,-61.09375,28.443320146169643,-83.36842105263158,43.13285538074658,56.32142857142857,18.73318974331877,-118.94444444444444,19.738490942606482
4454,50.38461538461539,3.1753488370077374,24.153846153846153,4.696089270645291,-10.653846153846153,0.5506854255106289,-77.28,1.9903768487399567,71.03846153846153,11.164782436926629,-98.68,3.802315084261166
4455,44.791666666666664,4.527500843609959,22.27777777777778,3.7572974264246484,-12.535211267605634,6.182280416848551,-77.54929577464789,1.7745361020013346,62.5,9.89388138643722,-96.85915492957747,2.339470113640382
4456,46.45614035087719,7.464700968003014,15.379310344827585,6.0595538307555294,-12.387096774193548,1.155000889675365,-70.56451612903226,7.097525620042467,66.56140350877193,11.847003535367296,-94.64516129032258,6.195984064083165
4457,52.642857142857146,21.097078818971063,26.8125,20.36608317153792,-22.12,2.9975990392312313,-80.48,19.13451332017619,77.07142857142857,23.116055909612406,-104.65306122448979,15.703309179925522
4458,57.714285714285715,24.61540914441478,14.925925925925926,13.355331647020991,-8.857142857142858,2.7737839769925143,-89.78571428571429,29.233490020445906,84.47619047619048,18.834161079877344,-119.89285714285714,25.63527046544925
4459,57.90909090909091,22.287193817626815,31.03030303030303,19.24087323742027,-11.928571428571429,8.474451399979367,-96.26,19.007167069292574,77.54545454545455,22.036596158389205,-126.2,5.157518783291051
4460,40.55,5.598883817333594,17.61904761904762,12.28036059062712,-9.193548387096774,0.39507899077148045,-81.2258064516129,15.86172035867272,73.9,12.688183479127343,-105.93548387096774,7.812048113882224
4461,137.5,7.632168761236874,29.7,7.1,-19.6,3.352610922848042,-84.7,21.95017084215975,167.9,8.478797084492587,-318.5,54.63927159104521
4462,33.61904761904762,1.8381199110113127,12.571428571428571,3.946926816209924,-10.255813953488373,0.4867081287547988,-64.88372093023256,2.1696565190122046,69.92857142857143,18.925156924735138,-86.34883720930233,2.916542401226211
4463,45.592592592592595,0.9529392837236005,21.40740740740741,3.832214902147507,-9.571428571428571,0.49487165930539345,-86.57142857142857,1.6130842558051735,59.370370370370374,9.129310339244316,-109.14285714285714,3.552808604413111
4464,66.05555555555556,26.047973310417973,33.2,18.219769482625185,-32.2,10.119288512538814,-85.29166666666667,1.5937159582421063,86.83333333333333,19.90044667282063,-107.41666666666667,8.341246243151494
4465,57.13333333333333,28.239137537978895,22.0,22.102036105300343,-42.44444444444444,38.294505295178695,-90.82352941176471,35.97259625966549,99.53333333333333,31.1744909964684,-129.41176470588235,33.80403530302509
4466,46.013888888888886,15.48251079224874,19.826666666666668,9.837849810242526,-9.118421052631579,0.6275915798795696,-69.74666666666667,13.84398144401466,70.09722222222223,20.74324503317099,-98.04,12.579814519035379
4467,34.42857142857143,11.751682467473605,19.448275862068964,12.585120406576888,-22.133333333333333,8.823201736835042,-84.16666666666667,2.621492365470901,53.892857142857146,14.84524764195668,-107.33333333333333,5.436502143433363
4468,40.84615384615385,6.230769230769231,17.964285714285715,8.42395454665335,-11.033333333333333,0.3144660377352202,-79.79310344827586,16.10606934292019,64.03846153846153,12.598781287919415,-107.51724137931035,8.23625580172151
4469,47.96153846153846,4.127587945582833,17.807692307692307,6.214246849403832,-13.923076923076923,3.1369151544774896,-86.23076923076923,1.9475367540264867,76.26923076923077,14.988605139360656,-106.26923076923077,3.6643573506004308
4470,63.625,19.563598211985443,40.8,25.50215677153601,-26.25,8.525696452489967,-98.6,11.67789935447867,87.875,20.92508960554291,-127.73333333333333,9.088209700241052
4471,48.53333333333333,9.955679562719743,19.35483870967742,12.767267591312521,-12.4375,10.735273343050004,-72.38709677419355,10.363326839590806,69.66666666666667,13.269848864583533,-96.80645161290323,8.652500495712431
4472,50.625,12.072049328925061,21.12,13.527217008682902,-25.076923076923077,32.529185802815334,-103.34615384615384,14.040990288580918,66.79166666666667,12.625962559565728,-118.08,13.087154006887825
4473,39.13793103448276,3.578905033194241,18.533333333333335,9.881745234971852,-14.03225806451613,4.161915431917731,-77.16129032258064,1.6283134792418017,59.96551724137931,11.177202039066687,-97.74193548387096,3.792758311406211
4474,49.857142857142854,13.879363627122014,22.25,11.550312646081155,-27.13888888888889,9.443259729616022,-83.86111111111111,13.95459457944025,75.02857142857142,15.557241243293774,-108.5,15.519700741673827
4475,34.333333333333336,1.3249737942901194,10.033333333333333,0.5467073155618908,-28.137931034482758,6.140448921761421,-99.82758620689656,2.7800888787236375,60.6,19.766301289484247,-116.21428571428571,4.2791616573571885
4476,63.9375,28.012204371487798,21.941176470588236,17.90652391213652,-32.75,17.963504669189696,-89.95833333333333,4.9789487400008,101.0625,17.86221133426654,-116.91666666666667,16.492211966730103
4477,62.82608695652174,21.347339054038812,25.916666666666668,15.013651195569393,-27.814814814814813,8.353473604555337,-87.07407407407408,11.636233086310941,89.69565217391305,15.166997302807331,-110.77777777777777,11.596082778355333
4478,58.625,2.4119926064010504,28.24,8.981224860785971,-18.26923076923077,6.211389614791972,-69.84615384615384,2.2134607030674087,74.5,4.330127018922194,-89.46153846153847,5.812657073019249
4479,44.583333333333336,10.885451554968013,18.29032258064516,11.337046177244495,-22.272727272727273,25.6695465451712,-72.55172413793103,12.397402973027223,67.54166666666667,13.197156154094547,-101.24137931034483,9.736724551616662
4480,40.54545454545455,1.5587661999529314,17.705882352941178,5.978045183958823,-17.457142857142856,2.234059177408527,-77.25714285714285,9.215957766343138,65.78787878787878,20.75215589495072,-107.37142857142857,4.263370325295734
4481,55.15,18.317409751381334,20.8,14.333875958721004,-33.18181818181818,18.714691272406487,-96.68181818181819,15.604155517729488,85.45,22.229428692613762,-116.36363636363636,15.927521791327841
4482,16.14666666666667,0.5817979794472381,8.013333333333334,0.5289822513300634,-42.093333333333334,12.693487394023055,-100.61111111111111,18.78131130461842,28.44,13.960171918712177,-122.84722222222223,17.923959540717668
4483,56.12820512820513,16.61969712948678,30.666666666666668,18.572380927962183,-12.875,7.7985709160931105,-66.31914893617021,9.563019159549096,75.8974358974359,13.102739724850407,-92.95744680851064,12.294190717412302
4484,37.07272727272727,11.655438910583637,16.80327868852459,14.289534944228686,-43.73015873015873,19.962032492826122,-79.16666666666667,22.320518711615005,67.6,11.183754451719853,-105.96666666666667,16.906573343591013
4485,50.04,12.004932319675943,26.366666666666667,18.573248384586783,-10.787878787878787,7.35159259496045,-69.03030303030303,19.458557124378935,72.16,8.647219206195713,-101.06060606060606,16.06226406536195
4486,44.06122448979592,0.7930350705194061,20.081632653061224,3.269130413577072,-20.66,6.166392786710881,-69.87755102040816,2.479570840593058,55.87755102040816,8.52519112972943,-87.66666666666667,2.786375582883415
4487,65.73333333333333,27.795603169486277,16.25,9.310612224768036,-14.166666666666666,6.751543033509699,-76.88235294117646,41.82861721349487,91.53333333333333,23.999629626771792,-128.35294117647058,25.91375100886556
4488,55.375,6.707039212648156,19.233333333333334,9.243676517249808,-41.12903225806452,26.836111846977303,-71.41666666666667,15.622944309216779,75.70833333333333,7.9711937973904226,-99.58333333333333,13.114612291469221
4489,59.17391304347826,19.79602984771363,36.8,27.5116944831345,-22.5,9.036038955205981,-67.0,8.312640976248161,87.56521739130434,9.140574080327692,-88.875,9.521521674606428
4490,47.333333333333336,5.974017817925294,18.848484848484848,9.544540600787107,-13.606060606060606,15.624261231387226,-64.625,13.992743655195003,66.06666666666666,7.659126727129029,-94.84375,18.641535235529826
4491,39.76,18.715298554925596,15.307692307692308,13.963604424385206,-22.444444444444443,18.435740918386667,-79.23076923076923,19.339691534227047,69.32,25.348325388474876,-110.6923076923077,21.067235280569303
4492,47.6,16.150541786577936,16.1,6.518435395092905,-27.1,11.299999999999999,-73.9,19.049671913185275,68.5,16.206480185407315,-106.66666666666667,17.82008853949821
4493,43.891891891891895,14.800992997702634,19.394736842105264,14.117065957433839,-27.035087719298247,7.480887723569725,-86.66071428571429,4.763240140141274,79.5945945945946,17.521352933476063,-110.23214285714286,4.769662579517441
4494,40.72727272727273,7.161651778629501,17.61764705882353,3.4727062330860754,-9.411764705882353,0.6470588235294117,-71.3030303030303,7.452820692315695,61.57575757575758,12.706548784065504,-93.93939393939394,10.078297697586404
4495,48.90625,6.686550750386929,17.757575757575758,5.427373398047766,-9.911764705882353,1.502305034014369,-70.63636363636364,5.4762195642846025,68.4375,6.576176225588849,-95.21212121212122,7.853806549606436
4496,36.5,12.945398152754258,9.6,0.9165151389911681,-8.6,3.2619012860600183,-43.3,24.149741199441454,57.5,19.491451117519873,-85.5,22.93577990825688
4497,58.294117647058826,12.308603905553474,27.333333333333332,16.441333897146553,-10.161290322580646,1.2207024469951293,-73.51612903225806,18.593913273489804,81.52941176470588,11.371365726134599,-105.80645161290323,12.670563688452955
4498,65.42857142857143,18.89462364592342,33.31111111111111,21.39140244970937,-30.09433962264151,17.11477806860161,-97.0377358490566,16.78494638246723,81.14285714285714,20.368710163913093,-116.86792452830188,18.858997888350128
4499,38.145833333333336,10.220464730410038,15.520833333333334,6.474274680525139,-9.489795918367347,0.642776152980556,-60.142857142857146,12.98193407181295,63.520833333333336,13.448961520214944,-88.16326530612245,12.916287674752356
4500,54.724137931034484,20.774481281916504,22.456521739130434,7.412405939689542,-50.56521739130435,23.056313078608817,-93.16279069767442,25.77986435506391,87.93103448275862,23.886125007948912,-127.81395348837209,28.936382356901728
4501,44.791666666666664,23.41648131599242,19.387096774193548,13.45644687646118,-16.40625,16.518662504497755,-41.0,19.914818603241155,56.875,22.673980131419363,-86.96666666666667,15.317709431315839
4502,33.10526315789474,16.216933115345515,14.289473684210526,10.480327171311425,-9.560975609756097,0.4962680475457513,-65.1219512195122,1.3102805871769065,52.921052631578945,22.979832781842443,-87.3170731707317,2.98319704417964
4503,49.25,16.145819892467525,36.0,29.52287248897031,-29.076923076923077,8.375436047996716,-86.53846153846153,11.23945923018462,76.25,11.776565713313877,-108.42307692307692,9.282626770656764
4504,48.5531914893617,3.002187221388432,18.244897959183675,11.12733463188718,-15.92,8.349467048860065,-88.64,7.339645768019053,69.87234042553192,12.054163262923597,-108.98,7.920833289496756
4505,32.91304347826087,11.89780046708766,10.25,1.1989578808281798,-64.5,20.645822822062577,-116.57142857142857,10.95258798976157,67.0,17.544973267478117,-148.0,12.821113539039906
4506,51.8421052631579,16.740317414756937,29.55,18.82412016536231,-12.043478260869565,0.4642207935665788,-91.68181818181819,15.691301480398632,88.84210526315789,21.616911405789722,-120.63636363636364,4.406043933110049
4507,40.6551724137931,6.939521309482106,22.483870967741936,3.416005663494734,-46.903225806451616,10.464547949516076,-76.0,30.479501308256342,66.48275862068965,5.54990332102916,-91.375,30.58977566115842
4508,36.793103448275865,9.371193242186498,17.0,6.313641498019763,-12.193548387096774,8.013775860228515,-83.54838709677419,2.167780337601476,66.62068965517241,17.400780388967195,-105.35483870967742,3.865049238903267
4509,66.42307692307692,19.892350823916594,35.54545454545455,20.367964907922396,-14.604651162790697,14.816928619505523,-73.67441860465117,8.666215960878432,86.61538461538461,12.976537771854968,-94.53488372093024,10.81417854229431
4510,47.964285714285715,9.962365406357867,15.571428571428571,7.078279509621427,-36.05,10.909361423413685,-76.46875,12.424734340721335,72.57142857142857,7.427884583631809,-89.15625,10.37457642207623
4511,27.941176470588236,5.563930634552612,9.607843137254902,1.2997500720922786,-11.86,15.033309682169124,-81.44897959183673,9.222999699043859,56.431372549019606,8.090795791977557,-102.3125,0.982264602843857
4512,38.614285714285714,1.9441697246812961,14.028571428571428,2.3297543007881356,-10.394366197183098,1.0411109077507792,-77.61971830985915,7.387401146228527,56.371428571428574,7.462614303640377,-96.95774647887323,4.293580598784917
4513,39.44230769230769,1.3360887455909036,13.288461538461538,2.4205572980485495,-9.283018867924529,0.6834252934443333,-59.16,3.7382348775859437,53.15384615384615,7.296955675497661,-89.84,11.298424668952746
4514,45.92857142857143,10.028276348935158,16.103448275862068,9.879776723660996,-29.6,7.204628142150479,-80.62068965517241,7.443644792723375,69.42857142857143,12.172652520619947,-103.6896551724138,13.193790201496078
4515,38.833333333333336,8.767680549736186,17.833333333333332,8.733396946333212,-11.266666666666667,4.668571040003092,-78.16666666666667,7.857409807874913,55.666666666666664,13.553187406986183,-99.44827586206897,7.8106302756698485
4516,37.86206896551724,3.692715456614499,17.2,5.108163401197474,-9.935483870967742,0.8399494558897764,-74.0,14.666177899969316,63.44827586206897,13.507561629149778,-101.96774193548387,13.277397410558999
4517,45.7,16.396950936073452,20.048780487804876,16.303450509410272,-17.365853658536587,12.90633442049702,-89.85365853658537,10.507978329171104,70.675,17.910035594604498,-110.85,6.247199372518857
4518,38.7027027027027,0.8008395886502191,11.0,0.39735970711951313,-27.026315789473685,5.163061322129196,-95.05263157894737,1.4317337377616255,55.972972972972975,15.735115637783048,-113.63157894736842,4.492221655446451
4519,62.833333333333336,28.531172036524854,19.047619047619047,23.13619343608663,-27.19047619047619,25.55222299083277,-87.47368421052632,23.068247534681294,97.22222222222223,25.520265488769585,-123.5,27.323677156146708
4520,47.5,12.10991329448729,23.23076923076923,16.239334233008474,-21.0625,23.090768582920752,-60.166666666666664,21.290973569932298,65.9,9.04930936591296,-86.91666666666667,21.7847742446161
4521,37.61290322580645,9.146398619145799,14.411764705882353,7.585270738736409,-8.8,0.5237229365663817,-75.77142857142857,2.343205549007163,58.58064516129032,13.511701484384629,-95.65714285714286,3.624857491920847
4522,41.12903225806452,2.432865501285781,13.71875,5.14923765595452,-8.419354838709678,0.49345350131543075,-72.6774193548387,3.236755611512499,57.32258064516129,8.38734490948078,-95.09677419354838,4.921020342070937
4523,54.11764705882353,19.42975992991823,20.228571428571428,17.831089565756795,-25.025641025641026,22.187415212679813,-63.083333333333336,6.618051912089471,80.82352941176471,20.422695835523562,-91.63888888888889,6.8966689937879835
4524,44.888888888888886,16.364671372679698,27.451612903225808,14.777573919521778,-22.09090909090909,9.401365588632826,-80.87878787878788,4.269394788971324,63.111111111111114,12.299754087675247,-99.57575757575758,5.799844841343148
4525,40.421052631578945,6.381022764694208,11.631578947368421,3.064405605896766,-12.421052631578947,3.0403564450602483,-65.84210526315789,5.6871337512589895,70.10526315789474,19.15558112114176,-95.86842105263158,11.147742402155693
4526,43.983870967741936,1.6411240786166024,13.080645161290322,1.8604403493378467,-10.640625,0.5960072225862704,-71.68253968253968,1.0208212819564142,62.82258064516129,6.2230689284835705,-93.0,1.6426846010152705
4527,48.96774193548387,21.108756585326482,20.78787878787879,11.522724782339898,-18.21875,9.409883019331325,-83.03125,18.348168122117805,64.06451612903226,16.644161010204478,-104.5625,16.161175506441356
4528,36.34782608695652,5.783099031188802,10.826086956521738,0.5635426694267704,-24.77777777777778,8.778480984490525,-85.73076923076923,1.2575217480209089,76.65217391304348,19.10977144916494,-106.46153846153847,1.4204757932784144
4529,42.21052631578947,18.154538209982885,15.105263157894736,2.7317766889181008,-11.333333333333334,1.3460927947083783,-77.74358974358974,12.982666844519743,68.5,22.634103286389486,-106.53846153846153,14.832131015253639
4530,44.53333333333333,5.129868960856171,17.29032258064516,5.89255160453184,-13.4375,3.7243917288598953,-80.71875,1.3284007066770176,59.93333333333333,8.891694001832397,-100.8125,3.0866395562164364
4531,44.529411764705884,3.2379668104759727,19.38235294117647,3.11556534273385,-13.542857142857143,5.206275647951132,-83.91428571428571,7.904325862901831,63.44117647058823,8.579013985817841,-105.74285714285715,9.065926340323049
4532,50.595238095238095,10.492762866011901,21.428571428571427,7.471032494281646,-15.69047619047619,4.458742590409133,-69.14634146341463,11.919569839205415,71.88095238095238,15.136210730676508,-91.63414634146342,14.415026200768006
4533,53.06666666666667,12.912354118784416,26.105263157894736,15.320762440977054,-9.316666666666666,0.4997221450188317,-60.47457627118644,8.910774153062942,70.71111111111111,7.0698804711637955,-77.89830508474576,5.643940549285796
4534,63.793103448275865,10.987074883996186,15.7,5.651843357112202,-66.33333333333333,24.803673563047518,-65.75,18.16647553416274,85.06896551724138,5.5331666713197825,-89.33333333333333,15.58489297008128
4535,47.42857142857143,19.948914348241345,17.714285714285715,8.417062360200868,-14.535714285714286,21.046686442385216,-75.85714285714286,23.126537455786107,68.39285714285714,18.915865007437322,-100.32142857142857,25.90787741681858
4536,41.34615384615385,15.55373392640026,13.703703703703704,2.0150326679608064,-42.370370370370374,17.76627714425646,-105.22222222222223,11.3016987688457,69.76923076923077,18.48139957301705,-130.66666666666666,8.739014267660304
4537,43.333333333333336,19.014614262602212,17.333333333333332,7.133644853010899,-20.555555555555557,16.457202258368206,-79.33333333333333,13.85105959310882,58.666666666666664,28.66279043560755,-114.8076923076923,6.348950432759192
4538,48.696969696969695,1.6046305811968153,18.12121212121212,5.073744512610683,-12.911764705882353,0.506873174694532,-77.96969696969697,2.7356772856466347,64.48484848484848,5.129364141118729,-103.45454545454545,8.683285612935501
4539,48.64545454545455,12.897206437221104,20.390243902439025,9.304806124454304,-10.5234375,7.400342943647527,-62.408,6.824773695881791,67.0909090909091,9.883453072084635,-82.208,8.462903520660033
4540,52.614285714285714,7.449434987477444,22.338028169014084,7.900692895218662,-13.985915492957746,10.511553613673874,-82.04285714285714,6.404096265640597,69.87142857142857,9.752540223773831,-100.65714285714286,8.301266193067372
4541,39.74074074074074,20.060265853621424,19.06896551724138,10.84031757545608,-41.62068965517241,32.0779371951625,-53.95238095238095,29.047540983501662,62.851851851851855,18.40632681827135,-103.0,14.458479140200708
4542,47.58620689655172,1.0672956924511836,13.3,2.956912804486012,-12.625,7.631145064798598,-86.0,0.8660254037844386,63.724137931034484,5.057575756496305,-105.09375,1.6650708505946525
4543,51.46511627906977,14.298070836222696,24.57777777777778,12.356714573936246,-16.0,11.055605596001497,-70.65384615384616,10.720011149866144,72.83720930232558,10.81757878717126,-91.43137254901961,9.240267592171383
4544,36.61538461538461,10.388888009928698,20.6875,12.79999389648292,-10.40625,0.5510997527671374,-77.75,13.308831654206164,67.0,20.77350383393378,-101.74193548387096,6.143277164382078
4545,48.357142857142854,26.876987349395982,20.19047619047619,21.079484604748142,-13.19047619047619,9.327986806834621,-59.42857142857143,31.679302885204354,65.28571428571429,29.87934922658259,-85.57142857142857,32.932212380052725
4546,62.0,21.580013199647716,26.242424242424242,16.758589481092255,-39.911764705882355,20.260607457153696,-79.20588235294117,23.66155906026967,81.33333333333333,20.29131276525434,-95.11764705882354,24.492213295468556
4547,23.75,7.9563109928775795,8.701923076923077,0.47797263544756025,-39.504950495049506,26.89570018355882,-75.41573033707866,27.342525215143628,42.23076923076923,9.49922139444027,-99.63636363636364,17.313409029749312
4548,44.08474576271186,1.2794084384247877,18.59016393442623,2.4453170311764425,-18.903225806451612,0.46523242264051473,-82.67213114754098,1.26389083720632,59.3728813559322,2.5769401450843428,-101.40983606557377,2.681919114563288
4549,41.91304347826087,17.103045860131516,20.6,16.245614792921813,-29.956521739130434,27.70100965177602,-64.04761904761905,32.8625944407724,58.47826086956522,17.254790299501558,-102.55,18.263282837430953
4550,46.4,19.769673745411176,22.727272727272727,23.400042381822185,-22.59259259259259,15.449461837107513,-80.53846153846153,12.76482778584838,80.95,21.11273312482304,-107.84615384615384,9.288919402634466
4551,53.45454545454545,24.225694985297352,21.076923076923077,11.986925816594693,-18.576923076923077,16.48116191974498,-52.12,29.623396159117203,78.0909090909091,24.661175027135435,-110.29166666666667,13.062284022669576
4552,46.833333333333336,11.495168067013589,20.272727272727273,8.031274955476766,-9.764705882352942,0.4241825029957635,-42.36363636363637,18.515870640203183,61.86666666666667,11.7409066468007,-85.96969696969697,6.9869352039743635
4553,32.75,17.890290662814845,10.545454545454545,6.2502892495051245,-73.5,15.648845441001825,-107.14285714285714,21.32355217948033,52.8125,17.847334359786057,-131.76190476190476,12.512488092967121
4554,68.9090909090909,12.361630853385485,20.61904761904762,11.361908753442,-17.82758620689655,7.4234900497293355,-82.65,12.434930639131045,85.72727272727273,6.579457135535356,-108.3,13.126690367339362
4555,48.645161290322584,1.6568214243091943,14.258064516129032,5.48880233681373,-21.6875,3.652375083421745,-82.46875,1.4574029770451273,61.87096774193548,2.0594696386467573,-100.28125,2.1100114780493495
4556,40.583333333333336,13.916167655724124,21.03030303030303,11.983536303296079,-23.82857142857143,18.748692471416643,-54.96551724137931,23.847912882900097,65.20833333333333,13.521523480075098,-90.13793103448276,16.40589494123469
4557,49.7906976744186,17.79607761791957,18.574468085106382,6.522447918130594,-22.06122448979592,17.44367982529958,-48.787234042553195,24.918109427800946,73.40697674418605,17.11206422447961,-81.3936170212766,16.249529017794202
4558,47.84375,2.563071582593822,17.9375,6.684578801240958,-24.1875,7.160820047313017,-81.25,1.4577379737113252,72.4375,12.985418505000137,-99.9375,2.060605190229317
4559,41.507246376811594,14.71233652554032,17.23611111111111,10.432977969927265,-33.9125,27.033402370955827,-67.69444444444444,27.791704841997216,64.79710144927536,19.13005050119089,-90.36619718309859,22.231331422256055
4560,33.23809523809524,3.1457418218883317,13.714285714285714,1.8294640678379568,-9.454545454545455,2.444423574499773,-86.45454545454545,1.9476622986935044,69.14285714285714,23.44656684034231,-109.68181818181819,3.5469111227089827
4561,43.54054054054054,12.432726200994574,17.736842105263158,5.901312122277801,-10.947368421052632,2.223645281502906,-64.86486486486487,2.978863942368618,76.78378378378379,23.16933567050877,-87.70270270270271,4.428805371623643
4562,56.554054054054056,21.704490687345743,28.32,19.852227414910733,-35.532467532467535,13.485523181164497,-84.1948051948052,11.613962668191888,79.0,16.78722165251924,-105.22077922077922,14.540247212589085
4563,43.03703703703704,12.804748776170912,26.0,10.10657494618514,-31.322580645161292,14.402927786534985,-52.32,18.58326128536108,56.925925925925924,13.689482109961556,-64.92,21.601703636519044
4564,34.72,1.5104966070799366,17.346153846153847,1.5918616989672982,-9.642857142857142,0.6102859818083951,-85.25,1.9387956497342806,56.08,16.04224423202689,-105.0,2.632217967526897
4565,39.47692307692308,10.451511031436397,19.671641791044777,10.092686963358323,-13.579710144927537,10.719622799308858,-70.46376811594203,7.732070818004423,62.23076923076923,11.41358061631875,-91.98550724637681,10.587787268143176
4566,46.608695652173914,4.157122023235312,22.666666666666668,6.699917080747261,-23.46153846153846,10.411645732731465,-85.44,6.369175770851358,79.91304347826087,15.202725852488946,-111.64,8.113593531845183
4567,38.07692307692308,15.130008584376732,20.470588235294116,11.482045560013011,-40.588235294117645,30.970685995041507,-47.0,31.82561178072452,55.23076923076923,12.905895171491004,-100.43478260869566,14.85239283007381
4568,73.67857142857143,15.572534364406208,24.0,18.85993026755321,-12.514285714285714,5.7488951911099715,-101.0909090909091,11.169123121121276,91.71428571428571,12.061915101606681,-127.0909090909091,15.013859529162795
4569,41.41463414634146,24.306955352834457,12.390243902439025,13.284647381021166,-33.09756097560975,23.449795753490655,-70.0,31.660202479653087,73.7560975609756,22.793645335878132,-99.92105263157895,29.600303678160724
4570,60.205882352941174,23.1221556746983,20.647058823529413,15.866876991617726,-12.526315789473685,1.0696000754158723,-115.52631578947368,4.655143403892443,94.17647058823529,26.4869230645163,-145.27027027027026,13.923824902912056
4571,56.04705882352941,16.90172694438122,26.827956989247312,13.379187541363162,-10.913978494623656,0.9464809068673283,-72.1304347826087,3.9320793019789213,78.72941176470589,11.78771866896581,-100.01086956521739,6.161758933689293
4572,28.90625,13.58850473516126,7.9393939393939394,0.4886216817150636,-8.484848484848484,0.6090833709770236,-64.60606060606061,15.15963418831733,59.1875,19.696823189286135,-92.34375,3.28452217795831
4573,42.86666666666667,26.424399499116134,13.147058823529411,9.902858627514572,-13.4,7.434283518172509,-78.3529411764706,30.40402677756119,65.86666666666666,29.01348345549397,-99.17647058823529,29.864862875996533
4574,48.79032258064516,10.44360754747224,17.929577464788732,9.894263444907793,-13.60759493670886,8.682031089320272,-66.93243243243244,12.680407403593557,75.54838709677419,16.212975109913426,-96.72972972972973,16.250818937615733
4575,35.56,1.0983624174196784,11.96,0.7735631842325486,-32.4,22.6503863101714,-96.91304347826087,1.3803919883815254,62.0,20.493901531919196,-115.21739130434783,3.450979970953814
4576,68.04166666666667,6.967060395572552,33.56,11.370417758376338,-38.925925925925924,14.50140714992329,-101.74074074074075,10.823816649348352,86.0,7.44983221287567,-123.88888888888889,14.920364739195128
4577,53.86764705882353,18.77569174081266,27.2972972972973,17.207579827105523,-10.734939759036145,4.083715345181078,-64.20481927710843,4.666618280099468,73.6029411764706,14.316937425016352,-87.53012048192771,8.233544888519601
4578,37.816901408450704,15.986182289763475,16.4,14.028542333400146,-17.18421052631579,18.44815675168189,-73.90789473684211,17.40929699567609,76.67605633802818,23.462751209239833,-94.52631578947368,19.0369956194791
4579,31.925925925925927,9.209198002343358,13.392857142857142,2.4544316437573794,-10.785714285714286,8.143170420038864,-82.0,4.088310863215481,57.851851851851855,16.69043572585188,-108.39285714285714,8.226000962602344
4580,52.935483870967744,8.492636217757076,24.03174603174603,6.436424754321283,-12.515625,3.3071522280316943,-78.39682539682539,12.625924052356044,74.66129032258064,10.658849947627342,-99.28571428571429,15.211136867678766
4581,45.625,10.746365664725912,16.272727272727273,2.9260867162601962,-11.636363636363637,3.7482778414706,-73.55555555555556,1.4229164972072996,72.375,12.33832950605551,-97.77777777777777,7.870871443744372
4582,45.13793103448276,16.321604336987672,14.5,8.59291774044868,-15.216216216216216,11.968732090123098,-58.375,25.040904037194824,77.62068965517241,20.050649302588937,-94.03225806451613,30.644142597669557
4583,40.578947368421055,10.509723765580564,14.7,3.809199390948182,-16.583333333333332,8.072157222342874,-73.95833333333333,3.433646830347518,71.0,20.031554055907314,-97.75,2.4022558842332624
4584,36.75757575757576,2.7855721683106416,13.264705882352942,1.899052759689168,-15.057142857142857,4.413892724069292,-66.31428571428572,1.0077252622027657,55.515151515151516,6.8007183761414955,-86.68571428571428,2.3024388134749465
4585,43.15625,11.41574946893545,18.272727272727273,8.999234739427393,-19.151515151515152,10.295986897289854,-78.0,3.282406670171613,60.0625,11.747173862252998,-99.96774193548387,6.779874729872047
4586,65.0,19.43487292765985,43.76923076923077,24.88791441691466,-18.5,5.829002721501571,-77.5909090909091,2.691047293748306,90.0,10.596495377515827,-102.81818181818181,7.499311263141943
4587,,,,,,,,,,,,
4588,47.2972972972973,16.109196408002926,18.972972972972972,10.794108719728719,-21.405405405405407,10.799047654356002,-83.43243243243244,5.112467752045473,79.02702702702703,20.1943081176509,-112.5945945945946,10.522715350571827
4589,55.19047619047619,15.737789061210197,22.137931034482758,13.45419851898831,-35.0,16.30950643030009,-74.375,22.097911854592354,72.9047619047619,14.994934896902961,-96.41666666666667,20.361149007089185
4590,47.642857142857146,9.012746076348467,21.464285714285715,10.094136002286328,-17.939393939393938,6.906033347905838,-73.96875,12.68238043261201,69.46428571428571,8.019984604799719,-102.9375,5.782178979415978
4591,45.84848484848485,1.076504222323128,16.575757575757574,6.276605447312304,-9.617647058823529,0.4859621071134796,-67.82352941176471,1.1749990797316574,63.60606060606061,7.194018533684326,-89.05882352941177,2.4726881831745526
4592,57.68421052631579,14.938655726103573,17.2,12.17620630574236,-31.923076923076923,21.261961478592696,-96.04,13.759302307893376,81.21052631578948,19.83505389155488,-122.04,12.901100728232455
4593,51.11538461538461,17.781422723810383,21.62962962962963,15.592372656142198,-30.666666666666668,21.65726291656074,-82.65384615384616,26.156249889539282,71.8076923076923,16.23154391151622,-113.6923076923077,17.067218309625105
4594,33.2212389380531,12.160966508860811,11.560344827586206,5.816576776621737,-41.474137931034484,6.865030334835849,-69.95744680851064,9.463159129765058,61.123893805309734,12.108018803733108,-87.26881720430107,7.427267091633145
4595,51.625,20.81027891051279,34.17857142857143,32.980571739205764,-21.033333333333335,14.501685725766121,-75.08333333333333,12.566213519681344,60.541666666666664,18.229964268265096,-102.45833333333333,11.697503888532042
4596,39.79032258064516,12.80893979241136,16.841269841269842,6.050597108685236,-21.984126984126984,22.182856288736403,-80.81132075471699,14.641703947356064,55.61290322580645,15.377355407000756,-106.9245283018868,11.472442875526463
4597,37.166666666666664,17.836448326079072,10.90625,5.724723655994235,-28.741935483870968,30.243066645511824,-61.43333333333333,31.97466010591651,74.23333333333333,14.289117848519863,-88.23333333333333,29.07196052709361
4598,38.7037037037037,3.3864087261222102,12.222222222222221,1.6850834320114556,-24.392857142857142,5.990106639369654,-77.35714285714286,2.003822877015077,74.0,20.28683207293725,-99.0,2.5495097567963922
4599,26.96969696969697,4.542625382168124,8.909090909090908,0.3784847271756605,-54.63636363636363,12.907170151598454,-93.44,12.487049291165627,46.81818181818182,7.060150850197764,-114.72,11.766120856085067
4600,41.035714285714285,14.60059231395656,21.675675675675677,19.465914845176904,-11.102564102564102,6.335876163460852,-64.39393939393939,28.618641301356725,62.607142857142854,13.893316187788917,-94.63636363636364,25.962464959569218
4601,46.8421052631579,25.07517782461947,14.657894736842104,8.826623350885283,-25.28205128205128,20.863351155393698,-71.3157894736842,33.14093133332087,73.8157894736842,19.998493710590324,-103.15789473684211,23.078272210012734
4602,40.07142857142857,12.936461680704138,16.785714285714285,4.5697541576352325,-21.428571428571427,12.09317567718189,-85.0,9.137833441248533,65.67857142857143,17.95043487620559,-103.64285714285714,8.414334222513583
4603,48.34782608695652,13.45074329820111,22.807692307692307,18.35969505103132,-21.78787878787879,18.994030283474597,-73.4375,19.882368916957557,67.1304347826087,10.33905364362458,-100.15625,11.59770821919141
4604,31.56,20.51161622105874,8.84,0.783836717690617,-52.92,25.71057370032804,-100.4090909090909,22.355920694139275,55.36,22.625437012354038,-137.1818181818182,21.50398771398704
4605,41.60215053763441,18.08708907132689,11.13265306122449,10.45753097943085,-55.4040404040404,10.157267579680875,-88.38028169014085,14.537340165091422,67.76344086021506,16.076696451872262,-105.4225352112676,10.647570604127822
4606,41.87692307692308,14.041156748652751,19.557142857142857,9.945042863206794,-15.605633802816902,12.998893640071818,-70.78260869565217,10.637463963347589,60.66153846153846,12.20879496740825,-92.82608695652173,10.819944710056076
4607,66.0909090909091,18.218145527091416,25.708333333333332,14.686953299517986,-28.56,21.850546903910665,-104.04166666666667,25.037437246828773,96.77272727272727,10.78269580975091,-129.45833333333334,28.90931102411278
4608,39.8,2.993325909419153,19.694444444444443,4.742359026455343,-10.057142857142857,0.7907630001770313,-77.8,2.4118753817606033,58.857142857142854,10.181616085987969,-97.4,2.497999199359359
4609,55.32,11.266658777117554,26.392857142857142,13.63645137572268,-18.34375,14.844210519172112,-81.24137931034483,6.284382242231013,78.4,11.976643937263894,-102.79310344827586,6.488075589214988
4610,33.44444444444444,5.813989089756057,14.11111111111111,4.306182750016911,-20.5,11.302654555457314,-77.375,6.5942683445549894,64.22222222222223,21.826476163787756,-99.25,8.481597726843686
4611,44.022222222222226,9.891610112478352,12.488888888888889,7.286585001744941,-15.0,10.226599304428298,-70.375,13.15393635634089,74.77777777777777,12.55545722675361,-90.83333333333333,13.892943852506168
4612,42.1764705882353,11.98153134726966,16.11764705882353,14.89525132754485,-25.555555555555557,12.07486932168636,-86.58823529411765,13.99184141911199,66.70588235294117,14.663940189066244,-110.0,6.928203230275509
4613,42.0,18.18240908130713,15.181818181818182,8.440359555225573,-40.72727272727273,22.75997647023432,-78.54545454545455,37.85946173646961,67.0,15.855598380382874,-110.3,19.950187969039288
4614,54.25,7.806247497997997,21.0,8.587782018658833,-18.0,8.845903006477066,-104.375,33.192384292183654,92.875,17.091207534870087,-134.0,26.851443164195103
4615,52.121212121212125,10.713224837067038,15.030303030303031,7.833435905781755,-21.264705882352942,9.89446911315316,-73.24242424242425,13.757709250453665,69.42424242424242,10.87123059865392,-93.0625,16.695690873695522
4616,51.16326530612245,20.087915891101794,23.826923076923077,18.401213540506333,-19.830188679245282,17.79626402287703,-67.37735849056604,19.89996341619311,76.75510204081633,21.030134464663618,-90.26415094339623,24.25194094033388
4617,56.0,13.125765283811617,22.941176470588236,17.514600928218165,-32.72,15.41822298450765,-97.83333333333333,10.180318702716969,73.92857142857143,14.882704658736719,-120.43478260869566,9.89873108669258
4618,46.275862068965516,17.26646450987087,19.857142857142858,17.984346935429084,-31.170731707317074,24.116488074045524,-82.27586206896552,23.35320483319099,70.58620689655173,20.456037370974638,-101.17241379310344,22.02360640315725
4619,54.92307692307692,19.91505630058879,32.96296296296296,19.730558140969652,-30.214285714285715,8.53294934297608,-80.07142857142857,22.18256807789874,77.3076923076923,12.464624499170661,-105.46428571428571,19.64775912860065
4620,56.96296296296296,15.61215452775908,19.88888888888889,11.976314072594795,-11.185185185185185,1.1233889546743039,-82.0,22.834347098338664,80.92592592592592,18.184091390504413,-112.18518518518519,24.050929045021718
4621,36.78787878787879,12.600523259355146,13.833333333333334,8.220908303425682,-9.555555555555555,0.5499719409228703,-73.72222222222223,12.876790298636603,57.484848484848484,13.348751416180562,-98.02777777777777,2.7027363820057047
4622,54.172413793103445,9.009837403398123,27.103448275862068,4.357671219151482,-47.166666666666664,21.773199632167575,-74.66666666666667,21.193739716590915,71.58620689655173,12.598624011838618,-102.9047619047619,13.780264569665466
4623,27.97142857142857,18.600285273212826,9.179487179487179,0.4998356074261006,-62.69230769230769,13.389919373484007,-107.65789473684211,10.126246033242614,67.17142857142858,27.09716454780116,-122.78378378378379,9.913504671515994
4624,40.04347826086956,2.4223283960320208,15.291666666666666,15.796832928012991,-23.571428571428573,7.103462794543897,-85.03571428571429,1.52320486515258,58.08695652173913,14.6463025263635,-104.10714285714286,1.6331233378819536
4625,25.35,15.545980187817042,8.926829268292684,3.625050000680825,-65.34146341463415,1.775301500983204,-94.44736842105263,3.9047701490481495,46.0,19.001315743916262,-118.05263157894737,7.643185366617536
4626,47.2962962962963,18.100163319940094,22.9375,20.974594006797844,-32.21052631578947,15.896305255486988,-74.27777777777777,13.977384732152768,75.88888888888889,23.3608303589947,-95.6,12.813385857877579
4627,50.2,7.829005896876904,16.483870967741936,12.162530954088343,-10.67741935483871,0.6903527277107321,-70.83870967741936,10.922296740017785,67.46666666666667,8.63609994281112,-91.29032258064517,6.580487031623198
4628,58.794117647058826,4.323529411764706,15.75,10.672849770432554,-9.864864864864865,0.8108108108108107,-42.27777777777778,22.189350687900205,89.0,15.3124324728403,-98.52777777777777,18.531483887204725
4629,39.58695652173913,0.6106335610951366,13.27659574468085,2.1899395470095424,-9.872340425531915,0.3337103647097472,-83.64285714285714,15.201537247721939,51.30434782608695,5.424860507993816,-106.34146341463415,18.503275591486904
4630,44.75,1.840516231930596,12.35483870967742,6.117391322033327,-12.727272727272727,5.973541294097372,-74.96969696969697,3.0299999848469694,63.8,6.405206215779994,-94.37878787878788,2.8644379189237505
4631,47.244897959183675,9.723799148869071,11.020408163265307,4.47437053339768,-18.93877551020408,17.378626520099758,-72.85416666666667,10.716011352436855,82.20408163265306,18.047533147996432,-102.63829787234043,9.463087373298226
4632,49.15625,19.397340950179228,23.75609756097561,22.86735930002272,-13.704545454545455,12.72895686909209,-65.54761904761905,20.11064913464456,83.4375,13.802032232609806,-94.26190476190476,14.63046320233024
4633,70.26315789473684,11.073163886114639,33.25,9.585796784827018,-13.357142857142858,6.413606921342826,-77.9047619047619,6.472688128589027,87.73684210526316,13.737547874589852,-98.5952380952381,9.788378735860398
4634,45.46666666666667,18.11211994463621,18.6875,8.65100247081227,-21.8,18.747647471463875,-69.61290322580645,20.66893792136128,62.53333333333333,17.515199748282125,-95.51612903225806,17.615738871343165
4635,32.46153846153846,18.700536333795288,10.576923076923077,4.985926940461653,-12.0,4.811844360933358,-67.84615384615384,19.718582231162074,73.26923076923077,15.034723123765334,-97.15384615384616,21.813355661316777
4636,60.458333333333336,18.057729569971475,32.81481481481482,19.26239290745732,-11.102564102564102,2.351157617712339,-70.94871794871794,16.990115856517374,84.875,15.287011098750904,-97.74358974358974,17.174396490300573
4637,33.13333333333333,13.836505660349685,13.483870967741936,5.972360897754597,-45.03333333333333,27.37819489220492,-72.46428571428571,36.54007794078123,53.9,17.07893439298834,-104.75,22.411134031356568
4638,34.333333333333336,4.853406592853679,13.928571428571429,5.091509539199067,-9.642857142857142,0.7178482586514922,-69.92857142857143,3.9181680434007076,45.916666666666664,7.34232403413403,-90.5,4.066412950711509
4639,50.46153846153846,14.521153718814624,15.724137931034482,14.347645611795151,-27.533333333333335,11.797551535052612,-79.36666666666666,11.478917873891929,77.92307692307692,9.829011519762366,-99.24137931034483,16.072369034257676
4640,60.166666666666664,15.034220225132321,33.82608695652174,21.38600146360077,-27.76923076923077,12.840164425941246,-81.25,20.39454583951307,81.72222222222223,13.33252312353165,-109.125,23.243838789379577
4641,88.125,12.549277867670314,65.26315789473684,17.796635120343627,-31.620689655172413,12.75069651404743,-89.06896551724138,1.4125309757423476,96.9375,7.773904665610455,-107.51724137931035,5.243193878275369
4642,37.53846153846154,6.271000222211944,17.076923076923077,5.239811189515816,-9.923076923076923,0.3846153846153846,-84.34615384615384,1.1416016984350639,48.38461538461539,7.238130459198611,-109.4,3.3823069050575527
4643,49.6875,9.796164746981342,23.42105263157895,12.210072586851288,-23.153846153846153,18.430101439038644,-68.64,18.910060814286133,71.5625,11.736528181280867,-97.16,21.286014187724295
4644,45.666666666666664,22.915909078386765,30.7,21.713513457445494,-27.103448275862068,10.406711453759414,-81.14285714285714,17.992817917120135,73.04166666666667,18.541573033471447,-102.38095238095238,14.062703765215586
4645,57.111111111111114,18.468859343015712,19.473684210526315,11.8070827140351,-20.0,8.391463916782737,-91.54166666666667,3.3037751974908276,73.27777777777777,20.444519927396886,-116.20833333333333,9.473556031865167
4646,62.07692307692308,9.643343965670658,44.470588235294116,14.447135466361177,-43.442622950819676,16.428209036182928,-94.67213114754098,2.447623882732989,81.76923076923077,8.266278542775193,-112.98360655737704,6.181653986526367
4647,44.875,7.870369008714479,17.826923076923077,13.464656232359639,-26.551724137931036,14.894077061372652,-85.50877192982456,11.349507767388817,72.27083333333333,17.234581978458955,-107.89285714285714,7.7012952793404725
4648,43.71739130434783,15.199632494811041,16.02173913043478,8.041979883939415,-10.98076923076923,2.5305091051725035,-55.67307692307692,11.352263674375449,65.3913043478261,14.650238551062047,-79.84313725490196,11.421295124218375
4649,35.98412698412698,5.022147973685096,17.746031746031747,2.5446380225208562,-24.703125,8.838268508841253,-78.28125,7.332438096397405,56.41269841269841,13.606295135772394,-102.5079365079365,7.126683629257323
4650,43.91428571428571,13.797249060325505,15.88888888888889,6.072605965306537,-11.75,6.512274734854344,-70.61111111111111,13.986655898029255,78.82857142857142,20.023537170448343,-97.75,17.365954879847205
4651,44.166666666666664,15.672871111857232,16.24,11.625076343835339,-21.571428571428573,8.897947481737296,-82.89285714285714,15.543347878282406,71.0,18.457157599876172,-106.75,13.655519553854928
4652,40.458333333333336,1.7073167707123231,18.16,10.717014509647731,-18.88,6.094719025517091,-76.2,1.414213562373095,61.458333333333336,17.51185114588277,-97.12,3.6256861419598914
4653,52.064516129032256,4.557414970954673,23.84375,9.457501569521414,-12.545454545454545,5.051797814345384,-54.83870967741935,15.286715240730976,72.58064516129032,7.840236145013321,-91.74193548387096,22.595985572571017
4654,51.75675675675676,9.33000218824865,16.07894736842105,12.246119855837836,-19.425,8.870985007314577,-77.475,9.677260717785794,76.1891891891892,16.038531033762546,-97.6,11.90756062340226
4655,50.486486486486484,13.070746420137876,28.23404255319149,20.22344622646657,-19.70212765957447,14.64605806180149,-68.13333333333334,26.225178741049604,74.5945945945946,14.49036858028129,-93.4,20.78824454135344
4656,42.22222222222222,2.282515398241571,15.178571428571429,4.488505728354302,-13.548387096774194,9.090366079705442,-83.90322580645162,8.56984525290211,61.851851851851855,9.625212662215155,-103.5,8.616843969807043
4657,47.2,1.1661903789690602,19.333333333333332,4.465031683707064,-10.80952380952381,0.4994327848429293,-88.57142857142857,0.8491692619108098,67.75,15.594470173750693,-110.47619047619048,0.957131011535323
4658,26.954545454545453,2.285871083760029,12.386363636363637,1.1324934093909995,-19.0,4.5995168828427575,-67.36363636363636,2.034820844145399,45.93181818181818,12.158793539269368,-89.02272727272727,4.634302126355932
4659,36.84848484848485,1.55935519154771,10.885714285714286,1.2135291760911602,-11.722222222222221,4.475930139902091,-82.57142857142857,10.321366781821968,51.36363636363637,9.187666904089191,-109.88571428571429,3.8602104204040377
4660,64.03703703703704,22.836749917105237,38.39393939393939,23.343209244114416,-28.416666666666668,15.690363284513205,-76.24242424242425,23.669479520887556,76.77777777777777,22.678646071895937,-101.0,25.891381507436723
4661,52.0,22.0,12.0,9.422452371630868,-34.19047619047619,19.62170578386295,-80.55,20.05112216311097,87.0,0.0,-98.7,20.43061428347175
4662,52.94736842105263,11.142491851185696,26.75,20.22838352414745,-26.846153846153847,16.195185200195738,-80.77272727272727,21.603728251858872,75.6842105263158,16.438250104010294,-105.14285714285714,23.493232489147076
4663,33.774193548387096,13.790388605765354,14.064516129032258,6.242081351967353,-13.451612903225806,13.202733611563097,-78.58064516129032,13.239174990250584,52.45161290322581,17.450092355199576,-103.51612903225806,11.31619156197091
4664,54.52173913043478,20.082156399925715,15.96551724137931,14.48538564023252,-18.20689655172414,12.761416282725936,-62.642857142857146,31.029035118871537,75.6086956521739,17.76351691195427,-104.92857142857143,18.816650247337122
4665,46.04761904761905,8.283524614881728,15.681818181818182,6.546243639303687,-10.071428571428571,0.4573660169594892,-75.89285714285714,3.2109109267607905,72.71428571428571,17.329146537781114,-97.37037037037037,1.4180881273390107
4666,35.1875,5.156534083083327,16.060606060606062,4.722219521416609,-15.323529411764707,7.649377476536683,-73.44117647058823,3.574346311858075,56.625,10.685124004895778,-95.08823529411765,7.105787397106106
4667,49.8,5.912698199637793,19.59090909090909,7.975297605784153,-26.38888888888889,9.205305770097356,-70.72222222222223,6.225445593650801,63.1,6.737210105080589,-90.17142857142858,5.151896817321416
4668,43.92857142857143,14.174747595204478,22.586206896551722,17.317555854819123,-13.516129032258064,7.762070590655462,-82.93333333333334,17.619938201430283,59.714285714285715,15.299059594948833,-103.13333333333334,19.774956103336585
4669,50.357142857142854,11.133008468110512,19.0,10.191032472578177,-19.733333333333334,10.246733896981787,-83.73333333333333,12.766971275739426,76.57142857142857,15.183234577813055,-113.6,12.472903965529973
4670,40.11764705882353,2.762827897839383,11.647058823529411,1.0539101686569952,-11.8,1.753364113436144,-74.77142857142857,2.798833576287647,62.1764705882353,9.105494747792463,-102.94285714285714,6.247023781165634
4671,69.19047619047619,22.34921762265228,21.695652173913043,8.083449449922464,-10.5,0.5,-48.892857142857146,18.089735222168493,82.57142857142857,22.72730983299383,-98.85714285714286,9.276368923677154
4672,52.77272727272727,20.353538486602762,17.541666666666668,6.37036868809194,-24.5,29.17761699202547,-63.08695652173913,32.96890899472498,70.22727272727273,19.418669129057264,-106.56521739130434,31.185038339836765
4673,44.92,11.206855045015974,20.615384615384617,9.106535789357018,-9.633333333333333,0.7063206700139029,-75.48275862068965,17.695938925611646,70.6,17.408044117591157,-106.0,10.438654953650845
4674,48.015151515151516,5.180067930531601,25.850746268656717,8.592349480342197,-16.197183098591548,4.842940901157964,-75.66197183098592,7.61196919233926,65.27272727272727,8.86522907213217,-100.73239436619718,10.016827737811125
4675,46.86363636363637,7.956103743470136,23.192307692307693,12.228652453496352,-27.11764705882353,13.48586341732433,-75.0,15.400892831261439,64.0909090909091,8.479435502808013,-104.65625,16.108245898840135
4676,38.93333333333333,10.155239479642463,18.333333333333332,8.055363982396383,-10.266666666666667,0.5734883511361751,-74.33333333333333,16.01110725576328,64.26666666666667,15.796483434261214,-96.66666666666667,15.716940612670847
4677,31.433333333333334,18.27508929906743,11.86111111111111,7.00457302123952,-48.138888888888886,19.979368216262188,-87.51724137931035,32.20796719774009,64.0,19.677398201998148,-119.82758620689656,24.173323805980328
4678,49.166666666666664,3.36732666797994,21.59375,8.046192325410821,-11.0625,9.588200756659196,-73.03225806451613,14.340297092724274,67.36666666666666,8.681333742896626,-97.35483870967742,4.802878082692839
4679,34.142857142857146,17.801914595495226,14.206896551724139,9.455446561583097,-50.758620689655174,25.107568816805152,-72.91304347826087,36.617782616929695,59.92857142857143,14.528121920283168,-113.08695652173913,20.097399882611377
4680,39.77777777777778,1.9309052441091965,18.575757575757574,3.622574867204709,-10.565217391304348,5.0461012669405765,-72.29411764705883,1.879133275878034,64.77777777777777,13.422847667547034,-96.6470588235294,3.2165230857628972
4681,39.734693877551024,15.477139837817267,17.346153846153847,10.328982032247186,-28.64814814814815,19.758877430445924,-75.53333333333333,18.03157724043512,65.93877551020408,18.33632300538381,-94.13333333333334,17.95500549212453
4682,37.68,6.7570407724091766,18.703703703703702,12.073278774080093,-10.620689655172415,1.8646214944270036,-76.44827586206897,8.319425572413914,74.04,18.492117239515867,-98.10714285714286,11.254647566082856
4683,33.875,17.865965082618217,9.153846153846153,0.455083060238432,-51.0,25.102865297687558,-103.55555555555556,19.37702597930005,66.08333333333333,19.187488689826562,-136.33333333333334,21.055482263138344
4684,46.07142857142857,20.207722306492798,8.962962962962964,0.42873470010334164,-42.53846153846154,33.77895426858697,-123.73076923076923,14.732375891494351,73.14285714285714,23.369262910489745,-137.84615384615384,14.138578722206264
4685,51.88095238095238,12.438807133422978,19.095238095238095,12.125945272548217,-14.19047619047619,13.538724170105356,-73.4047619047619,11.047644704403703,74.42857142857143,16.554589145270487,-97.04761904761905,13.892362377446965
4686,46.61290322580645,6.612195084035591,23.294117647058822,9.460535402597793,-10.86111111111111,0.9175080313840971,-70.0,9.162033461129528,62.483870967741936,9.499986308112154,-94.4,3.182092752531624
4687,60.05882352941177,20.887571841634593,27.26923076923077,20.42539462439172,-15.2,11.819193429897545,-56.56666666666667,30.315764142695723,81.17647058823529,19.131849927827147,-104.27586206896552,17.69842492840796
4688,35.130434782608695,6.911265836526475,17.0,9.186109915770407,-43.07692307692308,23.964594199525454,-78.04166666666667,17.369703429311112,66.34782608695652,2.898405793478079,-110.79166666666667,13.847319736645387
4689,45.0,12.841693459551623,16.513513513513512,11.431633733521423,-26.512820512820515,14.871883288861834,-69.46153846153847,10.235298785227506,76.18181818181819,18.134939565872592,-90.53846153846153,11.537777757517
4690,40.39393939393939,1.5942965379352614,15.136363636363637,4.155632773303782,-9.805970149253731,0.4648481045491772,-69.28787878787878,1.3344520100497446,58.333333333333336,8.485876561092612,-90.78787878787878,2.273131277222994
4691,29.902439024390244,12.67954926883902,11.238095238095237,10.05179331029217,-51.0,18.050194564312147,-87.76315789473684,20.183936044246355,54.68292682926829,14.180782297025141,-106.05263157894737,21.478198699857998
4692,56.5,26.800186566514792,15.5,9.917156850630123,-20.227272727272727,15.435884455567157,-71.47619047619048,24.293089449704375,82.85,20.261478228401796,-103.0,18.971156050825208
4693,53.903225806451616,9.013806036940894,11.25,0.9682458365518543,-63.40625,19.64983997231275,-99.1,23.91561554020023,81.80645161290323,6.417814696099066,-115.46666666666667,18.05497776853304
4694,64.55555555555556,16.282991201530994,36.166666666666664,16.23182744555345,-62.38461538461539,28.533934259741514,-76.45454545454545,20.956073696983136,77.16666666666667,16.06670124477607,-101.42857142857143,21.983914960870887
4695,45.5,1.6278820596099706,12.875,4.7483549783056445,-29.193548387096776,8.360503746355239,-80.25,5.919851590803848,62.6,7.705409355338193,-106.21428571428571,8.735629598935379
4696,28.04255319148936,3.9245948255893888,12.1875,2.3686867845566524,-11.041666666666666,0.40611643103370687,-67.16666666666667,2.6874192494328497,61.680851063829785,15.834390774216226,-89.58333333333333,7.079410678549137
4697,51.0,14.687863470679911,22.61904761904762,12.655920970079857,-45.015151515151516,19.580828923737613,-71.29032258064517,20.491057921314148,72.56666666666666,12.120735217890962,-104.36065573770492,10.316361009970564
4698,56.13636363636363,16.71769735814947,16.26086956521739,9.05642885422739,-17.583333333333332,22.353069637573768,-95.125,38.03212731801014,77.54545454545455,17.631911340539947,-128.29166666666666,26.200316738967533
4699,40.15151515151515,1.6536683211687577,14.121212121212121,1.249425947156867,-10.757575757575758,0.42854956435548325,-72.87878787878788,1.6652886865495864,58.57575757575758,5.944339314055384,-96.21212121212122,2.434070985214934
4700,36.15151515151515,11.241484890920804,15.363636363636363,6.772574738977882,-15.285714285714286,10.32215766085319,-73.11428571428571,11.234567646513222,59.03030303030303,14.829301151283069,-94.57142857142857,14.588225612822564
4701,37.30769230769231,1.7269187938956654,15.384615384615385,2.8966415975019584,-10.538461538461538,0.49851851526214314,-54.15384615384615,14.4746258293404,74.15384615384616,1.3499945211372495,-95.61538461538461,1.820332240953728
4702,66.61111111111111,22.033154030760326,20.945945945945947,7.696773441026022,-15.578947368421053,7.9954973478411695,-35.666666666666664,10.888321980707381,80.72222222222223,19.968880109798498,-82.13888888888889,6.267875671397667
4703,27.96551724137931,9.942880865467268,8.870967741935484,0.7509965630208268,-61.58064516129032,18.333424778253953,-94.125,25.8840563861231,47.3448275862069,8.171759030950966,-117.25,17.876311140724756
4704,56.0,29.398412655561298,18.6,6.750802421440976,-48.53333333333333,20.0594671470162,-99.06666666666666,41.75079506894316,96.53333333333333,51.87917586940726,-196.93333333333334,63.830469909666874
4705,50.25,3.956534679067867,22.85,6.503396548471166,-11.161764705882353,3.0029901476677576,-64.78787878787878,2.894692905233758,67.18333333333334,7.973898391348836,-84.92424242424242,3.611054601521539
4706,36.88461538461539,2.3092943157350887,12.346153846153847,0.8293791789556857,-13.23076923076923,8.767543697365136,-82.11538461538461,1.3679553264445183,68.1923076923077,19.992343208894965,-102.2,2.0591260281974
4707,35.11538461538461,10.721390994272666,10.931034482758621,0.9070997543424761,-56.44827586206897,17.450592731552725,-83.77777777777777,28.847406114002222,59.07692307692308,9.583331189434627,-106.55555555555556,24.913678131193144
4708,33.029411764705884,10.675660316036241,16.0,14.161763857498668,-10.702702702702704,0.5630450447567475,-70.51351351351352,5.9530669888841095,67.82352941176471,25.608443676710472,-96.78378378378379,9.731906663372902
4709,62.638888888888886,11.726401308769924,26.64864864864865,12.009492228202445,-16.08108108108108,18.592905328672906,-73.94117647058823,23.983991200591166,85.02777777777777,16.45445922523927,-98.91176470588235,28.214897657567175
4710,54.15384615384615,14.322366337822563,28.551724137931036,9.463491398059254,-11.862068965517242,8.740410066648751,-78.3103448275862,1.9670290616485047,72.61538461538461,11.662157483063043,-101.34482758620689,9.56745871951292
4711,49.95454545454545,18.425469705934162,24.75,21.33512362279628,-20.73076923076923,19.14028713776197,-74.91304347826087,14.905245774786984,78.95454545454545,14.790897915847598,-106.47826086956522,13.2627938732098
4712,40.815384615384616,11.781200549627043,20.308823529411764,9.808845577186615,-17.72463768115942,13.026043097647442,-67.86764705882354,10.762003437700601,58.276923076923076,13.067290569978027,-89.95588235294117,14.216222944568946
4713,29.0,3.6862223609160703,9.470588235294118,1.0356951095093536,-52.4,20.261434161621292,-81.41666666666667,31.026758164884424,44.411764705882355,7.092322473089033,-98.125,20.741087443365483
4714,50.642857142857146,2.7020400456253912,22.214285714285715,6.924888564637922,-11.620689655172415,0.7617490356680869,-74.6896551724138,1.683662843549476,73.42857142857143,9.001700519618387,-93.65517241379311,4.685089054973459
4715,66.48387096774194,12.85118537959709,42.027027027027025,20.331690729454557,-18.214285714285715,11.404960729949957,-77.21428571428571,7.411495942712478,85.83870967741936,10.516030080674373,-99.85365853658537,11.486069984476012
4716,49.38461538461539,16.34737551995832,23.633333333333333,15.871322846218236,-23.176470588235293,9.583903749133981,-71.05882352941177,2.57751791767137,64.46153846153847,15.054339443983405,-92.11764705882354,5.884999404679629
4717,38.2972972972973,9.040045637486049,20.333333333333332,9.221861799156127,-16.5,5.412947441089743,-66.7948717948718,2.4197847666469796,66.70270270270271,18.897826079558357,-89.07692307692308,6.00591424490558
4718,39.71666666666667,6.993071968423859,13.796875,8.962037448838014,-10.803030303030303,1.635030321002298,-70.35384615384615,2.697182400099831,59.0,10.453069724567357,-88.21538461538462,3.857030773863821
4719,46.111111111111114,10.846857654991805,21.857142857142858,6.203192068341484,-10.344827586206897,3.2085646384698254,-74.65517241379311,25.94991975546555,72.81481481481481,13.727606780814687,-99.75862068965517,28.918023460397905
4720,44.388888888888886,7.757712212078513,24.11627906976744,15.655015248595191,-17.31111111111111,23.602092395211464,-77.81818181818181,12.212647556143528,61.47222222222222,10.177551853387682,-97.02272727272727,9.459215411351362
4721,42.03225806451613,7.354980191055723,15.484848484848484,13.133628389520272,-14.411764705882353,11.874633485511243,-78.1470588235294,18.41376140272649,59.806451612903224,11.715496643441856,-102.11764705882354,19.407040423338113
4722,38.88461538461539,18.63067553809891,10.074074074074074,0.6625386599999377,-15.333333333333334,0.5443310539518174,-87.23076923076923,16.324374631225286,72.3076923076923,20.208089071095404,-115.8076923076923,2.8691895233166558
4723,44.75,1.863656160807107,21.17241379310345,2.7800888787236375,-23.24137931034483,3.7476905294326963,-80.35714285714286,2.4959150299508783,59.67857142857143,3.5961643398465086,-102.89285714285714,7.775140263844053
4724,48.421052631578945,17.205616553824214,25.0,16.92496810793289,-31.52,16.129773711989888,-87.12,14.32569719071292,67.3157894736842,17.405542467480227,-110.12,17.650654378804205
4725,38.08571428571429,3.9595918156975194,14.2,3.724820225767375,-11.222222222222221,0.5826715823167509,-84.30555555555556,21.975768782462353,59.91428571428571,10.089234513144419,-101.0,20.879282661155877
4726,57.2,18.28733623758984,37.63636363636363,18.356434231243018,-17.666666666666668,10.543560435956474,-74.6,4.250714225700363,73.73333333333333,9.190333085488371,-94.31428571428572,6.140132286017616
4727,40.03030303030303,1.2181667419540472,11.848484848484848,1.7077579155885296,-11.264705882352942,0.5034483167242262,-68.05882352941177,1.5134918035610125,54.333333333333336,2.781613513300102,-93.70588235294117,1.6365209109698298
4728,69.83333333333333,27.40083129314794,42.53846153846154,27.5893384776282,-38.47826086956522,33.01365931433914,-97.1,22.398437445500523,102.0,19.895560643855536,-130.1,26.521500711686738
4729,47.26923076923077,19.25248773596983,20.392857142857142,14.430471939897298,-32.457142857142856,16.456597213176686,-85.66666666666667,17.177622276400978,71.96153846153847,18.506715557063583,-108.72727272727273,16.920979854271152
4730,28.677419354838708,7.705829786279299,11.25,3.881043674065006,-48.28125,20.205559839744605,-95.53571428571429,22.231705388696476,51.354838709677416,11.000141896729287,-113.96428571428571,12.454150607204763
4731,50.0,17.211487272099617,19.6,4.549411264893827,-10.055555555555555,1.4519038161524425,-79.16666666666667,3.6704525909242065,78.61764705882354,18.738156582511703,-106.05555555555556,7.774404030193656
4732,39.5,15.095529139450528,22.57894736842105,14.87603438057222,-14.966666666666667,9.02398039792985,-84.1,2.343074902771996,66.5,16.046806535881213,-107.13333333333334,4.7027178902795725
4733,39.6,9.346657156438338,15.107142857142858,12.956904628460471,-26.928571428571427,15.97973844643042,-78.77777777777777,11.960841458487014,62.12,17.89373074571091,-100.77777777777777,12.96814711152572
4734,63.225806451612904,21.989307779184415,38.90625,18.608397591880394,-10.2,0.5237229365663817,-81.28571428571429,11.07009208523173,82.87096774193549,16.225710254316265,-106.4,5.9242841641115485
4735,50.45161290322581,23.594475446427953,18.916666666666668,12.25283413926935,-28.64864864864865,19.21038038119146,-58.14705882352941,32.092817918308704,69.54838709677419,24.15920142570063,-98.6969696969697,23.553272755265464
4736,46.416666666666664,23.97379935587089,20.714285714285715,19.381244879037684,-27.4,21.306649979134058,-48.916666666666664,34.83881535809672,63.833333333333336,26.368647207537126,-96.0,26.038433132583073
4737,45.3125,13.123065333602511,18.90740740740741,12.303670814057318,-10.785714285714286,3.5792770903907285,-59.339285714285715,12.405754404587363,68.0,11.683321445547923,-81.80357142857143,14.254597808197515
4738,42.041666666666664,1.6950704672339993,19.72,4.886880395507956,-11.038461538461538,6.86395697287241,-73.42307692307692,16.101058438507593,74.79166666666667,22.459183657371778,-101.72,15.845554581648447
4739,42.27272727272727,9.658636352940674,15.205882352941176,9.721956386764916,-15.6,17.676780573073014,-85.02941176470588,18.369548481622655,62.27272727272727,11.046109221152026,-104.67647058823529,12.862898283401567
4740,50.23076923076923,15.078362045407538,21.977777777777778,15.782534494235346,-10.085106382978724,0.40369502044702715,-53.648648648648646,19.626535011362243,70.58974358974359,19.464257774276536,-91.05555555555556,19.619922477540307
4741,52.13793103448276,2.4172389197685353,19.033333333333335,9.964882783499709,-12.8125,1.757795138803154,-75.3125,1.7929985359726315,74.17241379310344,11.079863579134155,-98.875,4.328322423295196
4742,48.08695652173913,17.42540135768386,19.4,16.012495120998476,-12.916666666666666,7.878857080115675,-64.29166666666667,29.592340178198516,70.65217391304348,16.609606166710652,-90.91666666666667,27.23343023238575
4743,43.916666666666664,11.163867808445442,19.864864864864863,5.532030379243558,-11.157894736842104,3.272905644429843,-65.84210526315789,16.239209074254223,70.19444444444444,17.337851085036853,-104.75675675675676,16.486530793028635
4744,28.933333333333334,5.501110998900333,10.935483870967742,0.3533693919388169,-22.6,1.6767315144138526,-61.8,0.855235974119758,51.8,7.4179961355251915,-81.05714285714286,0.7907630001770314
4745,36.09090909090909,11.825405717592735,18.5,12.13223707609558,-10.857142857142858,3.145453473033802,-74.17142857142858,1.5763559113295684,58.15151515151515,11.672607696294287,-90.44117647058823,2.366322245354197
4746,41.505494505494504,5.675034252447586,18.01098901098901,4.7981097594381374,-10.924731182795698,10.289609080779707,-64.93548387096774,10.900139539022883,69.92307692307692,15.451612362419608,-82.3010752688172,9.64731278673431
4747,41.285714285714285,11.423213029545028,18.571428571428573,8.837535901840882,-24.357142857142858,8.893072286554156,-86.78571428571429,3.0042486921161555,66.85714285714286,13.94303278577893,-107.57142857142857,10.125740083811058
4748,37.28,2.2630952255705017,11.66,2.990718977102329,-8.509803921568627,0.5376984000314544,-60.02,2.36211769393483,64.6,12.019983361053376,-78.24,3.8239246854508
4749,45.787234042553195,12.382101306927323,21.483870967741936,16.586763023454996,-21.2,14.007909853419903,-50.114754098360656,20.686653938446415,69.55319148936171,8.609268905719661,-85.63934426229508,15.586914211991266
4750,45.0625,17.69228439414575,17.607843137254903,14.813981778450277,-15.431372549019608,14.898683850228192,-64.1,12.210241602851273,66.29166666666667,22.288784860452925,-86.22,12.38432880700444
4751,41.69230769230769,3.770015616874722,13.925925925925926,2.3558583546354446,-21.633333333333333,10.675465121274836,-77.63333333333334,1.601735170231195,62.38461538461539,8.36695387579992,-96.73333333333333,8.382256392059492
4752,61.23913043478261,15.40776876690104,40.28,15.020039946684562,-41.69230769230769,16.97774387197099,-86.52380952380952,17.007801331225885,78.06521739130434,12.988962160088823,-106.52380952380952,17.26898048741818
4753,56.78260869565217,16.652344192567917,16.72340425531915,10.977156411344918,-11.16326530612245,8.152492892249835,-93.38775510204081,22.82749534968795,82.26086956521739,18.992486824152216,-117.73469387755102,19.710947450492707
4754,46.65217391304348,11.55180654289782,19.5,16.913998147491128,-12.0,3.427827300200522,-85.95833333333333,6.629977166040787,74.82608695652173,18.56516647992205,-106.125,5.577577879330776
4755,41.2,2.535087112244206,17.524590163934427,3.3856328917849376,-10.290322580645162,0.48815309517488886,-79.90322580645162,6.4600750954872055,62.016666666666666,8.427122218698914,-102.43548387096774,9.98486106925482
4756,36.04,2.009577069932875,15.56,2.174028518672191,-16.444444444444443,4.724509250104289,-79.74074074074075,1.349693863576933,56.04,12.001599893347553,-99.96296296296296,2.4867274565325217
4757,38.75,3.6996621467371855,11.5,2.170607855311148,-15.115384615384615,6.818114577398399,-77.5,1.2480754415067656,63.75,22.822229660282243,-96.15384615384616,1.7252047301542925
4758,49.714285714285715,10.686630976722881,24.451612903225808,10.29512477693868,-21.161290322580644,15.815665517278193,-81.0,11.979868170364412,67.35714285714286,13.090930027297214,-101.72413793103448,15.044523695429987
4759,58.361111111111114,18.90495640151571,35.666666666666664,15.966845992248157,-10.515151515151516,0.5292196726234236,-75.16666666666667,2.5080677902329596,66.69444444444444,17.04050638991375,-92.87878787878788,5.753826530482422
4760,45.05769230769231,10.273965344759805,19.962264150943398,10.40675082809946,-12.446428571428571,3.779265059208616,-73.33928571428571,1.4793433112881746,71.28846153846153,16.662182582193932,-98.83636363636364,11.729936272575298
4761,57.82142857142857,18.592536081965356,26.24590163934426,12.618819847790084,-26.424242424242426,9.408346723119987,-90.13636363636364,3.228126220901473,68.92857142857143,16.873327581525505,-110.12121212121212,6.574779985983979
4762,71.1304347826087,17.299922964960647,19.108695652173914,7.274817376669613,-13.76086956521739,5.9241025099338165,-80.17391304347827,9.911136353543197,85.78260869565217,6.216783187043521,-91.73913043478261,8.656324108415953
4763,40.86842105263158,7.640512013125473,12.743589743589743,2.667159717732481,-11.95,1.4654350889752845,-79.1025641025641,10.594616126187654,71.13157894736842,18.72539937404411,-103.23076923076923,15.2642729146662
4764,42.71875,5.020174144140818,12.65625,0.7335434121440939,-17.09090909090909,7.254522670276365,-70.3030303030303,1.2427937366309016,61.34375,9.99252650421804,-89.6969696969697,2.3546839006136255
4765,57.44444444444444,12.561945276739683,15.222222222222221,6.59592092429148,-31.928571428571427,21.054230269589482,-77.81481481481481,4.190262407031393,79.61111111111111,14.67098000547297,-102.48148148148148,13.91074823018989
4766,50.916666666666664,10.009370609583803,22.166666666666668,9.785192895390463,-22.62162162162162,18.088896626221487,-67.30555555555556,7.869842030196472,77.58333333333333,17.999035467984882,-93.5,11.05415959919362
4767,36.08163265306123,7.531801244556656,13.980392156862745,10.243104224791352,-14.627450980392156,6.196016380925338,-56.142857142857146,10.19403587137787,66.04081632653062,10.868338557805437,-81.63265306122449,10.316805939727704
4768,38.724137931034484,6.590989417243545,17.806451612903224,14.382828818709616,-9.787878787878787,0.5907148087763008,-69.57575757575758,9.739112967605209,60.51724137931034,15.217097212097505,-90.45454545454545,9.348767246851997
4769,46.4,11.579291860904103,15.88888888888889,10.001234491702746,-22.466666666666665,17.421697837913374,-81.72413793103448,7.205824041628138,64.24,13.482670358649285,-101.72413793103448,11.11971393741496
4770,55.22222222222222,20.77807486418625,28.166666666666668,21.682686385429477,-25.166666666666668,25.26141106290163,-72.36363636363636,30.675049758491845,82.11111111111111,14.571238370650622,-115.36363636363636,24.061560167328103
4771,46.6,13.09045453756286,19.46153846153846,12.03274624715907,-31.17241379310345,20.913729141102408,-108.23076923076923,6.629234161057382,69.32,13.786137965362164,-130.92307692307693,8.28772529301885
4772,53.23809523809524,7.431623304723584,29.666666666666668,12.303051628156298,-12.076923076923077,0.6153846153846154,-73.34615384615384,6.219957381082703,83.47619047619048,16.340481567826597,-104.34615384615384,8.557238535938259
4773,36.214285714285715,5.512046177348707,10.7,0.4582575694955841,-60.1,1.6401219466856725,-104.28571428571429,10.456908662482915,56.5,15.228028668966221,-126.14285714285714,0.34992710611188255
4774,40.607142857142854,2.6771424759871656,14.78125,3.5596205468420368,-23.764705882352942,10.493860455830161,-82.0909090909091,2.2477414437154786,59.92857142857143,11.544722267984534,-100.48484848484848,3.3675925410443743
4775,43.5,12.610936296949339,17.551724137931036,9.75770679283481,-13.363636363636363,5.709206715675484,-73.36363636363636,9.16455021898257,67.25,14.905955185763842,-93.25,3.072051431861127
4776,55.473684210526315,6.831570837721244,18.15,7.837569776403908,-29.5,7.755643106796495,-95.8,2.4617067250182343,77.89473684210526,16.839473478586292,-119.65,16.478091515706545
4777,40.878787878787875,8.737788277665443,18.696969696969695,4.295768520404691,-13.272727272727273,5.016776263412091,-69.45454545454545,1.9708621262435273,64.12121212121212,15.637479405809806,-87.84848484848484,6.998360033526523
4778,41.91304347826087,14.61212433884142,15.693877551020408,7.632380219940628,-16.5,10.725862093419757,-73.6268656716418,5.04852814636528,67.15217391304348,12.030698760479643,-96.73134328358209,6.316484213742237
4779,48.22222222222222,7.187094057242769,21.142857142857142,6.696023797290265,-10.133333333333333,0.8055363982396381,-77.16666666666667,11.933379888177345,70.81481481481481,13.499072772099838,-98.73333333333333,11.598658926310787
4780,43.815384615384616,2.642215315818892,18.045454545454547,4.069218591437867,-10.0,0.3863337046431279,-80.26865671641791,1.4203435526412325,64.04615384615384,8.62631175172042,-101.0,3.9887902628734477
4781,43.833333333333336,15.221512554422588,21.130434782608695,17.43386097531514,-14.055555555555555,14.269128378823916,-61.57575757575758,10.954534976314198,59.94444444444444,15.392899597694104,-88.48484848484848,5.768888407821012
4782,41.08108108108108,18.907139189860988,13.894736842105264,8.816221513372563,-40.743589743589745,20.040622781558344,-83.6923076923077,26.86925022204879,63.67567567567568,19.118484128044074,-109.38461538461539,22.06704862704755
4783,40.32432432432432,12.276221916512522,18.842105263157894,5.1581632583164705,-10.153846153846153,0.6993939331787621,-65.17948717948718,2.4793691802325273,78.56756756756756,21.93915485393396,-90.38461538461539,6.685673103889465
4784,43.464285714285715,6.032543545856346,21.225806451612904,8.484177597794975,-13.741935483870968,5.622350225693326,-75.2,4.798610910114162,60.57142857142857,11.800207538818276,-93.06666666666666,6.7869155160663555
4785,52.55555555555556,26.787688345834926,32.793103448275865,29.440037610481067,-18.676470588235293,17.05996446488833,-92.78125,5.8722566733326635,73.5925925925926,24.407435508329804,-114.96875,6.444398609451467
4786,40.81481481481482,5.888073551756264,14.0,3.39934634239519,-23.766666666666666,7.539599164117119,-82.46666666666667,7.158832927851361,58.74074074074074,9.67468094063856,-103.33333333333333,7.3680994081845075
4787,39.29032258064516,3.9610486424120865,20.181818181818183,7.300703766219642,-15.82857142857143,13.47905404541371,-71.77142857142857,6.833052922735046,55.45161290322581,10.781820750173218,-91.11764705882354,6.785645341377779
4788,34.41379310344828,3.178779221101107,14.741935483870968,8.404943790702584,-15.212121212121213,8.555549592737599,-76.96969696969697,1.5664058161600103,53.793103448275865,10.819456644986692,-95.60606060606061,2.268885642101198
4789,45.964285714285715,9.151432920029297,19.0,8.674178883925833,-24.366666666666667,5.455781846404377,-87.0,14.571661996262929,68.96428571428571,12.67867203179402,-112.13333333333334,18.205737801278172
4790,53.07692307692308,8.77900939270256,21.22222222222222,12.317808046147189,-25.23076923076923,19.799587587600232,-86.58333333333333,17.08048756785226,79.15384615384616,13.819418633247448,-117.17391304347827,11.141977710298402
4791,52.84,14.36295234274625,30.76923076923077,17.072937857925673,-33.18518518518518,22.61437929485646,-74.14285714285714,19.729807554115904,72.56,15.068058932722556,-101.85714285714286,23.986674305073787
4792,57.0,14.686977805973928,22.869565217391305,10.925854251055702,-13.74468085106383,4.122940930867256,-38.723404255319146,13.903469837325817,67.92682926829268,12.960333938603549,-97.45652173913044,7.557623625070453
4793,27.714285714285715,2.657296462534039,8.384615384615385,0.4865042554105198,-63.61538461538461,1.8203322409537277,-100.14285714285714,4.223355856884138,54.42857142857143,16.01657304934167,-116.57142857142857,6.5869382190848595
4794,51.76470588235294,22.742883597408216,18.526315789473685,16.301011983608582,-56.492537313432834,26.742203848904616,-86.175,28.829574658672993,71.23529411764706,12.808680015404564,-108.3076923076923,15.569783105637903
4795,57.54545454545455,21.072876303496855,16.318181818181817,5.987763003419888,-18.357142857142858,7.856818175109738,-72.85714285714286,10.772697916871302,72.5,19.25841020531974,-95.25,16.59738576661139
4796,48.46511627906977,9.85322243879329,16.0,10.633281086601006,-26.12280701754386,3.9295112657071205,-70.82456140350877,2.1036543560524343,76.97674418604652,19.75252515160509,-97.3157894736842,7.766680735030197
4797,42.172413793103445,13.926083107799085,20.193548387096776,10.440057331565203,-29.25,26.485845276298054,-83.34782608695652,8.400873120524173,60.06896551724138,17.05757195496507,-110.3913043478261,6.112987815938061
4798,46.28125,11.317117496849628,17.0625,12.098392196899553,-12.40625,7.180091290331899,-69.09677419354838,8.622382122426522,67.53125,13.46055435104736,-91.54838709677419,9.905484664104089
4799,51.666666666666664,17.02449216080566,20.307692307692307,10.461538461538462,-24.94871794871795,11.500164364374388,-70.89473684210526,13.26012914457276,78.80555555555556,16.97190397955863,-100.65789473684211,13.20740684494375
4800,48.21875,5.02950280221614,26.38235294117647,9.851887564386578,-9.342857142857143,0.6737043498600912,-75.14285714285714,5.535046042615865,68.21875,7.461293348843752,-101.94285714285714,7.9172248281573925
4801,49.76470588235294,18.61855308640126,37.5,24.871944764405463,-13.413793103448276,7.540773039029841,-86.37931034482759,16.069705473565293,65.88235294117646,17.04969329702125,-111.65517241379311,11.504949046235728
4802,52.4,27.628608361624007,9.88,0.6523802572120037,-67.6,15.78100123566309,-105.08,21.923357407112626,77.65,25.861699480119245,-141.95833333333334,25.356588832534676
4803,61.625,16.015129565507735,14.588235294117647,8.554729160146463,-10.25,3.960744879438715,-63.0,13.559744343705994,80.5,12.874393189583733,-94.6,21.740285186721906
4804,42.75555555555555,17.23453323425004,15.195652173913043,9.848018042087345,-8.76086956521739,0.7278551757731828,-59.02173913043478,12.989107695086517,68.91111111111111,18.649780722240525,-76.43478260869566,11.389644751327264
4805,47.51282051282051,16.007805459664073,28.27906976744186,17.862947986336813,-15.181818181818182,8.091164449494297,-82.48837209302326,2.790116218495132,84.02564102564102,17.04516952324809,-109.65116279069767,9.202840109975739
4806,36.044444444444444,6.814871175290291,12.787234042553191,0.5432827802044129,-55.04255319148936,2.8802884519297027,-89.65957446808511,5.6804127649867775,61.044444444444444,10.05530386425339,-109.34042553191489,5.9080781183871585
4807,36.34782608695652,0.8652064670492348,17.32,10.255613097226318,-11.68,0.5455272678794343,-105.58333333333333,2.059867849051379,55.21739130434783,14.749963954971816,-127.29166666666667,11.925040763964802
4808,30.892857142857142,8.665775398964948,11.758620689655173,9.163853926550669,-57.93333333333333,35.07224290264627,-84.75,38.71196289816071,69.42857142857143,13.741045321612626,-107.39285714285714,34.54742008737957
4809,43.8,20.336174664867528,26.608695652173914,17.620983367009227,-25.78787878787879,7.027036858848162,-77.27586206896552,28.69686580474352,54.1,18.360010893242958,-89.6896551724138,28.50420833814794
4810,52.32692307692308,3.5285710435624584,24.576923076923077,6.9734280110181155,-20.9811320754717,9.898523934248768,-83.58490566037736,10.191439178951608,68.01923076923077,7.262894063492513,-102.4423076923077,11.139695931388207
4811,42.35294117647059,6.173388586797255,23.95,15.771731040060251,-15.05,4.200892762258994,-85.05,4.5986411036305075,55.35294117647059,12.014408881058014,-107.45,4.924175057814252
4812,42.63636363636363,16.10725073284696,15.181818181818182,5.941403494301128,-10.93939393939394,3.190320530485299,-82.21212121212122,15.737924809791187,59.696969696969695,14.252027710033635,-106.15625,8.507751520672192
4813,50.86842105263158,6.391487153491039,16.923076923076923,4.184125159822206,-20.375,5.769261217868367,-79.25,23.217181138114075,75.3157894736842,12.251971405618761,-96.95,23.620912344784653
4814,45.744680851063826,5.125937735097979,16.958333333333332,4.425109854254719,-22.408163265306122,11.510276450778427,-73.88636363636364,10.432065752657456,66.51063829787235,10.991045369571543,-94.86363636363636,11.476440113813622
4815,54.45454545454545,3.491035351252041,23.558823529411764,10.085490966119679,-8.882352941176471,0.5294117647058824,-83.12121212121212,1.965730271542649,69.33333333333333,6.172601566682407,-102.59375,2.6909498206952875
4816,41.205128205128204,2.1623762710059498,14.564102564102564,3.168716247338545,-24.025641025641026,7.283585970460302,-87.48717948717949,1.8098277984637228,60.30769230769231,8.875647599785712,-108.82051282051282,3.4034054956446713
4817,36.93103448275862,3.571255304103419,13.1875,7.52677512285308,-9.848484848484848,0.5571144336621284,-72.66666666666667,8.597627109801397,57.44827586206897,8.755633484620263,-94.75757575757575,9.601231938095719
4818,48.07142857142857,12.925413979080602,19.464285714285715,11.986546455020617,-20.166666666666668,10.724064320748713,-88.0,11.129333716153777,70.96428571428571,12.913122182098174,-106.79310344827586,12.76411810734545
4819,31.90625,1.9741988090108857,16.939393939393938,1.3693483063872731,-20.682926829268293,3.4742188059647616,-60.625,1.756238878968348,60.46875,20.317763741059203,-81.55,4.716725559114076
4820,47.549019607843135,16.896819198856075,9.320754716981131,0.6942780940744943,-44.81132075471698,8.657108767820302,-82.71153846153847,9.311565468775374,70.17647058823529,16.04125304669054,-99.43137254901961,8.911888737030283
4821,32.67857142857143,8.742562436676312,10.827586206896552,1.3148742044784565,-19.266666666666666,2.943165340619216,-83.76666666666667,1.6058919293927871,52.464285714285715,14.637237597641022,-102.46666666666667,3.4325241764949332
4822,37.54054054054054,2.0214337244665033,18.45945945945946,3.1070503487999814,-10.447368421052632,4.411094675099027,-72.1891891891892,2.15403879407257,54.567567567567565,8.005202837008621,-94.54054054054055,4.83005564622746
4823,35.266666666666666,13.650234023227913,17.266666666666666,12.149805668313292,-12.104166666666666,19.25512873597289,-108.72916666666667,15.714562756847196,70.95555555555555,24.75475761730173,-136.22916666666666,12.203550684352303
4824,46.65384615384615,9.995931124875481,25.64516129032258,17.521504551498396,-14.424242424242424,14.99905108721842,-63.84375,26.049363445917447,67.65384615384616,11.92586815963294,-93.0625,19.434083300994672
4825,54.68421052631579,9.755174775627912,25.6,12.084701072016635,-23.14814814814815,10.679519006035541,-84.55555555555556,3.993822390135873,79.78947368421052,12.820948923614782,-104.4074074074074,4.499047300462286
4826,43.18181818181818,20.04004255946389,22.857142857142858,29.543810429493988,-38.714285714285715,23.2944768788918,-74.85714285714286,24.619554199448697,66.36363636363636,20.755164646519486,-105.15384615384616,23.870954844896772
4827,44.0,14.75700615874476,11.925925925925926,5.388093361160988,-14.090909090909092,8.404052544668774,-61.357142857142854,28.653364656222294,65.96153846153847,12.267783854880195,-89.39285714285714,25.24358374732406
4828,37.125,5.452923527796809,14.848484848484848,2.4509888186534776,-10.235294117647058,0.4241825029957635,-67.94117647058823,12.194360259781105,55.09375,11.389028094508328,-97.45454545454545,5.222857160080156
4829,47.73529411764706,2.3175649433049306,19.457142857142856,4.448709971234726,-9.777777777777779,0.41573970964154905,-76.33333333333333,3.0641293851417055,64.26470588235294,5.270946022519898,-102.41666666666667,4.380353866983808
4830,78.44444444444444,5.559998223643024,41.75,16.957141352749964,-27.178571428571427,8.34545886536321,-78.78571428571429,2.1104695289563082,92.66666666666667,7.4981479194679945,-102.35714285714286,9.791447746865211
4831,46.61904761904762,17.715949742631548,22.80952380952381,16.899194254162218,-21.652173913043477,7.743769982054712,-75.78260869565217,1.3173267310907057,89.61904761904762,21.180575536215994,-97.82608695652173,1.522360121740139
4832,44.96551724137931,3.2428463297955163,18.862068965517242,4.224102744399544,-11.166666666666666,1.3682917167849193,-83.16666666666667,10.792229715041383,67.03448275862068,9.932471160448996,-108.53333333333333,15.383396532914597
4833,42.25,14.071987540263576,23.555555555555557,12.395738017062733,-25.275862068965516,18.425800037324233,-66.14285714285714,17.531022066436332,59.958333333333336,13.163963330074859,-93.10714285714286,15.83021362033078
4834,,,,,,,,,,,,
4835,45.44444444444444,7.067575063906334,21.75,8.801886973014042,-14.363636363636363,5.585794655049061,-69.3125,1.0734727523323542,61.51851851851852,9.589231500395409,-89.09375,3.2341862867651887
4836,57.45,21.569596658259517,31.634146341463413,18.66881591547523,-31.543478260869566,15.812359670096171,-83.27272727272727,28.32069885209534,74.6,20.394607130317564,-100.93181818181819,25.028527112506794
4837,43.407407407407405,1.225024845077128,13.74074074074074,3.05010737628345,-10.724137931034482,0.4469476343729558,-73.3103448275862,10.658017698446756,56.888888888888886,1.3698697784375504,-93.82758620689656,6.992947015865793
4838,56.78260869565217,12.968042733008778,29.869565217391305,15.238122524505231,-30.6,14.907716122867381,-83.28,7.2361315632041965,84.17391304347827,15.857112445930166,-103.52,9.512602167651078
4839,24.419354838709676,3.1701652907795963,7.96875,0.46666201634587745,-63.28125,10.189560757829554,-102.52173913043478,3.9217294900103234,47.03225806451613,8.042162568122606,-120.81818181818181,5.890179528336385
4840,47.142857142857146,6.1569605541457,22.766666666666666,10.837230068405653,-10.774193548387096,9.18522543463794,-78.93548387096774,19.625420453882647,70.28571428571429,12.509588159422648,-105.09677419354838,17.452894830980604
4841,50.19444444444444,1.9410684979104287,11.657894736842104,0.6188408429634131,-10.15,0.6144102863722254,-70.025,2.138778857198658,75.19444444444444,13.213670203501886,-92.65,1.5898113095584645
4842,43.47692307692308,7.80159291882151,21.808823529411764,8.310619274973677,-14.767123287671232,6.538653348736048,-66.61643835616438,3.045905119931462,62.69230769230769,9.609167220657378,-90.76712328767124,5.813353894727904
4843,47.51428571428571,9.02811933768657,11.108108108108109,0.5591394828534377,-27.45945945945946,10.3234045154153,-78.27272727272727,8.85325732650171,77.88571428571429,17.384346700525782,-108.0909090909091,14.577615959145776
4844,50.43939393939394,12.974484035842309,31.484848484848484,8.25767306031079,-23.029850746268657,8.377243783641438,-93.625,27.62839345673215,68.89393939393939,16.68344197089818,-113.359375,26.038653471509907
4845,38.9,12.23478647136925,21.181818181818183,11.960679380355842,-9.035714285714286,0.32537262782658216,-75.21428571428571,2.2734043518342206,58.4,17.408044117591157,-97.35714285714286,1.985919824922549
4846,61.125,11.192678038193838,20.48,4.996959075277683,-47.96153846153846,39.23840423442199,-81.72222222222223,33.484333908321226,86.125,15.144615379731503,-114.66666666666667,22.241103090149704
4847,54.03333333333333,3.790192020934501,26.566666666666666,4.325762617414671,-35.84375,9.782348181162844,-98.53125,1.3225064980936767,79.6,8.658714300248816,-113.34375,2.0707694071286644
4848,39.705882352941174,8.96899696590396,13.5,4.11703777004778,-9.047619047619047,0.8438116736509214,-86.76190476190476,23.083502172815074,64.82352941176471,14.821428422538398,-107.14285714285714,28.795313299688384
4849,42.75,2.537222891273055,16.416666666666668,2.9498116700713095,-10.48,0.4995998398718718,-85.7,0.9643650760992953,65.70833333333333,10.07876962839325,-104.85714285714286,1.8735538640862859
4850,61.18604651162791,13.25291686007885,28.08888888888889,13.075544980734449,-14.061224489795919,12.814864078786307,-59.51063829787234,7.830307568279322,79.0,8.591504727832726,-82.02127659574468,10.723784187798332
4851,44.875,15.498151771528544,21.84,12.951231601666306,-31.884615384615383,17.023348046087314,-90.78260869565217,22.432423199155533,62.208333333333336,15.499943996314595,-106.73913043478261,24.417059950681217
4852,27.016129032258064,2.574640190858314,11.338709677419354,1.1769773805908406,-10.507692307692308,0.5298207802376175,-63.84615384615385,1.327006686329097,62.435483870967744,21.653891081267986,-85.61538461538461,3.289574710376393
4853,31.285714285714285,13.471814870995196,10.566666666666666,0.7156970184527963,-62.56666666666667,9.732020459402161,-98.33333333333333,9.949076690031442,55.285714285714285,17.59232207294896,-119.28571428571429,8.293100156399996
4854,38.93939393939394,8.209157465864399,17.885714285714286,10.002203838787382,-13.055555555555555,7.1061180387217675,-67.41666666666667,13.843119028760984,58.36363636363637,11.959067009869813,-86.94444444444444,17.581468217738756
4855,45.11538461538461,3.104920698565214,14.307692307692308,3.450409460308585,-10.71875,0.7173900177030623,-80.90322580645162,2.2626681182903465,67.26923076923077,9.661810995666203,-105.93548387096774,6.520120144702302
4856,56.6578947368421,13.163498806587288,16.8,10.00299955013495,-12.80952380952381,8.516756858821921,-67.0,14.75030266033306,81.1842105263158,11.860716369502473,-93.6829268292683,19.939468183321
4857,54.888888888888886,18.608208728912235,25.585365853658537,15.438273013735666,-20.428571428571427,11.214664840421813,-73.025,17.92831210683259,74.38888888888889,14.731443652906712,-101.82051282051282,15.778713013183292
4858,32.6,10.518555033843764,9.655172413793103,0.6032019201564105,-65.17241379310344,15.303975065135612,-94.81818181818181,24.566489303403014,52.64,11.492188651427542,-117.0909090909091,17.41970955532082
4859,33.0,15.957756734578956,10.953488372093023,5.052991231874411,-44.116279069767444,20.14160255780405,-81.47222222222223,20.690156155244335,59.5,20.427922067601493,-105.94285714285714,18.24115105569642
4860,41.407407407407405,7.344734870334033,21.607142857142858,6.2469380254551545,-11.964285714285714,16.948413627528563,-82.78571428571429,8.869519003133078,64.5925925925926,18.507774661155057,-104.07142857142857,7.837312638127632
4861,44.642857142857146,9.231987426157744,23.636363636363637,13.869124596739686,-21.571428571428573,5.910212538047846,-58.76470588235294,11.409642009977691,63.214285714285715,10.553798039626516,-82.91176470588235,13.597940257213748
4862,78.66666666666667,40.62292729755233,36.73684210526316,30.313870553303445,-25.31578947368421,38.65645262617729,-73.84210526315789,46.57790661935711,107.0,35.87013613950561,-155.3684210526316,36.93409568166946
4863,47.2,9.019977827023745,13.363636363636363,7.991731263940331,-14.076923076923077,12.75485752694025,-62.7,25.849758219372188,63.4,12.379014500355026,-93.9,34.94982117264694
4864,56.30612244897959,12.72343824926916,23.76923076923077,14.833194822392553,-24.381818181818183,11.609542954109166,-91.25925925925925,2.688695024130598,80.20408163265306,16.0165470454353,-116.61111111111111,9.168013369089426
4865,26.74025974025974,13.280590854289144,9.9875,5.812688168997199,-53.45679012345679,12.152375556737919,-86.6470588235294,19.056236207821954,53.324675324675326,17.11036866358165,-113.86764705882354,14.98028548750648
4866,46.903225806451616,8.482828342654761,18.484848484848484,7.663851441438378,-19.742857142857144,6.389021195514591,-78.22857142857143,8.632449459653348,64.48387096774194,11.293363645741847,-97.8,6.6409982037986675
4867,43.0,14.506703431325963,17.857142857142858,13.292624930803562,-9.724137931034482,1.3619598384918277,-88.48275862068965,16.46233043722834,68.22222222222223,15.408831842986416,-107.65517241379311,15.132235202099285
4868,50.041666666666664,21.446598733184295,19.79310344827586,17.26742859746664,-13.9,15.693629280698584,-40.25,22.26404051379713,66.125,22.11581730345953,-96.67857142857143,29.319731985021104
4869,44.0,7.146427679017578,23.607142857142858,9.61152316498381,-10.290322580645162,1.3245461398482459,-76.90322580645162,9.392360789869391,66.5,12.20801844222535,-98.36666666666666,2.3163668870788916
4870,44.8125,16.64038292077439,13.294117647058824,2.467785525106239,-18.666666666666668,3.666666666666667,-62.44444444444444,13.022298065763211,64.375,19.9464125847231,-88.52941176470588,12.92565914604983
4871,,,,,,,,,,,,
4872,60.6,15.484185480676729,22.892857142857142,13.735613995622282,-16.17241379310345,22.148509664997768,-90.67857142857143,2.765263762007051,93.84,20.641085242787018,-120.39285714285714,18.050206341745564
4873,35.8,6.933333333333334,16.29787234042553,6.828958655910035,-10.638297872340425,7.558074537855706,-58.0,5.7464142380918455,71.68888888888888,8.508354645019924,-81.26086956521739,8.49919377917872
4874,90.27272727272727,48.800318384004065,17.916666666666668,11.287591515563548,-48.75,24.138920854089562,-122.33333333333333,74.48415193105772,133.27272727272728,60.8919921725657,-219.08333333333334,75.14703180358416
4875,37.74074074074074,7.0741710290039945,15.875,12.249362228295807,-11.303030303030303,5.2828186260220376,-62.9375,7.86184416978612,59.0,13.269290639445428,-86.3125,4.693329708213562
4876,23.96875,5.040364415148968,9.676470588235293,2.4097911580893348,-49.3235294117647,23.21855316492964,-87.125,31.32000492230698,49.5,14.779631253857453,-110.79166666666667,14.554435654542647
4877,31.666666666666668,10.85766498326822,12.96875,6.232397085993479,-12.885714285714286,11.754078753647127,-76.77142857142857,10.84721350468988,50.766666666666666,12.640367434884514,-97.8,7.956309266416002
4878,35.81818181818182,8.649591146247618,15.484848484848484,3.4999672043590087,-26.939393939393938,9.085250764336248,-75.54545454545455,2.362470574976724,61.54545454545455,15.671032742535855,-96.36363636363636,7.658697499113026
4879,43.51219512195122,10.43708666766109,16.414634146341463,5.574224696198753,-14.214285714285714,7.143214276786161,-67.02380952380952,1.9577452438734968,70.78048780487805,19.866029584931244,-91.30952380952381,11.754407674282982
4880,51.95454545454545,16.934304271419737,32.84,14.09873753213386,-11.88888888888889,2.318737417189912,-78.19444444444444,3.3484610432293653,62.63636363636363,15.824450168662919,-99.54285714285714,6.879962031219388
4881,42.86206896551724,1.279119792482166,14.586206896551724,5.359601383654999,-12.233333333333333,3.2112648944336906,-74.06666666666666,1.364632632697248,57.06896551724138,4.109962953795272,-90.7,1.0999999999999999
4882,55.77142857142857,12.615377723320092,16.114285714285714,6.241663828414566,-21.142857142857142,4.460255323523577,-70.76470588235294,4.7033081194448645,84.2,17.565876010037186,-102.0,13.788315599043399
4883,45.5,20.668413904635578,10.7,3.9425034347903023,-8.833333333333334,4.290169641815526,-62.53333333333333,30.268502146988084,68.6,16.560193235587562,-97.36666666666666,22.459568611667994
4884,46.958333333333336,20.580085776195286,19.52,13.275902982471663,-25.8,6.730032194078519,-76.51724137931035,7.271202953432939,67.0,18.255136263528684,-97.17241379310344,10.322619840936671
4885,51.96511627906977,14.156474132713985,26.957894736842107,15.290806174384784,-22.779816513761467,11.336680579950968,-66.01869158878505,7.541760755778844,69.63953488372093,12.594676607735282,-86.35514018691589,9.198996630015646
4886,37.7,4.136423575989287,14.2,4.2731721238443,-9.365853658536585,0.5298917312780593,-65.525,1.4315638302220408,55.25,11.217731499728455,-86.525,2.5395619701042933
4887,33.854166666666664,2.1601464392232503,13.395833333333334,2.65941396531057,-13.1875,4.250765862367236,-62.208333333333336,6.71117952043868,63.3125,13.24945950155452,-83.5625,10.43413119286891
4888,43.18181818181818,22.475514684442235,28.431372549019606,23.096774158905433,-10.8125,3.225266461860167,-47.38095238095238,12.119024230494787,64.75,20.578149267432366,-94.61290322580645,10.098474555370899
4889,50.3125,14.439754513725871,20.791666666666668,8.951159918630038,-9.173469387755102,2.7331133111365635,-63.79381443298969,11.898139977939284,69.03125,14.585561585720082,-88.0721649484536,16.451269761215915
4890,65.23076923076923,9.592896780381475,40.30769230769231,12.796541692580101,-12.705882352941176,6.256899306152821,-65.0,15.748015748023622,82.53846153846153,8.536035691434508,-103.5625,11.521549103744688
4891,56.916666666666664,9.490858174521884,22.115384615384617,15.539841903653093,-19.896551724137932,7.936579770544814,-79.65517241379311,10.68765276017132,80.66666666666667,6.400954789890506,-107.93103448275862,8.304261616712889
4892,48.333333333333336,17.30216978777747,17.714285714285715,11.028719466067875,-11.136363636363637,1.3244365713030422,-75.36363636363636,12.550065028971163,76.0952380952381,20.384178649850597,-102.68181818181819,21.88063976885079
4893,36.17857142857143,7.136693769469423,10.620689655172415,0.6110360395403224,-21.580645161290324,4.790947064758209,-78.90322580645162,1.729345181120027,59.892857142857146,15.24874534818775,-99.87096774193549,3.6077151690363385
4894,62.733333333333334,16.37260584703065,21.16,5.924052666882698,-56.08,28.523562189880842,-84.91304347826087,27.842590214771235,95.06666666666666,13.983164480506153,-127.04347826086956,23.98818234567862
4895,42.73913043478261,1.62098712020063,17.52,3.4423247958320258,-14.357142857142858,9.611058681518484,-86.28571428571429,1.6444092047459054,70.56521739130434,18.201352283628296,-106.55555555555556,1.4487116456005886
4896,55.75757575757576,15.380093988423662,30.12121212121212,16.5506707284347,-23.108695652173914,6.373273886928693,-71.93478260869566,7.26038139468026,77.84848484848484,16.899204234665074,-101.86666666666666,15.104966070799366
4897,41.333333333333336,8.972621495858192,17.416666666666668,3.053913700301449,-11.241379310344827,0.677478713944431,-71.57142857142857,35.19885202209682,70.04761904761905,12.537472178105922,-105.53571428571429,25.22680284206965
4898,35.15384615384615,7.130787209890756,16.804878048780488,12.931752398924095,-8.906976744186046,0.640274413857498,-53.95348837209303,1.5987420690509035,65.87179487179488,19.132707244977773,-80.5813953488372,5.973712017021238
4899,40.111111111111114,21.69883651657018,9.535714285714286,0.680448531544916,-57.035714285714285,28.753238504380615,-92.66666666666667,37.75652997238432,66.85185185185185,17.88378885969224,-118.9047619047619,28.956296727679216
4900,55.65853658536585,8.975874863529164,27.926829268292682,13.983248242446212,-27.416666666666668,23.292374765622807,-70.22916666666667,14.834137969749221,78.53658536585365,10.860754052282745,-87.83333333333333,12.292161007008582
4901,47.724137931034484,17.21646475730705,13.533333333333333,8.397354080634896,-29.866666666666667,11.359968701052344,-84.62068965517241,17.345204630165274,69.0,16.012925813337432,-103.10344827586206,19.991972229538412
4902,39.08,5.677464222696608,13.26923076923077,4.024518053398466,-25.0,22.841671030900322,-98.20833333333333,3.427574053013135,62.16,11.905225743344811,-118.04166666666667,6.791411038134041
4903,41.81578947368421,10.348799226449554,16.263157894736842,4.677404872735554,-15.210526315789474,5.120433239980476,-72.42105263157895,2.1476006066424382,57.89473684210526,15.857572445936244,-92.0,6.786208925382962
4904,46.93333333333333,17.680372042339933,20.78125,15.239205964796854,-18.606060606060606,15.407474364715236,-67.36363636363636,19.460633428630377,65.06666666666666,14.694519008422455,-88.78787878787878,19.963235263031034
4905,42.847457627118644,12.827160748130275,16.406779661016948,7.100056443002662,-13.05084745762712,10.567657291838517,-73.63793103448276,16.354582059474076,68.98305084745763,17.75300549911625,-100.0,14.504458292015858
4906,40.87179487179487,7.33862100921534,15.9,4.52658811910251,-19.523809523809526,2.5749534923039574,-69.35714285714286,21.623203397509535,66.38461538461539,18.19356801619087,-94.54761904761905,19.530443123922716
4907,35.38461538461539,11.173722343333807,12.076923076923077,8.434923176537108,-12.928571428571429,9.003684053242441,-69.85714285714286,28.457630517909912,55.92307692307692,12.10506275814786,-86.21428571428571,24.369707693389035
4908,29.8,1.469693845669907,12.857142857142858,1.319657758147716,-9.761904761904763,0.4259177099999599,-94.80952380952381,1.8674925286788169,51.25,16.315253599009733,-118.52380952380952,2.10710922760358
4909,42.875,2.6190408549696205,15.909090909090908,3.058655243865586,-9.323529411764707,0.5269550843284976,-73.82352941176471,1.4239668749306122,58.84375,6.235530124816975,-93.88235294117646,2.3359681943135033
4910,37.794871794871796,13.015138103583777,13.170731707317072,7.7298989960409346,-11.511627906976743,6.875545113351584,-90.69047619047619,16.06161958156046,60.41025641025641,16.880755161012456,-109.14285714285714,13.791942831770655
4911,45.96666666666667,15.725739692901216,25.06451612903226,12.941395158051415,-9.424242424242424,0.4942274675848512,-75.75757575757575,11.862930045927264,71.1,12.095040305844377,-102.84848484848484,13.191184411915572
4912,41.44444444444444,9.242948596926855,17.928571428571427,5.7004296293510786,-18.357142857142858,8.689954322230296,-75.0,11.798910361312426,70.29629629629629,15.836700963069614,-97.07142857142857,7.713293586995356
4913,37.16129032258065,7.886684467091017,16.454545454545453,7.240839182450864,-10.588235294117647,0.6910200073218078,-69.1470588235294,1.0882352941176472,60.903225806451616,13.091131789484688,-89.32352941176471,4.612773749155671
4914,43.77777777777778,15.17388920416407,21.821428571428573,12.719651756881026,-18.566666666666666,18.746881222100804,-98.84615384615384,27.717936858082332,63.925925925925924,15.141128501231648,-125.64,8.844795079593421
4915,40.26923076923077,8.313833200468187,18.81132075471698,11.829060161033201,-11.87037037037037,7.257298488026195,-77.92592592592592,8.401613275088462,72.28846153846153,12.421037579695708,-111.94444444444444,14.273021256989324
4916,55.97872340425532,5.6737145388339405,12.210526315789474,3.949402984441827,-22.103092783505154,3.7484967050928897,-65.92708333333333,2.283294365543396,75.63829787234043,8.789320240738233,-85.76842105263158,4.673447125328476
4917,44.36363636363637,12.473774141065489,18.40909090909091,8.194560784220286,-15.772727272727273,15.506396973747252,-76.76190476190476,22.89708811161213,62.18181818181818,14.43051175189181,-102.57142857142857,19.989453001333406
4918,48.910714285714285,7.679464233810022,17.796610169491526,8.658844133565871,-11.728813559322035,3.4238966228383623,-79.91525423728814,4.559542556572305,68.08928571428571,14.521261242096863,-103.37288135593221,9.94714558338773
4919,48.15384615384615,21.183615416877675,17.285714285714285,14.997278664709102,-19.11764705882353,13.957424138476085,-71.13333333333334,4.063933507767512,72.46153846153847,18.792860283446373,-99.06666666666666,11.868539178105376
4920,46.108108108108105,25.454552806578775,23.923076923076923,14.375254049723186,-15.566037735849056,11.276138496613209,-36.67307692307692,14.547959351805158,61.45945945945946,22.483140343551117,-88.92307692307692,10.201519784677172
4921,66.1,23.006303484045407,24.272727272727273,6.7902457994191145,-15.818181818181818,10.503836371173946,-43.59090909090909,21.14164156976612,92.2,24.82055599699571,-102.77272727272727,19.46309285471028
4922,43.3125,5.2107910867736775,19.571428571428573,8.167131737417154,-11.833333333333334,11.884864324004713,-72.94285714285714,6.85749999069989,61.90625,9.345317594255425,-99.2,6.126289951628847
4923,36.57142857142857,3.499271061118826,10.783783783783784,2.4838411310028183,-21.71794871794872,9.695224089788555,-75.61538461538461,3.6558024452557167,63.65714285714286,16.055160019922134,-99.12820512820512,4.51311187870601
4924,37.857142857142854,7.485132656429927,30.23076923076923,27.347208678130336,-14.407407407407407,13.40331429233846,-92.55555555555556,12.769562576496572,67.19047619047619,16.53169840500954,-116.70370370370371,5.338988771049597
4925,42.84615384615385,11.995807946279553,24.892857142857142,12.2192450249429,-19.71875,10.059927854487825,-61.34375,5.709692280456101,66.15384615384616,16.0807871690515,-79.875,6.66966078597705
4926,45.0,13.410885572990765,23.785714285714285,17.654131735855458,-13.806451612903226,6.850567929546872,-71.48387096774194,22.98649107872672,65.4074074074074,15.163941780272722,-100.3225806451613,21.800247256328188
4927,42.925925925925924,2.308212807538205,10.857142857142858,2.0824828195876073,-24.24137931034483,7.398299769326282,-73.5,4.387482193696061,66.5925925925926,15.249187614692572,-96.5,4.6866070578069285
4928,59.714285714285715,20.383566810506135,17.428571428571427,16.31701253168556,-12.333333333333334,6.599663291074443,-68.73333333333333,8.512474506406596,87.07142857142857,10.326555819925675,-96.33333333333333,15.282524515130202
4929,46.65384615384615,26.615412405499054,19.941176470588236,10.59672861969421,-27.685714285714287,23.701442305204523,-56.970588235294116,32.56982119378545,65.61538461538461,22.554339379642023,-102.94117647058823,24.211010106573884
4930,44.95238095238095,13.228670848815607,28.416666666666668,22.91999975761101,-18.142857142857142,7.872711847688489,-72.85714285714286,8.36111016942763,74.19047619047619,20.8820247321973,-100.55555555555556,10.570165328022473
4931,37.629629629629626,10.705305531814236,17.885714285714286,11.052527645156053,-10.63888888888889,1.6524859686373166,-68.91428571428571,13.30385857791733,64.11111111111111,13.005222123021804,-94.08571428571429,11.329787360434134
4932,42.3448275862069,7.859875677129292,17.603448275862068,7.378766496233996,-12.189655172413794,4.1082628955587746,-84.50877192982456,1.728226014880667,67.44827586206897,14.731121658014047,-105.49122807017544,4.554245395608651
4933,47.65625,16.550319813752846,17.484848484848484,10.383907164807772,-16.0,11.29601699715435,-72.85714285714286,19.02050451057318,66.15625,15.947392763003613,-99.51428571428572,20.445567355536895
4934,46.516129032258064,1.7573985125001594,18.34375,8.956873669841503,-11.96774193548387,0.40031205309647927,-83.89285714285714,4.700602436423029,66.61290322580645,7.307430682817534,-103.07142857142857,7.841868269690819
4935,50.19230769230769,6.36105476721269,11.076923076923077,0.3846153846153846,-16.074074074074073,0.5392673992059643,-87.62962962962963,0.7768954430890012,69.61538461538461,3.4980975387390996,-108.07407407407408,4.413161509964433
4936,40.30769230769231,2.12619614785927,13.73076923076923,3.3346397834259554,-24.115384615384617,6.36895670164711,-80.61538461538461,1.2733034890189883,64.92307692307692,17.094585460636534,-100.0,2.0568833780186058
4937,65.15625,19.936006017693213,32.97222222222222,18.337099781455674,-12.75609756097561,3.8112829144392424,-73.02439024390245,5.389636871237919,80.0,18.425525772688278,-95.58536585365853,10.978861306977988
4938,30.512820512820515,13.27204850548275,11.775,7.7119631093516,-11.048780487804878,6.991113591159661,-67.1,10.620263650211326,64.94871794871794,21.900648296163336,-89.23076923076923,9.582199143929595
4939,41.43333333333333,11.441687909667095,16.6,4.786090958879351,-10.066666666666666,2.365492666561356,-80.93103448275862,15.930735927938404,69.56666666666666,17.167184458210446,-107.6896551724138,6.803160767820945
4940,40.4,10.769091574192009,18.555555555555557,6.048160622336368,-14.789473684210526,4.6518694303124954,-65.6842105263158,4.365566600700573,65.13333333333334,10.118410063948891,-90.63157894736842,6.539036838104149
4941,36.025,10.850086405185905,11.833333333333334,6.970743851359756,-10.633333333333333,7.7077882690172554,-65.29885057471265,6.24612973046958,65.075,20.529110428852004,-84.87209302325581,5.451256547332463
4942,54.69565217391305,9.308410328060251,27.458333333333332,12.162028225405315,-10.0,0.3779644730092272,-75.67857142857143,11.260086181567463,85.26086956521739,17.448601267734272,-98.14285714285714,15.308061101716232
4943,43.67857142857143,7.348729586167411,16.285714285714285,10.706663955743847,-11.10344827586207,2.3539376780518637,-72.17241379310344,3.1080425763431037,67.39285714285714,16.708294103131372,-98.6896551724138,9.318514933762199
4944,42.68,1.9124852940611072,19.52,3.601333086511161,-13.066666666666666,0.6289320754704403,-70.7,7.912648102879339,70.4,15.589740215924062,-96.65517241379311,5.688923672935011
4945,45.392857142857146,22.73816691586808,23.21875,20.808253132771622,-26.09090909090909,29.995316438811955,-64.79310344827586,20.57011442870428,70.07142857142857,23.165443123368927,-94.89655172413794,29.20952233443651
4946,36.19444444444444,5.651054200788284,17.02777777777778,7.650294515431384,-9.947368421052632,0.944439918154019,-76.44736842105263,2.4354548739841793,71.83333333333333,20.633710281963346,-98.76315789473684,3.2641127635184404
4947,39.8125,1.6286017775994228,14.46875,3.278570334383571,-10.235294117647058,0.488624933112828,-71.79411764705883,9.304582715821862,58.65625,7.282725172454334,-95.0909090909091,2.9166568280038705
4948,31.357142857142858,3.340383700311406,14.586206896551724,3.3683848721381278,-9.548387096774194,0.4976531813077907,-64.19354838709677,1.8389926211276422,57.214285714285715,15.561759776674963,-85.0,5.230185341809353
4949,39.758620689655174,6.636654601860753,11.586206896551724,2.3855490422659282,-29.586206896551722,26.19096612005791,-78.84615384615384,25.88687268703566,65.6896551724138,14.479720535205287,-103.88461538461539,24.82295296863047
4950,53.03333333333333,18.81751548129797,23.060606060606062,18.120705374489543,-24.41176470588235,20.654180102568645,-57.06666666666667,24.095550534394427,77.66666666666667,13.407294863452341,-95.36666666666666,19.056903094562756
4951,53.333333333333336,16.33381923475495,29.576923076923077,24.187048468332538,-21.296296296296298,19.75744550667534,-75.25925925925925,19.3861206414635,70.61904761904762,17.008334624883712,-104.4074074074074,18.16846934839721
4952,36.107142857142854,7.626735332810147,14.482758620689655,2.41576274319131,-12.933333333333334,6.772165253611449,-73.0,12.32603076755687,55.035714285714285,14.041983332790538,-102.3103448275862,13.729162137018493
4953,43.42424242424242,7.3444693808800805,18.38235294117647,6.024531741053569,-9.529411764705882,0.6960093862470137,-77.97058823529412,10.880325725329797,60.0,13.098692972039522,-101.73529411764706,14.169787294533336
4954,,,,,,,,,,,,
4955,49.851851851851855,5.907958873598072,12.24074074074074,0.5068123030890375,-17.828125,2.169062927712103,-71.52380952380952,1.2325884862423604,86.64814814814815,9.551337713964482,-88.04761904761905,2.163393655542962
4956,48.078947368421055,7.747262942645814,20.894736842105264,5.866001389291428,-21.94736842105263,7.384006074372581,-73.72972972972973,8.20892279415926,62.5,9.967711029012365,-94.48648648648648,10.260450497516157
4957,42.0,6.914220969343056,18.235294117647058,11.373495565747719,-17.742857142857144,16.357336243398304,-75.79411764705883,6.392916170467885,61.29032258064516,8.659112479244035,-98.58823529411765,6.557966179786605
4958,35.21739130434783,15.942714082775924,14.565217391304348,13.774033815895645,-55.05,48.96373658127002,-77.53333333333333,20.43156599208413,67.0,15.550758404544833,-118.0,19.252705437591537
4959,49.63636363636363,6.197840199657931,30.272727272727273,11.600085494127807,-8.916666666666666,1.552328000849763,-69.0,18.663690238892556,67.9090909090909,10.03135579936998,-92.18181818181819,18.054554609537185
4960,48.41379310344828,13.348168520577852,23.333333333333332,16.196217469442065,-20.0,18.25202354908528,-67.6923076923077,19.721332776195123,72.93103448275862,17.252548106619635,-94.12820512820512,18.521199893537784
4961,41.03448275862069,13.476627938565727,15.1,10.004498987955369,-9.212121212121213,0.5369710650505863,-72.93939393939394,7.811954296827449,65.79310344827586,14.057466565163077,-92.03030303030303,7.933377317747366
4962,41.68518518518518,9.723633054600592,15.473684210526315,11.355662105979963,-14.049180327868852,10.072566588948089,-73.75409836065573,5.883167814307933,63.574074074074076,14.515128572492719,-96.70491803278688,4.638909786757533
4963,39.592592592592595,16.395405693253366,18.63095238095238,13.981943936228168,-22.6,10.082249982314579,-67.29411764705883,11.185940260683092,65.98765432098766,19.65724433870671,-90.63529411764706,14.230743074165401
4964,35.87012987012987,1.1321815437767984,13.935064935064934,2.6449543355872667,-13.597402597402597,4.221957877387553,-65.96103896103897,1.4721797465915112,52.94805194805195,14.856802284716974,-84.71052631578948,2.1813551405737397
4965,42.96666666666667,14.71843137777332,20.285714285714285,10.191232726701708,-10.371428571428572,0.8971610553204332,-79.88571428571429,15.27981194456347,58.333333333333336,13.821078909485403,-101.94285714285714,12.512720058616594
4966,36.608695652173914,6.112987815938061,15.076923076923077,8.735088731542971,-17.25925925925926,26.53103367001465,-81.61538461538461,21.59785766277067,66.73913043478261,15.582089471163187,-109.46153846153847,19.03080654184515
4967,27.093023255813954,11.383002329030552,11.88888888888889,9.911210761830873,-48.48888888888889,9.159384312695604,-75.70731707317073,9.625281503489434,46.395348837209305,8.545744309803867,-98.9,11.146299834474219
4968,40.535714285714285,2.8595971601551406,17.321428571428573,3.4646538832345497,-20.8,6.487937525387659,-81.13333333333334,2.2020192753218324,64.75,14.691165955868076,-101.6,4.28641264151427
4969,55.8,10.107423014794621,20.307692307692307,8.747611677433538,-25.214285714285715,10.171237959690702,-66.75,25.31509760334071,73.2,5.362835071116769,-93.41666666666667,28.332720581609447
4970,38.55555555555556,8.31479419283098,19.724137931034484,8.657850938744946,-20.107142857142858,15.508843757478425,-69.70370370370371,7.482398183662453,70.22222222222223,20.347596697350394,-88.37037037037037,10.621948444222213
4971,50.45945945945946,9.027269781490743,21.772727272727273,9.216742760185836,-10.083333333333334,5.985514922618511,-56.82608695652174,2.760783976763051,65.24324324324324,8.826879726018106,-73.67391304347827,4.374105363565103
4972,40.1078431372549,0.9692008305319817,15.961904761904762,8.575628600615328,-9.019047619047619,0.275368234186685,-61.61904761904762,1.1902856990451804,75.82352941176471,5.81143525302617,-79.5904761904762,1.1014729367467397
4973,43.75,20.555890709408406,13.064516129032258,17.26442451395722,-34.93939393939394,28.878994561885595,-72.14285714285714,26.775140770223906,74.10714285714286,15.190079670895845,-100.67857142857143,11.110013409496123
4974,42.62068965517241,16.38420979354386,22.620689655172413,13.699770431259179,-17.705882352941178,11.848378920552072,-77.17647058823529,15.649601739407817,58.758620689655174,15.98416279216614,-96.12121212121212,13.761513253113215
4975,33.972972972972975,1.4423420609866304,13.027027027027026,3.3408728952135016,-17.216216216216218,3.4573473282048397,-72.64864864864865,1.7739285493429124,61.810810810810814,19.23937100426839,-93.45945945945945,3.492034136505344
4976,43.8,2.6758176320519302,22.838709677419356,4.378074213502851,-10.290322580645162,0.5788502724169795,-69.12903225806451,15.374343805527841,63.166666666666664,11.186549463033224,-92.2258064516129,11.958826346069344
4977,38.76,1.68,15.076923076923077,1.7303418275695372,-9.678571428571429,0.46702488680792925,-78.21428571428571,10.272561034332268,57.28,8.901775103876755,-98.60714285714286,6.805141363674369
4978,40.027027027027025,12.007849879516286,18.43243243243243,8.487002910780506,-18.526315789473685,6.205841230160599,-76.76315789473684,16.763736253759053,65.56756756756756,21.03991128917243,-102.84210526315789,15.477532639942925
4979,65.94117647058823,22.30924521684516,48.44,24.442716706618356,-27.142857142857142,13.426291599784692,-108.0,20.372457805503906,81.94117647058823,15.20244016107977,-122.44444444444444,20.561260469600725
4980,38.111111111111114,17.09739710173221,22.59090909090909,19.978759382060762,-9.863636363636363,6.890675217907,-63.54545454545455,18.187726312811947,60.666666666666664,17.146428199482248,-94.18181818181819,14.849659817457601
4981,35.93617021276596,15.797123701725685,16.666666666666668,9.519158528198135,-9.688524590163935,1.0945615726310554,-63.721311475409834,17.174257468417885,66.42553191489361,21.99975307487255,-104.0327868852459,11.491931899843808
4982,50.46153846153846,22.333539402623146,24.823529411764707,19.640100916590036,-27.775,24.498456584038106,-58.39393939393939,26.33115379619266,79.73076923076923,16.449357463036225,-101.33333333333333,16.790449425765587
4983,45.758620689655174,10.02636239745448,19.516666666666666,17.81898955858297,-25.333333333333332,16.92302836045868,-76.94736842105263,10.431768369763887,69.62068965517241,16.231968867561296,-96.50877192982456,9.113558064614873
4984,23.714285714285715,5.091008480344418,8.875,0.9270248108869579,-65.375,15.0493978284847,-108.0,15.362291495737216,54.714285714285715,15.266342865591481,-142.14285714285714,20.138297356235537
4985,30.555555555555557,13.49165265480937,9.333333333333334,0.7453559924999299,-42.22222222222222,28.064520019957893,-79.23529411764706,35.34124304842166,52.388888888888886,15.832943464985659,-103.875,25.32260600728132
4986,54.0,4.320493798938574,19.939393939393938,8.506465968253455,-22.02777777777778,7.224518865606634,-75.84615384615384,23.89511103470638,70.63333333333334,6.348140585154749,-91.53846153846153,18.907122730358218
4987,38.857142857142854,4.421653583012046,14.448275862068966,2.1748754525822727,-18.515151515151516,6.876050716937132,-73.6969696969697,1.8502227299968177,59.464285714285715,11.893822354654606,-91.75757575757575,5.710332490613108
4988,50.142857142857146,8.802249248728117,18.689655172413794,11.980165931370188,-11.586206896551724,0.6168463386206317,-77.03571428571429,1.8989121482940634,70.89285714285714,12.384723555696365,-95.35714285714286,4.457852507608551
4989,33.73076923076923,8.382939140841549,15.464285714285714,3.178972687353381,-16.06451612903226,2.723085108439391,-77.70967741935483,8.20776009045058,63.84615384615385,16.437977387492538,-112.25806451612904,4.007796771741252
4990,28.923076923076923,4.714324137244481,11.275862068965518,6.42138964294274,-65.96551724137932,19.20934176226135,-107.23076923076923,7.287015281716948,54.38461538461539,8.923076923076923,-128.23076923076923,10.459841491326177
4991,44.77142857142857,15.96618876480763,20.94736842105263,8.246043288565582,-9.325,0.4683748498798799,-65.125,15.284285230261833,68.4,19.88136241379276,-95.07692307692308,9.188578795229112
4992,33.30769230769231,11.20703498415592,14.846153846153847,2.957289659498629,-12.666666666666666,12.47219128924647,-72.41666666666667,2.2897719440056807,62.15384615384615,23.608493106201465,-93.83333333333333,7.278201853632683
4993,52.07142857142857,6.0351859447539065,26.03448275862069,12.183886358688136,-9.5,0.7187952884282609,-78.56666666666666,10.232899013584676,76.07142857142857,12.014659413247074,-98.36666666666666,1.601735170231195
4994,42.888888888888886,22.41747554646917,11.310344827586206,11.380877635014045,-59.58620689655172,31.8135920219095,-104.82758620689656,23.87621665506932,76.88888888888889,17.716561269328665,-126.03448275862068,16.80205808128707
4995,170.95,47.95255467647162,30.9,5.430469592954186,-38.55,17.735487024606908,-134.7,95.15886716433734,218.05,21.797878337122633,-299.55,26.947124150825445
4996,52.45945945945946,19.908703236842946,21.475,13.594093386467522,-13.95,11.12867916690925,-48.1,29.091923277775912,73.13513513513513,19.625083456062402,-89.95,28.95682130345111
4997,40.298850574712645,10.917785702963444,18.147727272727273,9.607690779133039,-10.797752808988765,9.683972366380916,-62.84090909090909,6.83554607055242,59.310344827586206,15.578728752252745,-81.19318181818181,9.3052501731616
4998,43.132075471698116,5.853680460846856,7.415094339622642,0.8781189643939696,-6.867924528301887,6.4194214041543765,-59.43396226415094,24.853919955022214,65.75471698113208,2.532100778772951,-84.43396226415095,18.24726336055682
4999,34.94117647058823,16.411870124055277,13.736842105263158,9.62366658029846,-51.89473684210526,41.706865188816536,-102.22222222222223,49.31030493557616,67.0,16.287851842617517,-141.11111111111111,32.27811244806419
5000,47.476190476190474,4.170406484916442,15.046511627906977,5.048386748407128,-25.910714285714285,5.018810280599682,-83.50909090909092,1.346682486337542,73.19047619047619,13.427473781549342,-105.10909090909091,1.894227856820219
5001,44.06060606060606,14.726680372175045,19.405797101449274,11.498353808552697,-12.791666666666666,9.712445481042467,-68.21126760563381,11.842767440370391,73.53030303030303,21.255458975797467,-97.19718309859155,11.570506116128902
5002,55.56666666666667,8.562255673724199,23.566666666666666,3.1057294723712747,-35.16129032258065,8.301172766712519,-112.66666666666667,8.576453553512405,76.46666666666667,12.074030901990529,-132.0,4.320493798938574
5003,46.46666666666667,12.076791332505866,17.53125,9.16168780506627,-9.82857142857143,0.5598833697790122,-73.61764705882354,4.087388824768729,65.93333333333334,8.767110254937041,-93.79411764705883,4.261865179670584
5004,47.86363636363637,19.732979903394437,19.44,18.757569138883643,-12.392857142857142,3.6580565264933242,-70.96296296296296,13.92168966299358,67.5,19.569805127473106,-91.48148148148148,15.859032641486403
5005,52.4,13.54400236266961,22.033333333333335,10.268019391402717,-23.666666666666668,11.77096238867305,-76.79310344827586,18.95617324677405,75.56666666666666,11.295082509166939,-103.13793103448276,18.075939691185674
5006,44.3,15.21873844968761,27.615384615384617,25.25116436474065,-26.4,15.252540771950095,-83.71428571428571,15.885431652161996,77.1,22.042912693199145,-113.07142857142857,19.49528985500375
5007,43.611111111111114,2.1118419787498013,14.0,0.7453559924999299,-19.0,7.8913070699806935,-78.13636363636364,1.486162065842892,65.44444444444444,11.499865807053876,-97.47619047619048,2.5188630772263223
5008,51.32142857142857,14.407472196816512,15.689655172413794,7.330161819147449,-15.933333333333334,11.310565365572531,-76.63333333333334,2.301931556082606,70.07142857142857,12.34020308766829,-100.56666666666666,9.721739670564226
5009,28.289473684210527,10.913313681575607,10.35897435897436,7.464401600647759,-49.725,15.39640786027702,-87.73684210526316,13.419710975251284,54.60526315789474,13.368343348302973,-113.1842105263158,16.758117064116306
5010,40.11363636363637,8.811706854290511,12.422222222222222,11.580613856093752,-13.866666666666667,10.58636439534891,-100.37777777777778,5.941525763224605,65.27272727272727,22.233639170045954,-122.08888888888889,9.027912819502811
5011,52.4,22.066717019076492,28.09090909090909,25.884198568570557,-25.166666666666668,11.152976682881071,-73.0,8.86942313043338,90.65,21.72619386823196,-102.625,18.295747456717912
5012,39.67741935483871,2.8442028961493064,15.5625,3.6906765978611564,-22.235294117647058,3.0875349345907552,-73.88235294117646,3.5043225902603483,63.0,9.850495320770227,-96.8529411764706,10.166647758410765
5013,32.888888888888886,18.471867164507486,14.444444444444445,5.479479113750202,-24.11111111111111,19.99691334206048,-68.625,39.41426613549972,56.55555555555556,20.144539437172607,-95.625,30.821816542832124
5014,52.64705882352941,3.1048572283286227,20.91176470588235,9.891671027149181,-11.457142857142857,8.121726970268814,-58.285714285714285,8.371964877994136,69.70588235294117,4.662298169513967,-87.37142857142857,9.48709112210817
5015,50.96,8.12147769805471,17.17241379310345,14.263696298808291,-26.09090909090909,12.148983337845625,-73.875,2.7698149757700423,72.64,9.874735439494064,-93.34375,6.498121723813736
5016,36.28125,4.207392118343618,15.363636363636363,3.7884848000077564,-12.114285714285714,7.206233129615454,-72.4,8.809734875206438,59.15625,13.615499841632698,-94.82857142857142,9.16978178361861
5017,45.425,6.655401941280481,19.5,6.0456596000767355,-17.15,15.146864361972742,-65.87179487179488,4.231623845307949,70.125,18.675100401336532,-88.43589743589743,5.39608058993473
5018,50.391304347826086,13.37011310294843,25.458333333333332,14.326488191070725,-12.857142857142858,10.128158363529606,-70.42857142857143,12.490649563998351,66.56521739130434,13.124242709271703,-92.88571428571429,13.166562472678233
5019,51.648148148148145,2.554280411876615,23.51851851851852,7.63699752118239,-19.345454545454544,7.127968426157451,-77.34545454545454,2.3371947584322053,67.61111111111111,5.478634145365561,-100.63636363636364,3.407817944153688
5020,42.51428571428571,12.51826420776899,16.142857142857142,4.085814184592883,-11.657142857142857,7.851998315780539,-70.51428571428572,10.524451607217028,63.457142857142856,17.490148830768963,-94.82857142857142,11.721739788677677
5021,40.74,2.3648255749631937,17.0,4.826397999239062,-17.245283018867923,7.483076908213622,-82.83018867924528,1.5987713331558389,73.74,18.919630017524124,-101.90566037735849,3.048440064697466
5022,47.81481481481482,18.277768396560315,21.37037037037037,12.046662817893218,-10.75,1.4047114599497954,-83.82142857142857,14.220341495368457,72.5925925925926,21.17171288799744,-108.21428571428571,18.996911671669807
5023,89.14285714285714,33.07968116718251,25.4,11.80847153530041,-23.666666666666668,21.315617644242813,-60.86666666666667,30.819618571437395,138.42857142857142,33.746352788569794,-121.93333333333334,39.43005058187079
5024,47.90196078431372,17.824036317992867,21.46551724137931,11.447354034344958,-18.440677966101696,2.308944923337504,-90.84210526315789,8.008305937520099,71.0,14.78472980118736,-116.12280701754386,10.932119383994838
5025,57.7,9.132907532653553,21.363636363636363,16.880719110451146,-16.576923076923077,12.038953049686022,-82.0,6.34277299221478,80.3,10.658799181896617,-106.6923076923077,6.3776607163612695
5026,42.18518518518518,10.158145926762922,18.428571428571427,13.37489271366469,-11.89655172413793,3.5944864635966836,-80.82758620689656,11.83236055242437,69.07407407407408,20.759515312128872,-108.34482758620689,17.838887900370853
5027,58.170212765957444,16.10645324473838,21.729166666666668,12.894991895004132,-10.10204081632653,0.646652225214484,-56.714285714285715,15.725969682311472,77.97872340425532,11.357796762861778,-89.93877551020408,18.852172681872915
5028,50.388888888888886,18.523675207956884,26.954545454545453,18.482122253009976,-35.03448275862069,27.539918060906185,-81.11111111111111,13.801055604643768,76.27777777777777,19.37296385159126,-105.23076923076923,15.34552726694628
5029,43.32142857142857,7.131687695612807,19.06896551724138,13.180264856537068,-14.8,7.520638270785265,-83.06666666666666,15.686370587941056,64.75,12.342218485461078,-109.0,15.99583279065728
5030,37.458333333333336,8.808041622416543,13.88888888888889,9.073091405597157,-22.724137931034484,19.331761522613036,-73.03703703703704,11.506782159461217,62.458333333333336,15.43799200745428,-94.51851851851852,10.864043208780497
5031,47.7,15.16388252834126,25.516129032258064,15.265121467014454,-24.375,15.416610360257536,-60.1875,27.695258506646944,61.3,16.484639314626612,-86.59375,24.875765534702644
5032,48.57142857142857,6.904597699196899,26.7,18.638937737972086,-15.166666666666666,9.923317097736131,-74.08333333333333,11.989289201431232,68.42857142857143,10.621503025966346,-99.75,13.298652813975806
5033,79.89473684210526,13.492277467000797,34.175,17.48411779301432,-10.292682926829269,0.5057668622762859,-70.8,17.95577901401106,94.21052631578948,7.5712680393043605,-101.075,14.132210548955177
5034,35.23809523809524,21.45516867886498,10.555555555555555,3.095197394929804,-31.177777777777777,25.103597696026572,-69.6829268292683,31.202281830559613,52.976190476190474,22.70880686643515,-99.02439024390245,16.8472155980947
5035,47.875,15.30063315683374,26.071428571428573,18.696692930318246,-23.266666666666666,14.612627720190812,-81.82758620689656,8.979167327639061,63.708333333333336,15.608435664373573,-104.72413793103448,11.8783969420124
5036,46.75,12.512493756242199,27.7,18.52322866025251,-28.615384615384617,16.69425724170054,-86.05,26.371338608421073,64.5,12.404636230055278,-107.1,23.695780215050945
5037,38.214285714285715,21.49810148238534,16.096774193548388,9.113459874520505,-37.5625,28.39227172577073,-65.11111111111111,39.0273724771363,59.5,19.064739329827873,-100.76923076923077,23.339151148474983
5038,44.18518518518518,9.49088075777475,14.62962962962963,3.334979017626794,-23.535714285714285,13.11618994889561,-94.18518518518519,21.362891046265137,64.29629629629629,14.020658870804459,-117.37037037037037,16.62472087907855
5039,52.34615384615385,8.75716105952638,13.62962962962963,5.774452984502791,-10.432432432432432,2.7757690976146523,-79.0,2.1473497877875207,72.53846153846153,13.901385567994982,-102.80555555555556,4.254536431494456
5040,33.59375,1.6744285405773518,14.0,1.9039432764659772,-10.34375,0.5367363761661771,-69.28125,8.71863799211207,54.5625,13.740763943463987,-91.9375,11.093177802144885
5041,35.588235294117645,17.470340659762936,17.98701298701299,18.97947866929629,-48.96052631578947,17.23860477126365,-80.21052631578948,24.395489115749985,53.3235294117647,19.72564855898696,-111.29333333333334,15.16994689802469
5042,57.84615384615385,21.280228528677547,17.974358974358974,9.99355479344557,-15.375,13.26402559557241,-77.57142857142857,31.505360735945253,74.0,18.687717068458877,-100.8,28.65638796897773
5043,41.16393442622951,9.033962019302045,16.238095238095237,9.559694299612348,-10.507462686567164,0.5289565715423686,-57.06060606060606,1.9138948696531064,65.70491803278688,15.539842249020063,-78.13636363636364,3.550016490087026
5044,47.375,18.51983733729862,20.0,15.804359454839597,-24.037037037037038,12.423041559586801,-77.03703703703704,1.477773136537778,85.0,19.704060495238032,-102.14814814814815,4.402892178285505
5045,44.96153846153846,13.078110805789983,21.79310344827586,13.659351502617431,-12.96875,0.9180269263480239,-75.61290322580645,10.431581760351246,72.15384615384616,9.674281160702916,-99.35483870967742,8.161864062454448
5046,40.89655172413793,7.345394182452053,13.448275862068966,4.173696012727657,-9.4375,0.5555121510822243,-85.59375,6.3189169117420745,68.0,13.331321687328472,-105.625,6.127550489388072
5047,35.25,8.845903006477066,15.93939393939394,6.906033347905839,-11.764705882352942,0.6443794794178425,-69.55882352941177,1.7182613728210037,51.9375,11.669772652027117,-90.3529411764706,5.109865618937412
5048,34.10526315789474,2.17388172926983,18.952380952380953,16.924133769705186,-9.08,0.9346657156438337,-79.56,1.5512575543732254,64.52631578947368,20.72214279981842,-101.84,1.0461357464497616
5049,44.4,9.291931984253868,20.121951219512194,8.040128387372016,-16.84090909090909,12.65978454114047,-77.34883720930233,18.457851069119023,74.1,14.578751661236293,-97.11627906976744,18.069902127539713
5050,57.6551724137931,4.443327908370929,20.82758620689655,5.126462553411844,-23.714285714285715,7.897816799855618,-81.94285714285714,1.2860317068487885,78.41379310344827,6.69285383890295,-98.62857142857143,4.561238643086291
5051,44.92307692307692,18.743046047746056,17.25,13.36740438529485,-22.7,14.269197594819406,-66.8,23.11622806601458,60.61538461538461,18.15547580690597,-93.1,23.628161164170184
5052,52.0,12.695872761853956,24.178571428571427,11.582170939572139,-12.892857142857142,7.5324976208534755,-81.03703703703704,11.982955430547179,70.85185185185185,13.05459676017014,-103.70370370370371,14.42429744053239
5053,30.791666666666668,2.516266524480708,11.208333333333334,0.705878097754059,-14.652173913043478,4.289610255450639,-92.0,1.6939791077198396,61.125,19.03792815233142,-113.21739130434783,2.4129455522628884
5054,35.3728813559322,12.412266083391325,11.403225806451612,5.505011433638927,-16.285714285714285,2.0426295799549727,-82.08064516129032,14.288838851103304,62.05084745762712,16.928988005047316,-112.38709677419355,14.999306262140042
5055,41.52,2.1562931155109686,14.615384615384615,2.0953597649040363,-10.310344827586206,0.46263475396547366,-78.0,1.0170952554312156,68.36,14.03675176100226,-101.20689655172414,2.074131481630699
5056,25.844660194174757,5.58562176624948,10.368932038834952,0.5743766779708365,-52.56310679611651,9.429009052230315,-84.23863636363636,10.668554385948942,52.14563106796116,8.722705297586831,-101.26136363636364,11.136033158361744
5057,47.125,17.947405801396478,21.689655172413794,15.534396647164598,-12.966666666666667,14.332906970402837,-82.16666666666667,22.62311993416371,66.91666666666667,19.113513253425936,-110.5,17.155659901812772
5058,61.21951219512195,9.959704656023547,38.42857142857143,8.00934827960088,-35.592592592592595,9.460480213554503,-85.5,15.330773258242788,80.73170731707317,7.874083423992614,-99.19565217391305,13.027762271090937
5059,50.885714285714286,2.289995989658729,23.555555555555557,7.158694963486495,-10.756756756756756,0.5405405405405406,-73.91666666666667,1.7380544678845176,67.4,5.856376256452693,-95.30555555555556,3.134214809028858
5060,35.5,3.0083217912982647,11.5,2.6832815729997477,-12.024390243902438,7.652475463910909,-72.70731707317073,1.8642189555142794,57.45,17.804423607631897,-92.58536585365853,2.1861605697850304
5061,53.016949152542374,7.969202425744956,20.766666666666666,10.042188783106777,-20.464788732394368,5.7868987192063335,-77.87142857142857,2.540649121619054,70.2542372881356,9.635023014298785,-99.55714285714286,5.181383472961402
5062,32.63013698630137,2.888365178763289,14.472972972972974,8.867223236063728,-8.746666666666666,0.46456670373824926,-73.56756756756756,1.1977578273600182,67.06849315068493,26.015447869802117,-91.97297297297297,1.9519427119208417
5063,42.758620689655174,20.945998173322113,8.882352941176471,0.718032683278453,-20.529411764705884,6.992581338220265,-62.970588235294116,22.08204659914747,62.206896551724135,18.79541270215876,-96.02941176470588,18.77809314086285
5064,55.13333333333333,24.14640529952417,26.585365853658537,24.372090805509583,-12.744186046511627,9.46743014971884,-65.07142857142857,17.18303822730685,77.93333333333334,15.429265122559215,-92.90243902439025,17.756901616745242
5065,35.53846153846154,7.281328963814912,12.366666666666667,2.7626476833324625,-9.125,0.5994789404140899,-65.25806451612904,4.805693813394246,59.5,16.25576820700886,-88.12903225806451,6.474475619488155
5066,36.81818181818182,3.7128323375749344,11.521739130434783,1.7905443723455654,-9.448275862068966,0.49731741730537776,-74.78571428571429,1.2058530725810093,70.18181818181819,21.63254358943396,-96.82142857142857,1.9649349576398458
5067,49.54545454545455,11.332685121634489,24.037037037037038,16.58754883658329,-26.545454545454547,24.478922175087583,-78.62962962962963,17.760021997292327,78.72727272727273,16.6027977329721,-107.14814814814815,21.175988679885638
5068,71.48,10.084126139631534,30.625,9.635430341045637,-13.0,1.0087337902782492,-68.78947368421052,1.1353466447272587,77.88,5.602285248003711,-86.0701754385965,2.621501171137242
5069,57.07692307692308,16.93408732732495,20.53125,15.491901866378447,-8.8,1.268857754044952,-63.35897435897436,17.449542172360385,81.07692307692308,17.877624771082463,-89.15384615384616,19.999408275270216
5070,44.36842105263158,9.58733005100613,20.525,13.061369568310973,-11.794871794871796,6.247787248009008,-74.84615384615384,3.109443527908882,71.94736842105263,17.716996550177537,-97.43589743589743,4.0937405113289715
5071,39.7,3.1320919526731648,12.2,3.249615361854384,-23.741935483870968,4.957677278306613,-78.6774193548387,1.2018023232385264,69.96666666666667,14.478681646552708,-96.19354838709677,2.933888258297309
5072,42.266666666666666,15.266375543075776,16.333333333333332,7.340905181848414,-20.705882352941178,5.943505658748122,-66.6969696969697,2.9282826540674023,61.233333333333334,14.573225068216331,-89.57575757575758,5.619394462310745
5073,39.583333333333336,18.293707175480378,13.923076923076923,13.702675417941837,-25.26923076923077,20.72634461130919,-77.375,11.07855473426024,62.708333333333336,16.29539599259728,-109.29166666666667,5.003991462378363
5074,37.92156862745098,3.0986596549242025,14.215686274509803,2.467941314729519,-24.403846153846153,7.262283004528936,-84.9423076923077,1.0815491300491433,61.13725490196079,11.558919156749903,-102.40384615384616,3.175989339406489
5075,43.088235294117645,8.114502801117427,16.714285714285715,4.966006895866731,-24.714285714285715,12.323198630623299,-75.74193548387096,13.476305950087129,61.55882352941177,9.390831500084312,-99.12903225806451,12.320300413921816
5076,32.774193548387096,18.069239013948103,10.161290322580646,7.322509591811021,-46.354838709677416,15.83085673531238,-85.42307692307692,22.825716059073976,54.58064516129032,18.415936635545098,-107.57692307692308,16.921022602584035
5077,35.575,8.910352125477422,11.2,0.9797958971132712,-22.675,7.212445840351246,-80.1,2.5573423705088847,70.15,17.04046654290897,-103.15,8.014206136605171
5078,57.125,13.223440361721302,28.31578947368421,18.7421636440658,-22.78048780487805,6.940556648519966,-82.975,5.106307374218673,88.84375,9.257123523940901,-104.025,6.129794042217079
5079,41.945945945945944,14.178296977643944,15.157894736842104,10.890667940922906,-8.8,1.268857754044952,-96.6,2.808914381037628,62.945945945945944,15.983007777596171,-115.5,5.343220002957018
5080,48.61764705882353,9.058680289165462,16.08823529411765,9.287460385661136,-28.195652173913043,7.066822560133254,-91.42222222222222,1.0432617417160446,81.70588235294117,17.62773451755651,-113.08888888888889,6.03258640762253
5081,45.51851851851852,1.6637835144604596,20.035714285714285,7.830718553314536,-13.451612903225806,2.894251362084897,-79.16129032258064,5.924779969746248,62.51851851851852,10.192118852039624,-104.93548387096774,4.689972032869139
5082,33.25,10.391703421480042,17.235294117647058,7.448090254750313,-53.25714285714286,11.422641318621432,-91.27272727272727,16.05440131717444,61.7,11.777520961560628,-110.0909090909091,13.790342770178277
5083,45.17857142857143,18.071393280597952,21.5,14.661660401001168,-21.814814814814813,10.288566242974618,-76.25925925925925,5.074209243941676,66.89285714285714,18.02050277900601,-97.07407407407408,9.767390666854556
5084,46.42857142857143,17.550800900383376,25.032258064516128,18.448680118831025,-25.93548387096774,10.72210705060244,-78.19354838709677,4.19230750871864,63.67857142857143,18.124674522060033,-103.09677419354838,8.402591146858779
5085,52.26923076923077,2.228447067210919,24.428571428571427,5.394630739571202,-38.28125,13.711843363950013,-85.96296296296296,13.661195331577582,67.96153846153847,6.969608582049802,-103.85185185185185,14.809165589577747
5086,45.31818181818182,5.926721948754745,15.2,6.56048778674269,-24.2,12.6206180514268,-74.32,12.99452192271805,68.36363636363636,12.24204919917582,-97.36,14.019643362083073
5087,42.8974358974359,0.7440316988998414,13.275,3.293838945668109,-9.073170731707316,0.3414634146341463,-67.58536585365853,0.9099882003013477,58.69230769230769,7.703325442929463,-87.26829268292683,1.7533854395718464
5088,57.4375,13.97752101590264,21.333333333333332,5.725188012439222,-17.31578947368421,13.07489612147101,-41.611111111111114,20.987135977622337,74.6875,11.846511881140373,-92.33333333333333,17.346149108343585
5089,37.163636363636364,18.517572623531645,14.836363636363636,10.77499400778342,-29.57894736842105,17.89241471001398,-61.25454545454546,21.512126121049356,56.054545454545455,19.758927263684388,-87.16363636363636,19.86935844356022
5090,44.833333333333336,13.16139134826642,19.46153846153846,19.083280578378975,-17.74074074074074,8.733047461786846,-100.42307692307692,15.201652432758438,67.29166666666667,12.911490898506733,-117.28,12.091385363141809
5091,57.705882352941174,27.303877565353353,23.695652173913043,17.01261624592734,-27.84,20.893405658245378,-56.0,29.18492761683674,77.58823529411765,25.374973366614622,-101.12,24.611086932518848
5092,67.625,26.80455884733043,33.111111111111114,24.080625889080967,-10.3,1.0999999999999999,-88.9,21.53346233191495,91.375,25.63658274809652,-115.33333333333333,22.852182001336814
5093,50.06060606060606,8.79372846059913,21.416666666666668,16.002386974726267,-22.805555555555557,21.29791257956783,-78.08823529411765,34.42072532907944,81.81818181818181,15.25034434872934,-109.60606060606061,26.69574860482628
5094,48.886792452830186,14.611523466549544,25.157894736842106,15.438377191424916,-27.526315789473685,13.878046860859307,-64.2909090909091,18.978143148247455,66.77358490566037,11.09587975447688,-83.85454545454546,16.035662734631302
5095,43.9,14.396180048887969,16.7,7.702596964660685,-23.8,11.340194001867868,-83.32,20.410232727727532,62.2,19.386593305684215,-110.20408163265306,17.36520047168784
5096,37.12903225806452,3.7221389574160524,12.875,2.4717149916606487,-23.058823529411764,7.012346995166657,-76.38235294117646,2.4735626352948175,53.903225806451616,9.260930207265908,-95.11764705882354,4.625789000314706
5097,51.58,24.983266399732443,24.60377358490566,21.671074210988486,-14.052631578947368,13.34649050740553,-72.65789473684211,7.147971062106305,82.12,22.155486905053564,-95.26315789473684,10.111702991886277
5098,43.54,12.943276246762254,20.94,13.477996883810295,-18.83050847457627,11.875273473922048,-73.13793103448276,6.460618834088704,71.38,19.096481351285632,-97.1896551724138,13.0693863093025
5099,47.30434782608695,11.102035781230066,16.47826086956522,4.8262828005699685,-24.56,9.583652748300096,-80.48,2.4838679514016038,75.17391304347827,15.035182432383296,-104.64,11.302672250401672
5100,30.88888888888889,16.016966313148796,9.185185185185185,0.4743054990690999,-49.07692307692308,19.473696415190567,-94.16666666666667,16.772166096111604,53.03703703703704,23.424396085312235,-116.20833333333333,13.006341935977062
5101,55.0,12.85230789320806,26.44,17.928926348222863,-11.892857142857142,1.1445300256401474,-82.96428571428571,2.3525387936249222,75.5909090909091,16.305768892436618,-106.71428571428571,6.760479393700795
5102,43.03030303030303,8.41889954834611,19.457142857142856,12.192135303764724,-11.583333333333334,6.465184538055438,-67.22222222222223,14.99094376821314,59.121212121212125,15.835819726479272,-86.41666666666667,14.25438529014843
5103,47.15384615384615,21.454230903685154,43.01639344262295,10.410416919382568,-19.629032258064516,8.347752007552968,-57.70967741935484,5.740032305108018,64.3076923076923,11.802115947083488,-76.53225806451613,6.551822553466507
5104,34.193548387096776,12.100171565935668,11.722222222222221,7.335647782920178,-56.083333333333336,15.030293484234507,-84.2,22.042232191862965,56.354838709677416,10.069271002529058,-102.7,10.440785411069418
5105,43.48,13.148748989922957,25.296296296296298,16.105703647661052,-21.17241379310345,19.426375539132255,-78.03448275862068,7.884873158932955,65.04,17.254518248852968,-96.79310344827586,8.623861485456091
5106,59.11764705882353,1.8906069035280229,28.61764705882353,9.815997464770135,-21.714285714285715,7.077414493893045,-85.71875,6.145294821039915,75.58823529411765,4.359692697338302,-104.0625,8.158345037444787
5107,42.34,12.292452969200248,17.942307692307693,6.735135946142271,-18.528301886792452,14.483046397960209,-49.132075471698116,24.452524456509412,62.16,14.22021096889916,-76.81132075471699,19.76947962569327
5108,59.2962962962963,11.556030379608334,24.142857142857142,12.766346064427937,-13.894736842105264,10.161302946095393,-73.4054054054054,1.324600081604632,79.33333333333333,5.120763831912405,-91.32432432432432,3.0936207602625188
5109,39.53846153846154,9.620613962619615,24.944444444444443,25.319013984272818,-10.384615384615385,0.737820234355803,-73.3076923076923,10.837148470988506,68.38461538461539,18.833433697870152,-99.76923076923077,3.092269421883351
5110,52.891304347826086,18.986526413622858,17.74468085106383,11.314588747063024,-10.212765957446809,1.183866190914345,-63.42553191489362,12.283434062860476,72.54347826086956,16.049795504235817,-88.87234042553192,15.653994149107142
5111,36.8,6.8527366796047255,12.097560975609756,3.9311444249969263,-18.7,8.025584090893322,-83.8,17.891618149289908,69.225,16.53706065176034,-105.3,8.78122998218359
5112,57.22727272727273,25.23333260550745,20.318181818181817,19.108271325733558,-14.090909090909092,12.456867733062282,-71.5909090909091,24.208674423755053,82.72727272727273,21.74058169787514,-102.76190476190476,18.05521890493758
5113,32.54838709677419,7.686765793640725,12.193548387096774,0.9973951505638908,-35.74193548387097,27.124524960235124,-62.357142857142854,22.256964055764474,48.61290322580645,9.51968222346713,-90.39285714285714,15.922444369313324
5114,41.206896551724135,5.485902373481268,12.870967741935484,3.6873098462409177,-9.444444444444445,0.5499719409228703,-74.52941176470588,1.913347760857717,64.82758620689656,12.401526506476703,-94.91176470588235,3.3375549967605607
5115,45.541666666666664,12.020743067252077,25.448275862068964,14.954151094541704,-10.0,2.243269503317898,-80.2258064516129,10.588215230575484,65.91666666666667,12.08275860702164,-104.6,2.511307760244981
5116,42.72727272727273,13.098167179841399,15.954545454545455,5.351102458434258,-10.11111111111111,0.7665861471404595,-50.8,11.731439241059329,67.31818181818181,14.938925249270971,-84.77777777777777,14.15923552375918
